FEDID,FED_CHANNEL,OLD_COARSE,OLD_FINE,OLD_DELAY,OFFSET,NEW_COARSE,NEW_FINE,NEW_DELAY,DIFF_FED
50,0,12,17,283,7,12,10,290,7
50,1,12,17,283,7,12,10,290,7
50,2,12,17,283,7,12,10,290,7
50,3,12,22,278,-3,11,0,275,-3
50,4,12,22,278,-3,11,0,275,-3
50,5,12,22,278,-3,11,0,275,-3
50,6,12,16,284,2,12,14,286,2
50,7,12,16,284,2,12,14,286,2
50,8,12,16,284,2,12,14,286,2
50,9,12,20,280,5,12,15,285,5
50,10,12,20,280,5,12,15,285,5
50,11,12,20,280,5,12,15,285,5
50,12,12,16,284,-8,12,24,276,-8
50,13,12,16,284,-8,12,24,276,-8
50,14,12,16,284,-8,12,24,276,-8
50,15,12,17,283,4,12,13,287,4
50,16,12,17,283,4,12,13,287,4
50,17,12,17,283,4,12,13,287,4
50,18,12,23,277,2,12,21,279,2
50,19,12,23,277,2,12,21,279,2
50,20,12,23,277,2,12,21,279,2
50,21,12,22,278,8,12,14,286,8
50,22,12,22,278,8,12,14,286,8
50,23,12,22,278,8,12,14,286,8
50,24,13,12,313,0,13,12,313,0
50,25,12,8,292,0,12,8,292,0
50,26,12,8,292,0,12,8,292,0
50,27,12,8,292,0,12,8,292,0
50,28,12,8,292,0,12,8,292,0
50,29,12,8,292,0,12,8,292,0
50,30,12,17,283,2,12,15,285,2
50,31,12,17,283,2,12,15,285,2
50,32,12,17,283,2,12,15,285,2
50,33,12,16,284,-1,12,17,283,-1
50,34,12,16,284,-1,12,17,283,-1
50,35,12,16,284,-1,12,17,283,-1
50,36,12,8,292,0,12,8,292,0
50,37,12,8,292,0,12,8,292,0
50,38,12,8,292,0,12,8,292,0
50,39,12,8,292,0,12,8,292,0
50,40,12,8,292,0,12,8,292,0
50,41,12,8,292,0,12,8,292,0
50,42,12,8,292,0,12,8,292,0
50,43,12,8,292,0,12,8,292,0
50,44,12,8,292,0,12,8,292,0
50,45,12,8,292,0,12,8,292,0
50,46,12,8,292,0,12,8,292,0
50,47,12,8,292,0,12,8,292,0
50,48,12,17,283,6,12,11,289,6
50,49,12,17,283,6,12,11,289,6
50,50,12,17,283,6,12,11,289,6
50,51,12,18,282,0,12,18,282,0
50,52,12,18,282,0,12,18,282,0
50,53,12,19,281,0,12,19,281,0
50,54,12,17,283,-10,11,2,273,-10
50,55,12,17,283,-10,11,2,273,-10
50,56,12,17,283,-10,11,2,273,-10
50,57,12,17,283,-5,12,22,278,-5
50,58,12,17,283,-5,12,22,278,-5
50,59,12,17,283,-5,12,22,278,-5
50,60,12,18,282,-3,12,21,279,-3
50,61,12,18,282,-3,12,21,279,-3
50,62,12,18,282,-3,12,21,279,-3
50,63,12,18,282,-2,12,20,280,-2
50,64,12,18,282,-2,12,20,280,-2
50,65,12,18,282,-2,12,20,280,-2
50,66,12,17,283,2,12,15,285,2
50,67,12,17,283,2,12,15,285,2
50,68,12,17,283,2,12,15,285,2
50,69,12,18,282,-8,11,1,274,-8
50,70,12,18,282,-8,11,1,274,-8
50,71,12,18,282,-8,11,1,274,-8
50,72,12,20,280,5,12,15,285,5
50,73,12,20,280,5,12,15,285,5
50,74,12,20,280,5,12,15,285,5
50,75,13,3,322,0,13,3,322,0
50,76,13,3,322,0,13,3,322,0
50,77,13,3,322,0,13,3,322,0
50,78,12,20,280,9,12,11,289,9
50,79,12,20,280,9,12,11,289,9
50,80,12,20,280,9,12,11,289,9
50,81,12,17,283,-6,12,23,277,-6
50,82,12,17,283,-6,12,23,277,-6
50,83,12,17,283,-6,12,23,277,-6
50,84,12,19,281,-4,12,23,277,-4
50,85,12,19,281,-4,12,23,277,-4
50,86,12,19,281,-4,12,23,277,-4
50,87,12,19,281,-3,12,22,278,-3
50,88,12,19,281,-3,12,22,278,-3
50,89,12,19,281,-3,12,22,278,-3
50,90,11,0,275,7,12,18,282,7
50,91,11,0,275,7,12,18,282,7
50,92,11,0,275,7,12,18,282,7
50,93,11,0,275,6,12,19,281,6
50,94,11,0,275,6,12,19,281,6
50,95,11,0,275,6,12,19,281,6
51,0,12,17,283,-9,11,1,274,-9
51,1,12,17,283,-9,11,1,274,-9
51,2,12,17,283,-9,11,1,274,-9
51,3,12,19,281,5,12,14,286,5
51,4,12,19,281,5,12,14,286,5
51,5,12,19,281,5,12,14,286,5
51,6,12,18,282,5,12,13,287,5
51,7,12,18,282,5,12,13,287,5
51,8,12,18,282,5,12,13,287,5
51,9,12,17,283,7,12,10,290,7
51,10,12,17,283,7,12,10,290,7
51,11,12,17,283,7,12,10,290,7
51,12,15,23,352,0,15,23,352,0
51,13,15,23,352,0,15,23,352,0
51,14,15,23,352,0,15,23,352,0
51,15,15,23,352,0,15,23,352,0
51,16,15,23,352,0,15,23,352,0
51,17,15,23,352,0,15,23,352,0
51,18,15,23,352,0,15,23,352,0
51,19,15,23,352,0,15,23,352,0
51,20,15,23,352,0,15,23,352,0
51,21,15,23,352,0,15,23,352,0
51,22,15,23,352,0,15,23,352,0
51,23,15,23,352,0,15,23,352,0
51,24,15,23,352,0,15,23,352,0
51,25,15,23,352,0,15,23,352,0
51,26,15,23,352,0,15,23,352,0
51,27,15,23,352,0,15,23,352,0
51,28,15,23,352,0,15,23,352,0
51,29,15,23,352,0,15,23,352,0
51,30,15,23,352,0,15,23,352,0
51,31,15,23,352,0,15,23,352,0
51,32,15,23,352,0,15,23,352,0
51,33,15,23,352,0,15,23,352,0
51,34,15,23,352,0,15,23,352,0
51,35,15,23,352,0,15,23,352,0
51,36,12,17,283,5,12,12,288,5
51,37,12,17,283,5,12,12,288,5
51,38,12,17,283,5,12,12,288,5
51,39,12,17,283,-1,12,18,282,-1
51,40,12,17,283,-1,12,18,282,-1
51,41,12,17,283,-1,12,18,282,-1
51,42,12,19,281,4,12,15,285,4
51,43,12,19,281,4,12,15,285,4
51,44,12,19,281,4,12,15,285,4
51,45,12,19,281,10,12,9,291,10
51,46,12,19,281,10,12,9,291,10
51,47,12,19,281,10,12,9,291,10
51,48,12,17,283,1,12,16,284,1
51,49,12,17,283,1,12,16,284,1
51,50,12,17,283,1,12,16,284,1
51,51,12,21,279,7,12,14,286,7
51,52,12,21,279,7,12,14,286,7
51,53,12,21,279,7,12,14,286,7
51,54,12,18,282,-2,12,20,280,-2
51,55,12,18,282,-2,12,20,280,-2
51,56,12,18,282,-2,12,20,280,-2
51,57,12,20,280,10,12,10,290,10
51,58,12,20,280,10,12,10,290,10
51,59,12,20,280,10,12,10,290,10
51,60,12,17,283,-9,11,1,274,-9
51,61,12,17,283,-9,11,1,274,-9
51,62,12,17,283,-9,11,1,274,-9
51,63,12,20,280,3,12,17,283,3
51,64,12,20,280,3,12,17,283,3
51,65,12,20,280,3,12,17,283,3
51,66,12,18,282,8,12,10,290,8
51,67,12,18,282,8,12,10,290,8
51,68,12,18,282,8,12,10,290,8
51,69,12,18,282,1,12,17,283,1
51,70,12,18,282,1,12,17,283,1
51,71,12,18,282,1,12,17,283,1
51,72,12,19,281,-7,11,1,274,-7
51,73,12,19,281,-7,11,1,274,-7
51,74,12,19,281,-7,11,1,274,-7
51,75,12,18,282,-6,12,24,276,-6
51,76,12,18,282,-6,12,24,276,-6
51,77,12,18,282,-6,12,24,276,-6
51,78,12,19,281,-1,12,20,280,-1
51,79,12,19,281,-1,12,20,280,-1
51,80,12,19,281,-1,12,20,280,-1
51,81,12,19,281,6,12,13,287,6
51,82,12,19,281,6,12,13,287,6
51,83,12,19,281,6,12,13,287,6
51,84,12,18,282,8,12,10,290,8
51,85,12,18,282,8,12,10,290,8
51,86,12,18,282,8,12,10,290,8
51,87,12,18,282,-10,11,3,272,-10
51,88,12,18,282,-10,11,3,272,-10
51,89,12,18,282,-10,11,3,272,-10
51,90,12,20,280,3,12,17,283,3
51,91,12,20,280,3,12,17,283,3
51,92,12,20,280,3,12,17,283,3
51,93,12,19,281,1,12,18,282,1
51,94,12,19,281,1,12,18,282,1
51,95,12,19,281,1,12,18,282,1
52,0,12,14,286,-8,12,22,278,-8
52,1,12,14,286,-8,12,22,278,-8
52,2,12,14,286,-8,12,22,278,-8
52,3,12,16,284,5,12,11,289,5
52,4,12,16,284,5,12,11,289,5
52,5,12,16,284,5,12,11,289,5
52,6,12,15,285,-1,12,16,284,-1
52,7,12,15,285,-1,12,16,284,-1
52,8,12,15,285,-1,12,16,284,-1
52,9,12,16,284,5,12,11,289,5
52,10,12,16,284,5,12,11,289,5
52,11,12,16,284,5,12,11,289,5
52,12,12,15,285,6,12,9,291,6
52,13,12,15,285,6,12,9,291,6
52,14,12,15,285,6,12,9,291,6
52,15,12,15,285,-6,12,21,279,-6
52,16,12,15,285,-6,12,21,279,-6
52,17,12,15,285,-6,12,21,279,-6
52,18,12,14,286,2,12,12,288,2
52,19,12,14,286,2,12,12,288,2
52,20,12,14,286,2,12,12,288,2
52,21,12,17,283,6,12,11,289,6
52,22,12,17,283,6,12,11,289,6
52,23,12,17,283,6,12,11,289,6
52,24,12,14,286,4,12,10,290,4
52,25,12,14,286,4,12,10,290,4
52,26,12,14,286,4,12,10,290,4
52,27,12,15,285,-8,12,23,277,-8
52,28,12,15,285,-8,12,23,277,-8
52,29,12,15,285,-8,12,23,277,-8
52,30,12,17,283,5,12,12,288,5
52,31,12,17,283,5,12,12,288,5
52,32,12,17,283,5,12,12,288,5
52,33,12,13,287,-3,12,16,284,-3
52,34,12,13,287,-3,12,16,284,-3
52,35,12,13,287,-3,12,16,284,-3
52,36,12,16,284,-10,11,1,274,-10
52,37,12,16,284,-10,11,1,274,-10
52,38,12,16,284,-10,11,1,274,-10
52,39,12,13,287,7,12,6,294,7
52,40,12,13,287,7,12,6,294,7
52,41,12,13,287,7,12,6,294,7
52,42,12,16,284,-5,12,21,279,-5
52,43,12,16,284,-5,12,21,279,-5
52,44,12,16,284,-5,12,21,279,-5
52,45,12,15,285,0,12,15,285,0
52,46,12,15,285,0,12,15,285,0
52,47,12,15,285,0,12,15,285,0
52,48,12,15,285,2,12,13,287,2
52,49,12,15,285,2,12,13,287,2
52,50,12,15,285,2,12,13,287,2
52,51,12,16,284,-3,12,19,281,-3
52,52,12,16,284,-3,12,19,281,-3
52,53,12,16,284,-3,12,19,281,-3
52,54,12,17,283,-4,12,21,279,-4
52,55,12,17,283,-4,12,21,279,-4
52,56,12,17,283,-4,12,21,279,-4
52,57,12,18,282,-2,12,20,280,-2
52,58,12,18,282,-2,12,20,280,-2
52,59,12,18,282,-2,12,20,280,-2
52,60,12,17,283,-5,12,22,278,-5
52,61,12,17,283,-5,12,22,278,-5
52,62,12,17,283,-5,12,22,278,-5
52,63,12,15,285,8,12,7,293,8
52,64,12,15,285,8,12,7,293,8
52,65,12,15,285,8,12,7,293,8
52,66,12,17,283,-8,11,0,275,-8
52,67,12,17,283,-8,11,0,275,-8
52,68,12,17,283,-8,11,0,275,-8
52,69,12,18,282,-3,12,21,279,-3
52,70,12,18,282,-3,12,21,279,-3
52,71,12,18,282,-3,12,21,279,-3
52,72,12,14,286,-4,12,18,282,-4
52,73,12,14,286,-4,12,18,282,-4
52,74,12,14,286,-4,12,18,282,-4
52,75,12,15,285,-1,12,16,284,-1
52,76,12,15,285,-1,12,16,284,-1
52,77,12,15,285,-1,12,16,284,-1
52,78,12,17,283,-5,12,22,278,-5
52,79,12,17,283,-5,12,22,278,-5
52,80,12,17,283,-5,12,22,278,-5
52,81,12,15,285,9,12,6,294,9
52,82,12,15,285,9,12,6,294,9
52,83,12,15,285,9,12,6,294,9
52,84,13,3,322,0,13,3,322,0
52,85,13,3,322,0,13,3,322,0
52,86,13,3,322,0,13,3,322,0
52,87,13,3,322,0,13,3,322,0
52,88,13,3,322,0,13,3,322,0
52,89,13,3,322,0,13,3,322,0
52,90,12,17,283,9,12,8,292,9
52,91,12,17,283,9,12,8,292,9
52,92,12,17,283,9,12,8,292,9
52,93,12,17,283,0,12,17,283,0
52,94,12,17,283,0,12,17,283,0
52,95,12,17,283,0,12,17,283,0
53,0,12,12,288,4,12,8,292,4
53,1,12,12,288,4,12,8,292,4
53,2,12,12,288,4,12,8,292,4
53,3,12,14,286,8,12,6,294,8
53,4,12,14,286,8,12,6,294,8
53,5,12,14,286,8,12,6,294,8
53,6,12,15,285,3,12,12,288,3
53,7,12,15,285,3,12,12,288,3
53,8,12,15,285,3,12,12,288,3
53,9,12,12,288,-7,12,19,281,-7
53,10,12,12,288,-7,12,19,281,-7
53,11,12,12,288,-7,12,19,281,-7
53,12,12,13,287,-1,12,14,286,-1
53,13,12,13,287,-1,12,14,286,-1
53,14,12,13,287,-1,12,14,286,-1
53,15,12,14,286,-1,12,15,285,-1
53,16,12,14,286,-1,12,15,285,-1
53,17,12,14,286,-1,12,15,285,-1
53,18,12,14,286,1,12,13,287,1
53,19,12,14,286,1,12,13,287,1
53,20,12,14,286,1,12,13,287,1
53,21,12,14,286,2,12,12,288,2
53,22,12,14,286,2,12,12,288,2
53,23,12,14,286,2,12,12,288,2
53,24,12,13,287,7,12,6,294,7
53,25,12,13,287,7,12,6,294,7
53,26,12,13,287,7,12,6,294,7
53,27,12,13,287,0,12,13,287,0
53,28,12,13,287,0,12,13,287,0
53,29,12,13,287,0,12,13,287,0
53,30,12,14,286,1,12,13,287,1
53,31,12,14,286,1,12,13,287,1
53,32,12,14,286,1,12,13,287,1
53,33,12,13,287,6,12,7,293,6
53,34,12,13,287,6,12,7,293,6
53,35,12,13,287,6,12,7,293,6
53,36,12,17,283,1,12,16,284,1
53,37,12,17,283,1,12,16,284,1
53,38,12,17,283,1,12,16,284,1
53,39,12,14,286,-2,12,16,284,-2
53,40,12,14,286,-2,12,16,284,-2
53,41,12,14,286,-2,12,16,284,-2
53,42,12,17,283,-2,12,19,281,-2
53,43,12,17,283,-2,12,19,281,-2
53,44,12,17,283,-2,12,19,281,-2
53,45,12,16,284,8,12,8,292,8
53,46,12,16,284,8,12,8,292,8
53,47,12,16,284,8,12,8,292,8
53,48,12,13,287,4,12,9,291,4
53,49,12,13,287,4,12,9,291,4
53,50,12,13,287,4,12,9,291,4
53,51,12,15,285,-3,12,18,282,-3
53,52,12,15,285,-3,12,18,282,-3
53,53,12,15,285,-3,12,18,282,-3
53,54,12,17,283,-3,12,20,280,-3
53,55,12,17,283,-3,12,20,280,-3
53,56,12,17,283,-3,12,20,280,-3
53,57,12,16,284,-8,12,24,276,-8
53,58,12,16,284,-8,12,24,276,-8
53,59,12,16,284,-8,12,24,276,-8
53,60,12,15,285,6,12,9,291,6
53,61,12,15,285,6,12,9,291,6
53,62,12,15,285,6,12,9,291,6
53,63,12,15,285,8,12,7,293,8
53,64,12,15,285,8,12,7,293,8
53,65,12,15,285,8,12,7,293,8
53,66,12,16,284,8,12,8,292,8
53,67,12,16,284,8,12,8,292,8
53,68,12,16,284,8,12,8,292,8
53,69,12,17,283,5,12,12,288,5
53,70,12,17,283,5,12,12,288,5
53,71,12,17,283,5,12,12,288,5
53,72,12,15,285,8,12,7,293,8
53,73,12,15,285,8,12,7,293,8
53,74,12,15,285,8,12,7,293,8
53,75,12,14,286,-5,12,19,281,-5
53,76,12,14,286,-5,12,19,281,-5
53,77,12,14,286,-5,12,19,281,-5
53,78,12,16,284,8,12,8,292,8
53,79,12,16,284,8,12,8,292,8
53,80,12,16,284,8,12,8,292,8
53,81,12,15,285,3,12,12,288,3
53,82,12,15,285,3,12,12,288,3
53,83,12,15,285,3,12,12,288,3
53,84,12,14,286,-6,12,20,280,-6
53,85,12,14,286,-6,12,20,280,-6
53,86,12,14,286,-6,12,20,280,-6
53,87,12,14,286,0,12,14,286,0
53,88,12,14,286,0,12,14,286,0
53,89,12,14,286,0,12,14,286,0
53,90,13,3,322,0,13,3,322,0
53,91,13,3,322,0,13,3,322,0
53,92,13,3,322,0,13,3,322,0
53,93,13,3,322,0,13,3,322,0
53,94,13,3,322,0,13,3,322,0
53,95,13,3,322,0,13,3,322,0
54,0,11,17,258,3,11,14,261,3
54,1,11,17,258,3,11,14,261,3
54,2,11,17,258,3,11,14,261,3
54,3,11,16,259,-5,11,21,254,-5
54,4,11,16,259,-5,11,21,254,-5
54,5,11,15,260,-5,11,20,255,-5
54,6,11,15,260,-6,11,21,254,-6
54,7,11,15,260,-6,11,21,254,-6
54,8,11,15,260,-6,11,21,254,-6
54,9,11,15,260,10,11,5,270,10
54,10,11,15,260,10,11,5,270,10
54,11,11,15,260,10,11,5,270,10
54,12,14,23,327,0,14,23,327,0
54,13,14,23,327,0,14,23,327,0
54,14,14,23,327,0,14,23,327,0
54,15,14,23,327,0,14,23,327,0
54,16,14,23,327,0,14,23,327,0
54,17,14,23,327,0,14,23,327,0
54,18,14,23,327,0,14,23,327,0
54,19,14,23,327,0,14,23,327,0
54,20,14,23,327,0,14,23,327,0
54,21,14,23,327,0,14,23,327,0
54,22,14,23,327,0,14,23,327,0
54,23,14,23,327,0,14,23,327,0
54,24,14,23,327,0,14,23,327,0
54,25,14,23,327,0,14,23,327,0
54,26,14,23,327,0,14,23,327,0
54,27,14,23,327,0,14,23,327,0
54,28,14,23,327,0,14,23,327,0
54,29,14,23,327,0,14,23,327,0
54,30,14,23,327,0,14,23,327,0
54,31,14,23,327,0,14,23,327,0
54,32,14,23,327,0,14,23,327,0
54,33,14,23,327,0,14,23,327,0
54,34,14,23,327,0,14,23,327,0
54,35,14,23,327,0,14,23,327,0
54,36,11,18,257,-9,10,2,248,-9
54,37,11,18,257,-9,10,2,248,-9
54,38,11,18,257,-9,10,2,248,-9
54,39,11,18,257,-2,11,20,255,-2
54,40,11,18,257,-2,11,20,255,-2
54,41,11,18,257,-2,11,20,255,-2
54,42,11,17,258,3,11,14,261,3
54,43,11,17,258,3,11,14,261,3
54,44,11,17,258,3,11,14,261,3
54,45,11,18,257,-10,10,3,247,-10
54,46,11,18,257,-10,10,3,247,-10
54,47,11,18,257,-10,10,3,247,-10
54,48,11,18,257,-4,11,22,253,-4
54,49,11,18,257,-4,11,22,253,-4
54,50,11,18,257,-4,11,22,253,-4
54,51,11,16,259,-9,10,0,250,-9
54,52,11,16,259,-9,10,0,250,-9
54,53,11,16,259,-9,10,0,250,-9
54,54,11,19,256,-10,10,4,246,-10
54,55,11,19,256,-10,10,4,246,-10
54,56,11,19,256,-10,10,4,246,-10
54,57,11,19,256,-4,11,23,252,-4
54,58,11,19,256,-4,11,23,252,-4
54,59,11,19,256,-4,11,23,252,-4
54,60,11,16,259,5,11,11,264,5
54,61,11,16,259,5,11,11,264,5
54,62,11,16,259,5,11,11,264,5
54,63,11,17,258,4,11,13,262,4
54,64,11,17,258,4,11,13,262,4
54,65,11,17,258,4,11,13,262,4
54,66,11,17,258,2,11,15,260,2
54,67,11,17,258,2,11,15,260,2
54,68,11,17,258,2,11,15,260,2
54,69,11,18,257,-4,11,22,253,-4
54,70,11,18,257,-4,11,22,253,-4
54,71,11,18,257,-4,11,22,253,-4
54,72,11,16,259,2,11,14,261,2
54,73,11,16,259,2,11,14,261,2
54,74,11,16,259,2,11,14,261,2
54,75,11,19,256,-2,11,21,254,-2
54,76,11,19,256,-2,11,21,254,-2
54,77,11,19,256,-2,11,21,254,-2
54,78,11,18,257,1,11,17,258,1
54,79,11,18,257,1,11,17,258,1
54,80,11,18,257,1,11,17,258,1
54,81,11,19,256,4,11,15,260,4
54,82,11,19,256,4,11,15,260,4
54,83,11,19,256,4,11,15,260,4
54,84,11,18,257,-3,11,21,254,-3
54,85,11,18,257,-3,11,21,254,-3
54,86,11,18,257,-3,11,21,254,-3
54,87,11,16,259,-4,11,20,255,-4
54,88,11,16,259,-4,11,20,255,-4
54,89,11,16,259,-4,11,20,255,-4
54,90,11,17,258,1,11,16,259,1
54,91,11,17,258,1,11,16,259,1
54,92,11,17,258,1,11,16,259,1
54,93,11,19,256,-4,11,23,252,-4
54,94,11,19,256,-4,11,23,252,-4
54,95,11,19,256,-4,11,23,252,-4
55,0,11,13,262,-5,11,18,257,-5
55,1,11,13,262,-5,11,18,257,-5
55,2,11,13,262,-5,11,18,257,-5
55,3,11,13,262,-5,11,18,257,-5
55,4,11,13,262,-5,11,18,257,-5
55,5,11,13,262,-5,11,18,257,-5
55,6,11,14,261,4,11,10,265,4
55,7,11,14,261,4,11,10,265,4
55,8,11,14,261,4,11,10,265,4
55,9,11,13,262,-9,11,22,253,-9
55,10,11,13,262,-9,11,22,253,-9
55,11,11,13,262,-9,11,22,253,-9
55,12,12,2,298,0,12,2,298,0
55,13,12,2,298,0,12,2,298,0
55,14,12,2,298,0,12,2,298,0
55,15,12,2,298,0,12,2,298,0
55,16,12,2,298,0,12,2,298,0
55,17,12,2,298,0,12,2,298,0
55,18,11,16,259,9,11,7,268,9
55,19,11,16,259,9,11,7,268,9
55,20,11,16,259,9,11,7,268,9
55,21,11,14,261,7,11,7,268,7
55,22,11,14,261,7,11,7,268,7
55,23,11,14,261,7,11,7,268,7
55,24,11,14,261,6,11,8,267,6
55,25,11,14,261,6,11,8,267,6
55,26,11,14,261,6,11,8,267,6
55,27,11,16,259,-9,10,0,250,-9
55,28,11,16,259,-9,10,0,250,-9
55,29,11,16,259,-9,10,0,250,-9
55,30,11,14,261,3,11,11,264,3
55,31,11,14,261,3,11,11,264,3
55,32,11,14,261,3,11,11,264,3
55,33,11,14,261,-8,11,22,253,-8
55,34,11,14,261,-8,11,22,253,-8
55,35,11,14,261,-8,11,22,253,-8
55,36,11,16,259,5,11,11,264,5
55,37,11,16,259,5,11,11,264,5
55,38,11,16,259,5,11,11,264,5
55,39,11,14,261,5,11,9,266,5
55,40,11,14,261,5,11,9,266,5
55,41,11,14,261,5,11,9,266,5
55,42,11,16,259,5,11,11,264,5
55,43,11,16,259,5,11,11,264,5
55,44,11,16,259,5,11,11,264,5
55,45,11,16,259,-5,11,21,254,-5
55,46,11,16,259,-5,11,21,254,-5
55,47,11,16,259,-5,11,21,254,-5
55,48,11,16,259,6,11,10,265,6
55,49,11,16,259,6,11,10,265,6
55,50,11,16,259,6,11,10,265,6
55,51,11,15,260,6,11,9,266,6
55,52,11,15,260,6,11,9,266,6
55,53,11,15,260,6,11,9,266,6
55,54,11,18,257,-6,11,24,251,-6
55,55,11,18,257,-6,11,24,251,-6
55,56,11,18,257,-6,11,24,251,-6
55,57,11,17,258,-4,11,21,254,-4
55,58,11,17,258,-4,11,21,254,-4
55,59,11,17,258,-4,11,21,254,-4
55,60,11,16,259,-6,11,22,253,-6
55,61,11,16,259,-6,11,22,253,-6
55,62,11,16,259,-6,11,22,253,-6
55,63,11,16,259,8,11,8,267,8
55,64,11,16,259,8,11,8,267,8
55,65,11,16,259,8,11,8,267,8
55,66,11,16,259,-6,11,22,253,-6
55,67,11,16,259,-6,11,22,253,-6
55,68,11,16,259,-6,11,22,253,-6
55,69,11,14,261,-2,11,16,259,-2
55,70,11,14,261,-2,11,16,259,-2
55,71,11,14,261,-2,11,16,259,-2
55,72,11,12,263,-2,11,14,261,-2
55,73,11,12,263,-2,11,14,261,-2
55,74,11,13,262,-2,11,15,260,-2
55,75,11,14,261,7,11,7,268,7
55,76,11,14,261,7,11,7,268,7
55,77,11,14,261,7,11,7,268,7
55,78,11,18,257,-3,11,21,254,-3
55,79,11,18,257,-3,11,21,254,-3
55,80,11,18,257,-3,11,21,254,-3
55,81,11,15,260,5,11,10,265,5
55,82,11,16,259,5,11,11,264,5
55,83,11,15,260,5,11,10,265,5
55,84,11,14,261,4,11,10,265,4
55,85,11,14,261,4,11,10,265,4
55,86,11,14,261,4,11,10,265,4
55,87,11,13,262,-9,11,22,253,-9
55,88,11,13,262,-9,11,22,253,-9
55,89,11,13,262,-9,11,22,253,-9
55,90,11,15,260,6,11,9,266,6
55,91,11,15,260,6,11,9,266,6
55,92,11,15,260,6,11,9,266,6
55,93,11,14,261,5,11,9,266,5
55,94,11,14,261,5,11,9,266,5
55,95,11,14,261,5,11,9,266,5
56,0,10,13,237,8,10,5,245,8
56,1,10,14,236,8,10,6,244,8
56,2,10,13,237,8,10,5,245,8
56,3,10,14,236,-4,10,18,232,-4
56,4,10,14,236,-4,10,18,232,-4
56,5,10,14,236,-4,10,18,232,-4
56,6,10,15,235,5,10,10,240,5
56,7,10,15,235,5,10,10,240,5
56,8,10,14,236,5,10,9,241,5
56,9,10,14,236,9,10,5,245,9
56,10,10,14,236,9,10,5,245,9
56,11,10,14,236,9,10,5,245,9
56,12,10,11,239,-10,10,21,229,-10
56,13,10,11,239,-10,10,21,229,-10
56,14,10,11,239,-10,10,21,229,-10
56,15,10,13,237,-9,10,22,228,-9
56,16,10,13,237,-9,10,22,228,-9
56,17,10,13,237,-9,10,22,228,-9
56,18,10,15,235,-8,10,23,227,-8
56,19,10,15,235,-8,10,23,227,-8
56,20,10,15,235,-8,10,23,227,-8
56,21,10,14,236,-1,10,15,235,-1
56,22,10,14,236,-1,10,15,235,-1
56,23,10,14,236,-1,10,15,235,-1
56,24,11,1,274,0,11,1,274,0
56,25,11,1,274,0,11,1,274,0
56,26,11,1,274,0,11,1,274,0
56,27,11,1,274,0,11,1,274,0
56,28,11,1,274,0,11,1,274,0
56,29,11,1,274,0,11,1,274,0
56,30,10,16,234,-6,10,22,228,-6
56,31,10,16,234,-6,10,22,228,-6
56,32,10,16,234,-6,10,22,228,-6
56,33,10,15,235,-3,10,18,232,-3
56,34,10,15,235,-3,10,18,232,-3
56,35,10,15,235,-3,10,18,232,-3
56,36,10,13,237,4,10,9,241,4
56,37,10,13,237,4,10,9,241,4
56,38,10,13,237,4,10,9,241,4
56,39,10,13,237,6,10,7,243,6
56,40,10,13,237,6,10,7,243,6
56,41,10,13,237,6,10,7,243,6
56,42,10,16,234,7,10,9,241,7
56,43,10,16,234,7,10,9,241,7
56,44,10,16,234,7,10,9,241,7
56,45,10,15,235,2,10,13,237,2
56,46,10,15,235,2,10,13,237,2
56,47,10,15,235,2,10,13,237,2
56,48,10,13,237,-9,10,22,228,-9
56,49,10,14,236,-9,10,23,227,-9
56,50,10,14,236,-9,10,23,227,-9
56,51,10,15,235,-10,9,0,225,-10
56,52,10,15,235,-10,9,0,225,-10
56,53,10,15,235,-10,9,0,225,-10
56,54,10,16,234,-10,9,1,224,-10
56,55,10,16,234,-10,9,1,224,-10
56,56,10,16,234,-10,9,1,224,-10
56,57,10,16,234,-6,10,22,228,-6
56,58,10,16,234,-6,10,22,228,-6
56,59,10,16,234,-6,10,22,228,-6
56,60,10,15,235,-1,10,16,234,-1
56,61,10,15,235,-1,10,16,234,-1
56,62,10,15,235,-1,10,16,234,-1
56,63,10,15,235,5,10,10,240,5
56,64,10,15,235,5,10,10,240,5
56,65,10,15,235,5,10,10,240,5
56,66,10,17,233,-10,9,2,223,-10
56,67,10,17,233,-10,9,2,223,-10
56,68,10,17,233,-10,9,2,223,-10
56,69,10,16,234,5,10,11,239,5
56,70,10,16,234,5,10,11,239,5
56,71,10,16,234,5,10,11,239,5
56,72,10,15,235,-5,10,20,230,-5
56,73,10,15,235,-5,10,20,230,-5
56,74,10,15,235,-5,10,20,230,-5
56,75,10,14,236,-7,10,21,229,-7
56,76,10,14,236,-7,10,21,229,-7
56,77,10,14,236,-7,10,21,229,-7
56,78,10,18,232,-3,10,21,229,-3
56,79,10,18,232,-3,10,21,229,-3
56,80,10,18,232,-3,10,21,229,-3
56,81,10,17,233,5,10,12,238,5
56,82,10,17,233,5,10,12,238,5
56,83,10,17,233,5,10,12,238,5
56,84,10,14,236,0,10,14,236,0
56,85,10,14,236,0,10,14,236,0
56,86,10,14,236,0,10,14,236,0
56,87,10,12,238,-4,10,16,234,-4
56,88,10,12,238,-4,10,16,234,-4
56,89,10,12,238,-4,10,16,234,-4
56,90,10,15,235,5,10,10,240,5
56,91,10,15,235,5,10,10,240,5
56,92,10,15,235,5,10,10,240,5
56,93,10,14,236,-2,10,16,234,-2
56,94,10,14,236,-2,10,16,234,-2
56,95,10,14,236,-2,10,16,234,-2
57,0,11,13,262,0,11,13,262,0
57,1,11,13,262,0,11,13,262,0
57,2,11,13,262,0,11,13,262,0
57,3,11,15,260,2,11,13,262,2
57,4,11,15,260,2,11,13,262,2
57,5,11,15,260,2,11,13,262,2
57,6,11,16,259,0,11,16,259,0
57,7,11,16,259,0,11,16,259,0
57,8,11,16,259,0,11,16,259,0
57,9,11,15,260,-7,11,22,253,-7
57,10,11,15,260,-7,11,22,253,-7
57,11,11,15,260,-7,11,22,253,-7
57,12,14,23,327,0,14,23,327,0
57,13,14,23,327,0,14,23,327,0
57,14,14,23,327,0,14,23,327,0
57,15,14,23,327,0,14,23,327,0
57,16,14,23,327,0,14,23,327,0
57,17,14,23,327,0,14,23,327,0
57,18,14,23,327,0,14,23,327,0
57,19,14,23,327,0,14,23,327,0
57,20,14,23,327,0,14,23,327,0
57,21,14,23,327,0,14,23,327,0
57,22,14,23,327,0,14,23,327,0
57,23,14,23,327,0,14,23,327,0
57,24,14,23,327,0,14,23,327,0
57,25,14,23,327,0,14,23,327,0
57,26,14,23,327,0,14,23,327,0
57,27,14,23,327,0,14,23,327,0
57,28,14,23,327,0,14,23,327,0
57,29,14,23,327,0,14,23,327,0
57,30,14,23,327,0,14,23,327,0
57,31,14,23,327,0,14,23,327,0
57,32,14,23,327,0,14,23,327,0
57,33,14,23,327,0,14,23,327,0
57,34,14,23,327,0,14,23,327,0
57,35,14,23,327,0,14,23,327,0
57,36,11,16,259,3,11,13,262,3
57,37,11,16,259,3,11,13,262,3
57,38,11,16,259,3,11,13,262,3
57,39,11,16,259,10,11,6,269,10
57,40,11,16,259,10,11,6,269,10
57,41,11,16,259,10,11,6,269,10
57,42,11,17,258,1,11,16,259,1
57,43,11,17,258,1,11,16,259,1
57,44,11,17,258,1,11,16,259,1
57,45,11,17,258,2,11,15,260,2
57,46,11,17,258,2,11,15,260,2
57,47,11,16,259,2,11,14,261,2
57,48,11,13,262,-9,11,22,253,-9
57,49,11,13,262,-9,11,22,253,-9
57,50,11,13,262,-9,11,22,253,-9
57,51,11,14,261,-1,11,15,260,-1
57,52,11,14,261,-1,11,15,260,-1
57,53,11,14,261,-1,11,15,260,-1
57,54,11,15,260,-7,11,22,253,-7
57,55,11,15,260,-7,11,22,253,-7
57,56,11,15,260,-7,11,22,253,-7
57,57,11,15,260,-1,11,16,259,-1
57,58,11,15,260,-1,11,16,259,-1
57,59,11,15,260,-1,11,16,259,-1
57,60,11,17,258,4,11,13,262,4
57,61,11,17,258,4,11,13,262,4
57,62,11,17,258,4,11,13,262,4
57,63,11,14,261,10,11,4,271,10
57,64,11,14,261,10,11,4,271,10
57,65,11,14,261,10,11,4,271,10
57,66,11,16,259,-9,10,0,250,-9
57,67,11,16,259,-9,10,0,250,-9
57,68,11,16,259,-9,10,0,250,-9
57,69,11,17,258,4,11,13,262,4
57,70,11,17,258,4,11,13,262,4
57,71,11,17,258,4,11,13,262,4
57,72,11,15,260,5,11,10,265,5
57,73,11,15,260,5,11,10,265,5
57,74,11,15,260,5,11,10,265,5
57,75,11,15,260,10,11,5,270,10
57,76,11,15,260,10,11,5,270,10
57,77,11,15,260,10,11,5,270,10
57,78,11,16,259,-3,11,19,256,-3
57,79,11,16,259,-3,11,19,256,-3
57,80,11,16,259,-3,11,19,256,-3
57,81,11,15,260,8,11,7,268,8
57,82,11,15,260,8,11,7,268,8
57,83,11,15,260,8,11,7,268,8
57,84,11,15,260,3,11,12,263,3
57,85,11,15,260,3,11,12,263,3
57,86,11,15,260,3,11,12,263,3
57,87,11,14,261,7,11,7,268,7
57,88,11,14,261,7,11,7,268,7
57,89,11,14,261,7,11,7,268,7
57,90,11,17,258,-3,11,20,255,-3
57,91,11,17,258,-3,11,20,255,-3
57,92,11,17,258,-3,11,20,255,-3
57,93,11,16,259,4,11,12,263,4
57,94,11,16,259,4,11,12,263,4
57,95,11,16,259,4,11,12,263,4
58,0,12,1,299,0,12,1,299,0
58,1,12,1,299,0,12,1,299,0
58,2,12,1,299,0,12,1,299,0
58,3,12,1,299,0,12,1,299,0
58,4,12,1,299,0,12,1,299,0
58,5,12,1,299,0,12,1,299,0
58,6,11,18,257,7,11,11,264,7
58,7,11,18,257,7,11,11,264,7
58,8,11,18,257,7,11,11,264,7
58,9,11,16,259,-2,11,18,257,-2
58,10,11,16,259,-2,11,18,257,-2
58,11,11,16,259,-2,11,18,257,-2
58,12,11,16,259,8,11,8,267,8
58,13,11,16,259,8,11,8,267,8
58,14,11,16,259,8,11,8,267,8
58,15,11,15,260,-10,10,0,250,-10
58,16,11,15,260,-10,10,0,250,-10
58,17,11,15,260,-10,10,0,250,-10
58,18,11,16,259,-1,11,17,258,-1
58,19,11,16,259,-1,11,17,258,-1
58,20,11,16,259,-1,11,17,258,-1
58,21,11,15,260,8,11,7,268,8
58,22,11,15,260,8,11,7,268,8
58,23,11,15,260,8,11,7,268,8
58,24,11,16,259,-9,10,0,250,-9
58,25,11,16,259,-9,10,0,250,-9
58,26,11,16,259,-9,10,0,250,-9
58,27,11,18,257,5,11,13,262,5
58,28,11,18,257,5,11,13,262,5
58,29,11,18,257,5,11,13,262,5
58,30,11,20,255,-4,11,24,251,-4
58,31,11,20,255,-4,11,24,251,-4
58,32,11,20,255,-4,11,24,251,-4
58,33,11,16,259,2,11,14,261,2
58,34,11,16,259,2,11,14,261,2
58,35,11,16,259,2,11,14,261,2
58,36,11,18,257,1,11,17,258,1
58,37,11,17,258,1,11,16,259,1
58,38,11,17,258,1,11,16,259,1
58,39,11,16,259,2,11,14,261,2
58,40,11,17,258,2,11,15,260,2
58,41,11,17,258,2,11,15,260,2
58,42,11,19,256,6,11,13,262,6
58,43,11,18,257,6,11,12,263,6
58,44,11,19,256,6,11,13,262,6
58,45,11,17,258,1,11,16,259,1
58,46,11,18,257,1,11,17,258,1
58,47,11,18,257,1,11,17,258,1
58,48,11,18,257,0,11,18,257,0
58,49,11,18,257,0,11,18,257,0
58,50,11,18,257,0,11,18,257,0
58,51,11,17,258,3,11,14,261,3
58,52,11,17,258,3,11,14,261,3
58,53,11,17,258,3,11,14,261,3
58,54,11,18,257,0,11,18,257,0
58,55,11,18,257,0,11,18,257,0
58,56,11,18,257,0,11,18,257,0
58,57,11,17,258,8,11,9,266,8
58,58,11,17,258,8,11,9,266,8
58,59,11,17,258,8,11,9,266,8
58,60,11,17,258,-6,11,23,252,-6
58,61,11,17,258,-6,11,23,252,-6
58,62,11,17,258,-6,11,23,252,-6
58,63,11,18,257,-2,11,20,255,-2
58,64,11,18,257,-2,11,20,255,-2
58,65,11,18,257,-2,11,20,255,-2
58,66,11,19,256,6,11,13,262,6
58,67,11,19,256,6,11,13,262,6
58,68,11,19,256,6,11,13,262,6
58,69,11,17,258,-2,11,19,256,-2
58,70,11,17,258,-2,11,19,256,-2
58,71,11,17,258,-2,11,19,256,-2
58,72,11,16,259,4,11,12,263,4
58,73,11,16,259,4,11,12,263,4
58,74,11,16,259,4,11,12,263,4
58,75,11,17,258,1,11,16,259,1
58,76,11,17,258,1,11,16,259,1
58,77,11,17,258,1,11,16,259,1
58,78,11,18,257,-5,11,23,252,-5
58,79,11,18,257,-5,11,23,252,-5
58,80,11,18,257,-5,11,23,252,-5
58,81,11,17,258,7,11,10,265,7
58,82,11,17,258,7,11,10,265,7
58,83,11,17,258,7,11,10,265,7
58,84,11,18,257,0,11,18,257,0
58,85,11,18,257,0,11,18,257,0
58,86,11,18,257,0,11,18,257,0
58,87,11,18,257,-3,11,21,254,-3
58,88,11,18,257,-3,11,21,254,-3
58,89,11,18,257,-3,11,21,254,-3
58,90,11,20,255,2,11,18,257,2
58,91,11,20,255,2,11,18,257,2
58,92,11,20,255,2,11,18,257,2
58,93,11,19,256,9,11,10,265,9
58,94,11,19,256,9,11,10,265,9
58,95,11,19,256,9,11,10,265,9
60,0,11,16,259,-7,11,23,252,-7
60,1,11,16,259,-7,11,23,252,-7
60,2,11,16,259,-7,11,23,252,-7
60,3,11,17,258,-9,10,1,249,-9
60,4,11,17,258,-9,10,1,249,-9
60,5,11,17,258,-9,10,1,249,-9
60,6,11,17,258,-8,10,0,250,-8
60,7,11,17,258,-8,10,0,250,-8
60,8,11,17,258,-8,10,0,250,-8
60,9,11,18,257,0,11,18,257,0
60,10,11,18,257,0,11,18,257,0
60,11,11,18,257,0,11,18,257,0
60,12,14,23,327,0,14,23,327,0
60,13,14,23,327,0,14,23,327,0
60,14,14,23,327,0,14,23,327,0
60,15,14,23,327,0,14,23,327,0
60,16,14,23,327,0,14,23,327,0
60,17,14,23,327,0,14,23,327,0
60,18,14,23,327,0,14,23,327,0
60,19,14,23,327,0,14,23,327,0
60,20,14,23,327,0,14,23,327,0
60,21,14,23,327,0,14,23,327,0
60,22,14,23,327,0,14,23,327,0
60,23,14,23,327,0,14,23,327,0
60,24,14,23,327,0,14,23,327,0
60,25,14,23,327,0,14,23,327,0
60,26,14,23,327,0,14,23,327,0
60,27,14,23,327,0,14,23,327,0
60,28,14,23,327,0,14,23,327,0
60,29,14,23,327,0,14,23,327,0
60,30,14,23,327,0,14,23,327,0
60,31,14,23,327,0,14,23,327,0
60,32,14,23,327,0,14,23,327,0
60,33,14,23,327,0,14,23,327,0
60,34,14,23,327,0,14,23,327,0
60,35,14,23,327,0,14,23,327,0
60,36,11,17,258,-10,10,2,248,-10
60,37,11,17,258,-10,10,2,248,-10
60,38,11,17,258,-10,10,2,248,-10
60,39,11,16,259,-3,11,19,256,-3
60,40,11,16,259,-3,11,19,256,-3
60,41,11,16,259,-3,11,19,256,-3
60,42,11,18,257,6,11,12,263,6
60,43,11,18,257,6,11,12,263,6
60,44,11,18,257,6,11,12,263,6
60,45,11,18,257,7,11,11,264,7
60,46,11,18,257,7,11,11,264,7
60,47,11,18,257,7,11,11,264,7
60,48,11,17,258,-2,11,19,256,-2
60,49,11,17,258,-2,11,19,256,-2
60,50,11,17,258,-2,11,19,256,-2
60,51,11,19,256,-2,11,21,254,-2
60,52,11,19,256,-2,11,21,254,-2
60,53,11,19,256,-2,11,21,254,-2
60,54,11,18,257,-3,11,21,254,-3
60,55,11,18,257,-3,11,21,254,-3
60,56,11,18,257,-3,11,21,254,-3
60,57,11,18,257,5,11,13,262,5
60,58,11,18,257,5,11,13,262,5
60,59,11,17,258,5,11,12,263,5
60,60,11,18,257,-8,10,1,249,-8
60,61,11,18,257,-8,10,1,249,-8
60,62,11,18,257,-8,10,1,249,-8
60,63,11,17,258,-10,10,2,248,-10
60,64,11,17,258,-10,10,2,248,-10
60,65,11,17,258,-10,10,2,248,-10
60,66,11,19,256,10,11,9,266,10
60,67,11,19,256,10,11,9,266,10
60,68,11,19,256,10,11,9,266,10
60,69,11,19,256,0,11,19,256,0
60,70,11,19,256,0,11,19,256,0
60,71,11,19,256,0,11,19,256,0
60,72,11,17,258,-10,10,2,248,-10
60,73,11,17,258,-10,10,2,248,-10
60,74,11,17,258,-10,10,2,248,-10
60,75,11,17,258,5,11,12,263,5
60,76,11,17,258,5,11,12,263,5
60,77,11,17,258,5,11,12,263,5
60,78,11,18,257,5,11,13,262,5
60,79,11,18,257,5,11,13,262,5
60,80,11,18,257,5,11,13,262,5
60,81,11,17,258,-6,11,23,252,-6
60,82,11,17,258,-6,11,23,252,-6
60,83,11,17,258,-6,11,23,252,-6
60,84,11,17,258,-7,11,24,251,-7
60,85,11,17,258,-7,11,24,251,-7
60,86,11,17,258,-7,11,24,251,-7
60,87,11,17,258,-10,10,2,248,-10
60,88,11,17,258,-10,10,2,248,-10
60,89,11,17,258,-10,10,2,248,-10
60,90,11,20,255,-1,11,21,254,-1
60,91,11,20,255,-1,11,21,254,-1
60,92,11,20,255,-1,11,21,254,-1
60,93,11,17,258,-4,11,21,254,-4
60,94,11,17,258,-4,11,21,254,-4
60,95,11,17,258,-4,11,21,254,-4
61,0,11,14,261,5,11,9,266,5
61,1,11,14,261,5,11,9,266,5
61,2,11,14,261,5,11,9,266,5
61,3,11,13,262,2,11,11,264,2
61,4,11,13,262,2,11,11,264,2
61,5,11,13,262,2,11,11,264,2
61,6,11,14,261,1,11,13,262,1
61,7,11,14,261,1,11,13,262,1
61,8,11,14,261,1,11,13,262,1
61,9,11,16,259,-4,11,20,255,-4
61,10,11,16,259,-4,11,20,255,-4
61,11,11,16,259,-4,11,20,255,-4
61,12,11,13,262,2,11,11,264,2
61,13,11,13,262,2,11,11,264,2
61,14,11,13,262,2,11,11,264,2
61,15,11,14,261,3,11,11,264,3
61,16,11,14,261,3,11,11,264,3
61,17,11,14,261,3,11,11,264,3
61,18,11,15,260,-7,11,22,253,-7
61,19,11,15,260,-7,11,22,253,-7
61,20,11,15,260,-7,11,22,253,-7
61,21,11,13,262,-6,11,19,256,-6
61,22,11,13,262,-6,11,19,256,-6
61,23,11,13,262,-6,11,19,256,-6
61,24,12,2,298,0,12,2,298,0
61,25,12,2,298,0,12,2,298,0
61,26,12,2,298,0,12,2,298,0
61,27,11,13,262,-8,11,21,254,-8
61,28,11,13,262,-8,11,21,254,-8
61,29,11,13,262,-8,11,21,254,-8
61,30,11,17,258,1,11,16,259,1
61,31,11,17,258,1,11,16,259,1
61,32,11,17,258,1,11,16,259,1
61,33,11,17,258,-9,10,1,249,-9
61,34,11,17,258,-9,10,1,249,-9
61,35,11,17,258,-9,10,1,249,-9
61,36,11,14,261,5,11,9,266,5
61,37,11,14,261,5,11,9,266,5
61,38,11,14,261,5,11,9,266,5
61,39,11,14,261,4,11,10,265,4
61,40,11,14,261,4,11,10,265,4
61,41,11,14,261,4,11,10,265,4
61,42,11,15,260,1,11,14,261,1
61,43,11,15,260,1,11,14,261,1
61,44,11,15,260,1,11,14,261,1
61,45,11,14,261,-6,11,20,255,-6
61,46,11,14,261,-6,11,20,255,-6
61,47,11,14,261,-6,11,20,255,-6
61,48,11,15,260,-9,11,24,251,-9
61,49,11,15,260,-9,11,24,251,-9
61,50,11,15,260,-9,11,24,251,-9
61,51,11,13,262,10,11,3,272,10
61,52,11,13,262,10,11,3,272,10
61,53,11,13,262,10,11,3,272,10
61,54,11,15,260,5,11,10,265,5
61,55,11,15,260,5,11,10,265,5
61,56,11,15,260,5,11,10,265,5
61,57,11,14,261,-2,11,16,259,-2
61,58,11,14,261,-2,11,16,259,-2
61,59,11,14,261,-2,11,16,259,-2
61,60,12,9,291,0,12,9,291,0
61,61,11,8,267,0,11,8,267,0
61,62,11,8,267,0,11,8,267,0
61,63,11,16,259,9,11,7,268,9
61,64,11,16,259,9,11,7,268,9
61,65,11,16,259,9,11,7,268,9
61,66,11,15,260,-6,11,21,254,-6
61,67,11,15,260,-6,11,21,254,-6
61,68,11,15,260,-6,11,21,254,-6
61,69,11,16,259,3,11,13,262,3
61,70,11,16,259,3,11,13,262,3
61,71,11,16,259,3,11,13,262,3
61,72,12,3,297,0,12,3,297,0
61,73,12,3,297,0,12,3,297,0
61,74,12,3,297,0,12,3,297,0
61,75,11,15,260,-2,11,17,258,-2
61,76,11,15,260,-2,11,17,258,-2
61,77,11,15,260,-2,11,17,258,-2
61,78,11,17,258,0,11,17,258,0
61,79,11,17,258,0,11,17,258,0
61,80,11,17,258,0,11,17,258,0
61,81,11,17,258,-3,11,20,255,-3
61,82,11,17,258,-3,11,20,255,-3
61,83,11,17,258,-3,11,20,255,-3
61,84,11,15,260,-7,11,22,253,-7
61,85,11,15,260,-7,11,22,253,-7
61,86,11,15,260,-7,11,22,253,-7
61,87,11,15,260,3,11,12,263,3
61,88,11,15,260,3,11,12,263,3
61,89,11,15,260,3,11,12,263,3
61,90,11,18,257,2,11,16,259,2
61,91,11,18,257,2,11,16,259,2
61,92,11,18,257,2,11,16,259,2
61,93,11,17,258,-3,11,20,255,-3
61,94,11,17,258,-3,11,20,255,-3
61,95,11,17,258,-3,11,20,255,-3
62,0,11,13,262,-3,11,16,259,-3
62,1,11,13,262,-3,11,16,259,-3
62,2,11,13,262,-3,11,16,259,-3
62,3,11,15,260,5,11,10,265,5
62,4,11,15,260,5,11,10,265,5
62,5,11,15,260,5,11,10,265,5
62,6,11,18,257,0,11,18,257,0
62,7,11,18,257,0,11,18,257,0
62,8,11,18,257,0,11,18,257,0
62,9,11,17,258,10,11,7,268,10
62,10,11,17,258,10,11,7,268,10
62,11,11,17,258,10,11,7,268,10
62,12,11,14,261,-5,11,19,256,-5
62,13,11,14,261,-5,11,19,256,-5
62,14,11,14,261,-5,11,19,256,-5
62,15,11,15,260,-8,11,23,252,-8
62,16,11,15,260,-8,11,23,252,-8
62,17,11,15,260,-8,11,23,252,-8
62,18,11,16,259,4,11,12,263,4
62,19,11,16,259,4,11,12,263,4
62,20,11,16,259,4,11,12,263,4
62,21,11,15,260,-3,11,18,257,-3
62,22,11,15,260,-3,11,18,257,-3
62,23,11,15,260,-3,11,18,257,-3
62,24,11,14,261,9,11,5,270,9
62,25,11,14,261,9,11,5,270,9
62,26,11,14,261,9,11,5,270,9
62,27,11,15,260,7,11,8,267,7
62,28,11,15,260,7,11,8,267,7
62,29,11,15,260,7,11,8,267,7
62,30,11,16,259,-5,11,21,254,-5
62,31,11,16,259,-5,11,21,254,-5
62,32,11,16,259,-5,11,21,254,-5
62,33,11,16,259,3,11,13,262,3
62,34,11,16,259,3,11,13,262,3
62,35,11,16,259,3,11,13,262,3
62,36,11,15,260,-4,11,19,256,-4
62,37,11,15,260,-4,11,19,256,-4
62,38,11,15,260,-4,11,19,256,-4
62,39,11,15,260,-9,11,24,251,-9
62,40,11,15,260,-9,11,24,251,-9
62,41,11,15,260,-9,11,24,251,-9
62,42,11,19,256,-8,10,2,248,-8
62,43,11,19,256,-8,10,2,248,-8
62,44,11,19,256,-8,10,2,248,-8
62,45,11,8,267,0,11,8,267,0
62,46,11,8,267,0,11,8,267,0
62,47,11,8,267,0,11,8,267,0
62,48,12,2,298,0,12,2,298,0
62,49,12,2,298,0,12,2,298,0
62,50,12,2,298,0,12,2,298,0
62,51,12,2,298,0,12,2,298,0
62,52,12,2,298,0,12,2,298,0
62,53,12,2,298,0,12,2,298,0
62,54,11,18,257,1,11,17,258,1
62,55,11,18,257,1,11,17,258,1
62,56,11,18,257,1,11,17,258,1
62,57,11,16,259,7,11,9,266,7
62,58,11,16,259,7,11,9,266,7
62,59,11,16,259,7,11,9,266,7
62,60,11,17,258,5,11,12,263,5
62,61,11,17,258,5,11,12,263,5
62,62,11,17,258,5,11,12,263,5
62,63,11,17,258,-3,11,20,255,-3
62,64,11,17,258,-3,11,20,255,-3
62,65,11,17,258,-3,11,20,255,-3
62,66,11,18,257,-6,11,24,251,-6
62,67,11,18,257,-6,11,24,251,-6
62,68,11,18,257,-6,11,24,251,-6
62,69,11,19,256,7,11,12,263,7
62,70,11,19,256,7,11,12,263,7
62,71,11,19,256,7,11,12,263,7
62,72,11,9,266,0,11,9,266,0
62,73,11,9,266,0,11,9,266,0
62,74,11,9,266,0,11,9,266,0
62,75,11,15,260,-7,11,22,253,-7
62,76,11,15,260,-7,11,22,253,-7
62,77,11,15,260,-7,11,22,253,-7
62,78,11,9,266,0,11,9,266,0
62,79,11,9,266,0,11,9,266,0
62,80,11,9,266,0,11,9,266,0
62,81,11,17,258,-10,10,2,248,-10
62,82,11,17,258,-10,10,2,248,-10
62,83,11,17,258,-10,10,2,248,-10
62,84,11,18,257,8,11,10,265,8
62,85,11,18,257,8,11,10,265,8
62,86,11,18,257,8,11,10,265,8
62,87,11,16,259,0,11,16,259,0
62,88,11,16,259,0,11,16,259,0
62,89,11,16,259,0,11,16,259,0
62,90,11,18,257,-3,11,21,254,-3
62,91,11,18,257,-3,11,21,254,-3
62,92,11,18,257,-3,11,21,254,-3
62,93,11,18,257,-9,10,2,248,-9
62,94,11,18,257,-9,10,2,248,-9
62,95,11,18,257,-9,10,2,248,-9
63,0,11,15,260,-3,11,18,257,-3
63,1,11,15,260,-3,11,18,257,-3
63,2,11,15,260,-3,11,18,257,-3
63,3,11,19,256,-2,11,21,254,-2
63,4,11,19,256,-2,11,21,254,-2
63,5,11,19,256,-2,11,21,254,-2
63,6,11,17,258,6,11,11,264,6
63,7,11,17,258,6,11,11,264,6
63,8,11,17,258,6,11,11,264,6
63,9,11,18,257,-5,11,23,252,-5
63,10,11,18,257,-5,11,23,252,-5
63,11,11,18,257,-5,11,23,252,-5
63,12,14,23,327,0,14,23,327,0
63,13,14,23,327,0,14,23,327,0
63,14,14,23,327,0,14,23,327,0
63,15,14,23,327,0,14,23,327,0
63,16,14,23,327,0,14,23,327,0
63,17,14,23,327,0,14,23,327,0
63,18,14,23,327,0,14,23,327,0
63,19,14,23,327,0,14,23,327,0
63,20,14,23,327,0,14,23,327,0
63,21,14,23,327,0,14,23,327,0
63,22,14,23,327,0,14,23,327,0
63,23,14,23,327,0,14,23,327,0
63,24,14,23,327,0,14,23,327,0
63,25,14,23,327,0,14,23,327,0
63,26,14,23,327,0,14,23,327,0
63,27,14,23,327,0,14,23,327,0
63,28,14,23,327,0,14,23,327,0
63,29,14,23,327,0,14,23,327,0
63,30,14,23,327,0,14,23,327,0
63,31,14,23,327,0,14,23,327,0
63,32,14,23,327,0,14,23,327,0
63,33,14,23,327,0,14,23,327,0
63,34,14,23,327,0,14,23,327,0
63,35,14,23,327,0,14,23,327,0
63,36,11,19,256,-2,11,21,254,-2
63,37,11,19,256,-2,11,21,254,-2
63,38,11,19,256,-2,11,21,254,-2
63,39,11,19,256,-7,10,1,249,-7
63,40,11,19,256,-7,10,1,249,-7
63,41,11,19,256,-7,10,1,249,-7
63,42,11,19,256,10,11,9,266,10
63,43,11,19,256,10,11,9,266,10
63,44,11,19,256,10,11,9,266,10
63,45,11,19,256,1,11,18,257,1
63,46,11,19,256,1,11,18,257,1
63,47,11,19,256,1,11,18,257,1
63,48,11,17,258,0,11,17,258,0
63,49,11,17,258,0,11,17,258,0
63,50,11,17,258,0,11,17,258,0
63,51,11,19,256,-5,11,24,251,-5
63,52,11,19,256,-5,11,24,251,-5
63,53,11,19,256,-5,11,24,251,-5
63,54,11,19,256,-6,10,0,250,-6
63,55,11,19,256,-6,10,0,250,-6
63,56,11,19,256,-6,10,0,250,-6
63,57,11,19,256,10,11,9,266,10
63,58,11,19,256,10,11,9,266,10
63,59,11,19,256,10,11,9,266,10
63,60,11,18,257,-3,11,21,254,-3
63,61,11,18,257,-3,11,21,254,-3
63,62,11,18,257,-3,11,21,254,-3
63,63,11,18,257,6,11,12,263,6
63,64,11,18,257,6,11,12,263,6
63,65,11,18,257,6,11,12,263,6
63,66,11,19,256,-8,10,2,248,-8
63,67,11,19,256,-8,10,2,248,-8
63,68,11,19,256,-8,10,2,248,-8
63,69,11,19,256,1,11,18,257,1
63,70,11,19,256,1,11,18,257,1
63,71,11,19,256,1,11,18,257,1
63,72,11,16,259,8,11,8,267,8
63,73,11,16,259,8,11,8,267,8
63,74,11,16,259,8,11,8,267,8
63,75,11,18,257,0,11,18,257,0
63,76,11,18,257,0,11,18,257,0
63,77,11,18,257,0,11,18,257,0
63,78,11,18,257,-1,11,19,256,-1
63,79,11,18,257,-1,11,19,256,-1
63,80,11,18,257,-1,11,19,256,-1
63,81,11,18,257,5,11,13,262,5
63,82,11,18,257,5,11,13,262,5
63,83,11,18,257,5,11,13,262,5
63,84,11,19,256,5,11,14,261,5
63,85,11,19,256,5,11,14,261,5
63,86,11,19,256,5,11,14,261,5
63,87,11,19,256,-9,10,3,247,-9
63,88,11,19,256,-9,10,3,247,-9
63,89,11,19,256,-9,10,3,247,-9
63,90,11,21,254,9,11,12,263,9
63,91,11,21,254,9,11,12,263,9
63,92,11,21,254,9,11,12,263,9
63,93,11,20,255,3,11,17,258,3
63,94,11,20,255,3,11,17,258,3
63,95,11,20,255,3,11,17,258,3
64,0,11,14,261,-1,11,15,260,-1
64,1,11,14,261,-1,11,15,260,-1
64,2,11,14,261,-1,11,15,260,-1
64,3,11,14,261,7,11,7,268,7
64,4,11,14,261,7,11,7,268,7
64,5,11,14,261,7,11,7,268,7
64,6,11,14,261,9,11,5,270,9
64,7,11,14,261,9,11,5,270,9
64,8,11,14,261,9,11,5,270,9
64,9,12,1,299,0,12,1,299,0
64,10,12,1,299,0,12,1,299,0
64,11,12,1,299,0,12,1,299,0
64,12,11,14,261,-6,11,20,255,-6
64,13,11,14,261,-6,11,20,255,-6
64,14,11,14,261,-6,11,20,255,-6
64,15,11,14,261,7,11,7,268,7
64,16,11,14,261,7,11,7,268,7
64,17,11,14,261,7,11,7,268,7
64,18,11,15,260,-6,11,21,254,-6
64,19,11,15,260,-6,11,21,254,-6
64,20,11,15,260,-6,11,21,254,-6
64,21,11,12,263,-10,11,22,253,-10
64,22,11,12,263,-10,11,22,253,-10
64,23,11,12,263,-10,11,22,253,-10
64,24,11,13,262,-5,11,18,257,-5
64,25,11,13,262,-5,11,18,257,-5
64,26,11,13,262,-5,11,18,257,-5
64,27,11,12,263,6,11,6,269,6
64,28,11,12,263,6,11,6,269,6
64,29,11,12,263,6,11,6,269,6
64,30,11,16,259,3,11,13,262,3
64,31,11,16,259,3,11,13,262,3
64,32,11,16,259,3,11,13,262,3
64,33,11,13,262,-7,11,20,255,-7
64,34,11,12,263,-7,11,19,256,-7
64,35,11,12,263,-7,11,19,256,-7
64,36,11,13,262,10,11,3,272,10
64,37,11,13,262,10,11,3,272,10
64,38,11,13,262,10,11,3,272,10
64,39,11,13,262,0,11,13,262,0
64,40,11,13,262,0,11,13,262,0
64,41,11,13,262,0,11,13,262,0
64,42,11,16,259,6,11,10,265,6
64,43,11,16,259,6,11,10,265,6
64,44,11,16,259,6,11,10,265,6
64,45,11,14,261,-6,11,20,255,-6
64,46,11,14,261,-6,11,20,255,-6
64,47,11,14,261,-6,11,20,255,-6
64,48,11,16,259,7,11,9,266,7
64,49,11,16,259,7,11,9,266,7
64,50,11,16,259,7,11,9,266,7
64,51,11,15,260,-4,11,19,256,-4
64,52,11,15,260,-4,11,19,256,-4
64,53,11,15,260,-4,11,19,256,-4
64,54,11,18,257,-8,10,1,249,-8
64,55,11,18,257,-8,10,1,249,-8
64,56,11,18,257,-8,10,1,249,-8
64,57,11,14,261,5,11,9,266,5
64,58,11,14,261,5,11,9,266,5
64,59,11,14,261,5,11,9,266,5
64,60,11,14,261,-2,11,16,259,-2
64,61,11,14,261,-2,11,16,259,-2
64,62,11,14,261,-2,11,16,259,-2
64,63,11,15,260,10,11,5,270,10
64,64,11,15,260,10,11,5,270,10
64,65,11,15,260,10,11,5,270,10
64,66,11,15,260,-1,11,16,259,-1
64,67,11,15,260,-1,11,16,259,-1
64,68,11,15,260,-1,11,16,259,-1
64,69,11,15,260,-3,11,18,257,-3
64,70,11,15,260,-3,11,18,257,-3
64,71,11,15,260,-3,11,18,257,-3
64,72,12,2,298,0,12,2,298,0
64,73,12,2,298,0,12,2,298,0
64,74,12,2,298,0,12,2,298,0
64,75,11,15,260,8,11,7,268,8
64,76,11,15,260,8,11,7,268,8
64,77,11,15,260,8,11,7,268,8
64,78,11,15,260,0,11,15,260,0
64,79,11,15,260,0,11,15,260,0
64,80,11,15,260,0,11,15,260,0
64,81,11,16,259,8,11,8,267,8
64,82,11,16,259,8,11,8,267,8
64,83,11,16,259,8,11,8,267,8
64,84,11,13,262,10,11,3,272,10
64,85,11,13,262,10,11,3,272,10
64,86,11,13,262,10,11,3,272,10
64,87,11,15,260,-10,10,0,250,-10
64,88,11,15,260,-10,10,0,250,-10
64,89,11,15,260,-10,10,0,250,-10
64,90,11,15,260,3,11,12,263,3
64,91,11,15,260,3,11,12,263,3
64,92,11,15,260,3,11,12,263,3
64,93,11,15,260,0,11,15,260,0
64,94,11,15,260,0,11,15,260,0
64,95,11,15,260,0,11,15,260,0
65,0,10,15,235,-4,10,19,231,-4
65,1,10,15,235,-4,10,19,231,-4
65,2,10,15,235,-4,10,19,231,-4
65,3,11,1,274,0,11,1,274,0
65,4,11,1,274,0,11,1,274,0
65,5,11,1,274,0,11,1,274,0
65,6,10,16,234,-1,10,17,233,-1
65,7,10,16,234,-1,10,17,233,-1
65,8,10,16,234,-1,10,17,233,-1
65,9,10,14,236,-3,10,17,233,-3
65,10,10,14,236,-3,10,17,233,-3
65,11,10,14,236,-3,10,17,233,-3
65,12,10,13,237,9,10,4,246,9
65,13,10,13,237,9,10,4,246,9
65,14,10,13,237,9,10,4,246,9
65,15,10,13,237,-4,10,17,233,-4
65,16,10,13,237,-4,10,17,233,-4
65,17,10,13,237,-4,10,17,233,-4
65,18,10,16,234,0,10,16,234,0
65,19,10,16,234,0,10,16,234,0
65,20,10,16,234,0,10,16,234,0
65,21,10,13,237,0,10,13,237,0
65,22,10,13,237,0,10,13,237,0
65,23,10,13,237,0,10,13,237,0
65,24,11,1,274,0,11,1,274,0
65,25,11,1,274,0,11,1,274,0
65,26,11,1,274,0,11,1,274,0
65,27,10,15,235,-6,10,21,229,-6
65,28,10,15,235,-6,10,21,229,-6
65,29,10,15,235,-6,10,21,229,-6
65,30,10,16,234,2,10,14,236,2
65,31,10,16,234,2,10,14,236,2
65,32,10,16,234,2,10,14,236,2
65,33,10,15,235,-7,10,22,228,-7
65,34,10,15,235,-7,10,22,228,-7
65,35,10,15,235,-7,10,22,228,-7
65,36,10,16,234,2,10,14,236,2
65,37,10,15,235,2,10,13,237,2
65,38,10,16,234,2,10,14,236,2
65,39,10,13,237,7,10,6,244,7
65,40,10,13,237,7,10,6,244,7
65,41,10,13,237,7,10,6,244,7
65,42,10,16,234,-10,9,1,224,-10
65,43,10,15,235,-10,9,0,225,-10
65,44,10,15,235,-10,9,0,225,-10
65,45,10,15,235,-10,9,0,225,-10
65,46,10,15,235,-10,9,0,225,-10
65,47,10,15,235,-10,9,0,225,-10
65,48,10,14,236,-2,10,16,234,-2
65,49,10,14,236,-2,10,16,234,-2
65,50,10,14,236,-2,10,16,234,-2
65,51,10,16,234,-10,9,1,224,-10
65,52,10,16,234,-10,9,1,224,-10
65,53,10,16,234,-10,9,1,224,-10
65,54,10,16,234,6,10,10,240,6
65,55,10,16,234,6,10,10,240,6
65,56,10,16,234,6,10,10,240,6
65,57,10,15,235,7,10,8,242,7
65,58,10,15,235,7,10,8,242,7
65,59,10,15,235,7,10,8,242,7
65,60,10,16,234,-6,10,22,228,-6
65,61,10,16,234,-6,10,22,228,-6
65,62,10,16,234,-6,10,22,228,-6
65,63,10,15,235,-8,10,23,227,-8
65,64,10,15,235,-8,10,23,227,-8
65,65,10,15,235,-8,10,23,227,-8
65,66,10,16,234,8,10,8,242,8
65,67,10,16,234,8,10,8,242,8
65,68,10,16,234,8,10,8,242,8
65,69,10,16,234,6,10,10,240,6
65,70,10,16,234,6,10,10,240,6
65,71,10,16,234,6,10,10,240,6
65,72,10,16,234,5,10,11,239,5
65,73,10,16,234,5,10,11,239,5
65,74,10,16,234,5,10,11,239,5
65,75,10,16,234,0,10,16,234,0
65,76,10,16,234,0,10,16,234,0
65,77,10,16,234,0,10,16,234,0
65,78,10,17,233,-10,9,2,223,-10
65,79,10,17,233,-10,9,2,223,-10
65,80,10,17,233,-10,9,2,223,-10
65,81,10,17,233,-6,10,23,227,-6
65,82,10,17,233,-6,10,23,227,-6
65,83,10,17,233,-6,10,23,227,-6
65,84,10,15,235,0,10,15,235,0
65,85,10,15,235,0,10,15,235,0
65,86,10,15,235,0,10,15,235,0
65,87,10,15,235,1,10,14,236,1
65,88,10,15,235,1,10,14,236,1
65,89,10,15,235,1,10,14,236,1
65,90,10,16,234,-10,9,1,224,-10
65,91,10,16,234,-10,9,1,224,-10
65,92,10,16,234,-10,9,1,224,-10
65,93,10,16,234,5,10,11,239,5
65,94,10,16,234,5,10,11,239,5
65,95,10,16,234,5,10,11,239,5
66,0,10,11,239,-4,10,15,235,-4
66,1,10,11,239,-4,10,15,235,-4
66,2,10,11,239,-4,10,15,235,-4
66,3,10,11,239,9,10,2,248,9
66,4,10,11,239,9,10,2,248,9
66,5,10,11,239,9,10,2,248,9
66,6,10,17,233,10,10,7,243,10
66,7,10,16,234,10,10,6,244,10
66,8,10,16,234,10,10,6,244,10
66,9,10,13,237,10,10,3,247,10
66,10,10,13,237,10,10,3,247,10
66,11,10,13,237,10,10,3,247,10
66,12,13,22,303,0,13,22,303,0
66,13,13,22,303,0,13,22,303,0
66,14,13,22,303,0,13,22,303,0
66,15,13,22,303,0,13,22,303,0
66,16,13,22,303,0,13,22,303,0
66,17,13,22,303,0,13,22,303,0
66,18,13,22,303,0,13,22,303,0
66,19,13,22,303,0,13,22,303,0
66,20,13,22,303,0,13,22,303,0
66,21,13,22,303,0,13,22,303,0
66,22,13,22,303,0,13,22,303,0
66,23,13,22,303,0,13,22,303,0
66,24,13,22,303,0,13,22,303,0
66,25,13,22,303,0,13,22,303,0
66,26,13,22,303,0,13,22,303,0
66,27,13,22,303,0,13,22,303,0
66,28,13,22,303,0,13,22,303,0
66,29,13,22,303,0,13,22,303,0
66,30,13,22,303,0,13,22,303,0
66,31,13,22,303,0,13,22,303,0
66,32,13,22,303,0,13,22,303,0
66,33,13,22,303,0,13,22,303,0
66,34,13,22,303,0,13,22,303,0
66,35,13,22,303,0,13,22,303,0
66,36,10,14,236,-9,10,23,227,-9
66,37,10,14,236,-9,10,23,227,-9
66,38,10,14,236,-9,10,23,227,-9
66,39,10,15,235,-2,10,17,233,-2
66,40,10,15,235,-2,10,17,233,-2
66,41,10,15,235,-2,10,17,233,-2
66,42,10,16,234,10,10,6,244,10
66,43,10,16,234,10,10,6,244,10
66,44,10,16,234,10,10,6,244,10
66,45,10,18,232,-6,10,24,226,-6
66,46,10,18,232,-6,10,24,226,-6
66,47,10,18,232,-6,10,24,226,-6
66,48,10,15,235,-5,10,20,230,-5
66,49,10,15,235,-5,10,20,230,-5
66,50,10,15,235,-5,10,20,230,-5
66,51,10,16,234,5,10,11,239,5
66,52,10,16,234,5,10,11,239,5
66,53,10,16,234,5,10,11,239,5
66,54,10,16,234,-4,10,20,230,-4
66,55,10,16,234,-4,10,20,230,-4
66,56,10,16,234,-4,10,20,230,-4
66,57,10,15,235,9,10,6,244,9
66,58,10,15,235,9,10,6,244,9
66,59,10,15,235,9,10,6,244,9
66,60,10,13,237,-6,10,19,231,-6
66,61,10,13,237,-6,10,19,231,-6
66,62,10,13,237,-6,10,19,231,-6
66,63,10,16,234,-8,10,24,226,-8
66,64,10,16,234,-8,10,24,226,-8
66,65,10,16,234,-8,10,24,226,-8
66,66,10,17,233,-2,10,19,231,-2
66,67,10,17,233,-2,10,19,231,-2
66,68,10,17,233,-2,10,19,231,-2
66,69,10,14,236,0,10,14,236,0
66,70,10,14,236,0,10,14,236,0
66,71,10,14,236,0,10,14,236,0
66,72,10,15,235,-1,10,16,234,-1
66,73,10,15,235,-1,10,16,234,-1
66,74,10,15,235,-1,10,16,234,-1
66,75,10,13,237,10,10,3,247,10
66,76,10,13,237,10,10,3,247,10
66,77,10,13,237,10,10,3,247,10
66,78,10,16,234,-9,9,0,225,-9
66,79,10,16,234,-9,9,0,225,-9
66,80,10,16,234,-9,9,0,225,-9
66,81,10,14,236,9,10,5,245,9
66,82,10,14,236,9,10,5,245,9
66,83,10,14,236,9,10,5,245,9
66,84,10,14,236,-4,10,18,232,-4
66,85,10,14,236,-4,10,18,232,-4
66,86,10,14,236,-4,10,18,232,-4
66,87,10,16,234,-9,9,0,225,-9
66,88,10,16,234,-9,9,0,225,-9
66,89,10,16,234,-9,9,0,225,-9
66,90,10,16,234,-9,9,0,225,-9
66,91,10,16,234,-9,9,0,225,-9
66,92,10,16,234,-9,9,0,225,-9
66,93,10,14,236,-8,10,22,228,-8
66,94,10,14,236,-8,10,22,228,-8
66,95,10,14,236,-8,10,22,228,-8
67,0,9,15,210,-7,9,22,203,-7
67,1,9,15,210,-7,9,22,203,-7
67,2,9,15,210,-7,9,22,203,-7
67,3,9,13,212,4,9,9,216,4
67,4,9,13,212,4,9,9,216,4
67,5,9,13,212,4,9,9,216,4
67,6,9,14,211,-8,9,22,203,-8
67,7,9,14,211,-8,9,22,203,-8
67,8,9,16,209,-10,8,1,199,-10
67,9,9,16,209,-10,8,1,199,-10
67,10,9,14,211,-8,9,22,203,-8
67,11,9,16,209,-10,8,1,199,-10
67,12,10,1,249,0,10,1,249,0
67,13,10,1,249,0,10,1,249,0
67,14,10,1,249,0,10,1,249,0
67,15,10,1,249,0,10,1,249,0
67,16,10,1,249,0,10,1,249,0
67,17,10,1,249,0,10,1,249,0
67,18,9,12,213,-1,9,13,212,-1
67,19,9,15,210,10,9,5,220,10
67,20,9,12,213,-1,9,13,212,-1
67,21,9,12,213,-1,9,13,212,-1
67,22,9,15,210,10,9,5,220,10
67,23,9,15,210,10,9,5,220,10
67,24,9,16,209,2,9,14,211,2
67,25,9,16,209,2,9,14,211,2
67,26,9,16,209,2,9,14,211,2
67,27,9,4,221,0,9,4,221,0
67,28,9,4,221,0,9,4,221,0
67,29,9,4,221,0,9,4,221,0
67,30,9,16,209,-7,9,23,202,-7
67,31,9,16,209,-7,9,23,202,-7
67,32,9,16,209,-7,9,23,202,-7
67,33,9,17,208,9,9,8,217,9
67,34,9,17,208,9,9,8,217,9
67,35,9,17,208,9,9,8,217,9
67,36,9,17,208,2,9,15,210,2
67,37,9,17,208,2,9,15,210,2
67,38,9,17,208,2,9,15,210,2
67,39,9,14,211,7,9,7,218,7
67,40,9,14,211,7,9,7,218,7
67,41,9,14,211,7,9,7,218,7
67,42,9,15,210,8,9,7,218,8
67,43,9,15,210,8,9,7,218,8
67,44,9,15,210,8,9,7,218,8
67,45,9,16,209,-5,9,21,204,-5
67,46,9,16,209,-5,9,21,204,-5
67,47,9,16,209,-5,9,21,204,-5
67,48,9,15,210,-10,8,0,200,-10
67,49,9,15,210,-10,8,0,200,-10
67,50,9,15,210,-10,8,0,200,-10
67,51,9,16,209,8,9,8,217,8
67,52,9,16,209,8,9,8,217,8
67,53,9,16,209,8,9,8,217,8
67,54,9,16,209,-3,9,19,206,-3
67,55,9,16,209,-3,9,19,206,-3
67,56,9,16,209,-3,9,19,206,-3
67,57,9,16,209,5,9,11,214,5
67,58,9,16,209,5,9,11,214,5
67,59,9,16,209,5,9,11,214,5
67,60,9,16,209,-6,9,22,203,-6
67,61,9,16,209,-6,9,22,203,-6
67,62,9,14,211,-4,9,18,207,-4
67,63,9,14,211,-4,9,18,207,-4
67,64,9,16,209,-6,9,22,203,-6
67,65,9,14,211,-4,9,18,207,-4
67,66,9,18,207,5,9,13,212,5
67,67,9,18,207,5,9,13,212,5
67,68,9,18,207,5,9,13,212,5
67,69,9,16,209,9,9,7,218,9
67,70,9,16,209,9,9,7,218,9
67,71,9,16,209,9,9,7,218,9
67,72,9,16,209,-3,9,19,206,-3
67,73,9,16,209,-3,9,19,206,-3
67,74,9,16,209,-3,9,19,206,-3
67,75,9,16,209,-8,9,24,201,-8
67,76,9,16,209,-8,9,24,201,-8
67,77,9,16,209,-8,9,24,201,-8
67,78,9,17,208,-2,9,19,206,-2
67,79,9,17,208,-2,9,19,206,-2
67,80,9,17,208,-2,9,19,206,-2
67,81,9,18,207,8,9,10,215,8
67,82,9,18,207,8,9,10,215,8
67,83,9,18,207,8,9,10,215,8
67,84,9,15,210,-10,8,0,200,-10
67,85,9,15,210,-10,8,0,200,-10
67,86,9,15,210,-10,8,0,200,-10
67,87,9,15,210,3,9,12,213,3
67,88,9,15,210,3,9,12,213,3
67,89,9,15,210,3,9,12,213,3
67,90,9,17,208,-6,9,23,202,-6
67,91,9,17,208,-6,9,23,202,-6
67,92,9,17,208,-6,9,23,202,-6
67,93,9,17,208,0,9,17,208,0
67,94,9,17,208,0,9,17,208,0
67,95,9,17,208,0,9,17,208,0
68,0,10,12,238,-4,10,16,234,-4
68,1,10,12,238,-4,10,16,234,-4
68,2,10,12,238,-4,10,16,234,-4
68,3,10,10,240,-6,10,16,234,-6
68,4,10,10,240,-6,10,16,234,-6
68,5,10,10,240,-6,10,16,234,-6
68,6,10,13,237,-7,10,20,230,-7
68,7,10,13,237,-7,10,20,230,-7
68,8,10,13,237,-7,10,20,230,-7
68,9,10,8,242,0,10,8,242,0
68,10,11,12,263,0,11,12,263,0
68,11,10,8,242,0,10,8,242,0
68,12,10,9,241,-5,10,14,236,-5
68,13,10,9,241,-5,10,14,236,-5
68,14,10,9,241,-5,10,14,236,-5
68,15,10,11,239,6,10,5,245,6
68,16,10,11,239,6,10,5,245,6
68,17,10,11,239,6,10,5,245,6
68,18,10,10,240,3,10,7,243,3
68,19,10,10,240,3,10,7,243,3
68,20,10,10,240,3,10,7,243,3
68,21,10,9,241,7,10,2,248,7
68,22,10,9,241,7,10,2,248,7
68,23,10,9,241,7,10,2,248,7
68,24,10,10,240,2,10,8,242,2
68,25,10,10,240,2,10,8,242,2
68,26,10,10,240,2,10,8,242,2
68,27,10,9,241,-5,10,14,236,-5
68,28,10,9,241,-5,10,14,236,-5
68,29,10,9,241,-5,10,14,236,-5
68,30,10,10,240,-5,10,15,235,-5
68,31,10,10,240,-5,10,15,235,-5
68,32,10,10,240,-5,10,15,235,-5
68,33,10,13,237,2,10,11,239,2
68,34,10,13,237,2,10,11,239,2
68,35,10,13,237,2,10,11,239,2
68,36,10,13,237,0,10,13,237,0
68,37,10,13,237,0,10,13,237,0
68,38,10,13,237,0,10,13,237,0
68,39,10,13,237,8,10,5,245,8
68,40,10,13,237,8,10,5,245,8
68,41,10,13,237,8,10,5,245,8
68,42,10,11,239,-4,10,15,235,-4
68,43,10,11,239,-4,10,15,235,-4
68,44,10,11,239,-4,10,15,235,-4
68,45,10,11,239,-9,10,20,230,-9
68,46,10,11,239,-9,10,20,230,-9
68,47,10,12,238,-9,10,21,229,-9
68,48,10,11,239,-9,10,20,230,-9
68,49,10,11,239,-9,10,20,230,-9
68,50,10,11,239,-9,10,20,230,-9
68,51,10,12,238,-10,10,22,228,-10
68,52,10,12,238,-10,10,22,228,-10
68,53,10,12,238,-10,10,22,228,-10
68,54,10,12,238,9,10,3,247,9
68,55,10,12,238,9,10,3,247,9
68,56,10,12,238,9,10,3,247,9
68,57,10,12,238,-1,10,13,237,-1
68,58,10,12,238,-1,10,13,237,-1
68,59,10,12,238,-1,10,13,237,-1
68,60,10,12,238,6,10,6,244,6
68,61,10,13,237,3,10,10,240,3
68,62,10,13,237,3,10,10,240,3
68,63,10,13,237,3,10,10,240,3
68,64,10,12,238,6,10,6,244,6
68,65,10,12,238,6,10,6,244,6
68,66,10,13,237,-8,10,21,229,-8
68,67,10,13,237,-8,10,21,229,-8
68,68,10,13,237,-8,10,21,229,-8
68,69,11,2,273,0,11,2,273,0
68,70,11,3,272,0,11,3,272,0
68,71,11,3,272,0,11,3,272,0
68,72,10,11,239,8,10,3,247,8
68,73,10,11,239,8,10,3,247,8
68,74,10,11,239,8,10,3,247,8
68,75,10,12,238,1,10,11,239,1
68,76,10,12,238,1,10,11,239,1
68,77,10,12,238,1,10,11,239,1
68,78,10,14,236,-6,10,20,230,-6
68,79,10,14,236,-6,10,20,230,-6
68,80,10,14,236,-6,10,20,230,-6
68,81,10,13,237,-9,10,22,228,-9
68,82,10,13,237,-9,10,22,228,-9
68,83,10,13,237,-9,10,22,228,-9
68,84,11,3,272,0,11,3,272,0
68,85,11,3,272,0,11,3,272,0
68,86,11,2,273,0,11,2,273,0
68,87,10,13,237,-8,10,21,229,-8
68,88,10,13,237,-8,10,21,229,-8
68,89,10,13,237,-8,10,21,229,-8
68,90,10,14,236,10,10,4,246,10
68,91,10,14,236,10,10,4,246,10
68,92,10,14,236,10,10,4,246,10
68,93,11,13,262,0,11,13,262,0
68,94,11,13,262,0,11,13,262,0
68,95,11,13,262,0,11,13,262,0
69,0,10,11,239,3,10,8,242,3
69,1,10,11,239,3,10,8,242,3
69,2,10,11,239,3,10,8,242,3
69,3,10,10,240,-8,10,18,232,-8
69,4,10,11,239,-8,10,19,231,-8
69,5,10,11,239,-8,10,19,231,-8
69,6,10,14,236,2,10,12,238,2
69,7,10,14,236,2,10,12,238,2
69,8,10,14,236,2,10,12,238,2
69,9,10,12,238,-8,10,20,230,-8
69,10,10,11,239,-8,10,19,231,-8
69,11,10,12,238,-8,10,20,230,-8
69,12,13,22,303,0,13,22,303,0
69,13,13,22,303,0,13,22,303,0
69,14,13,22,303,0,13,22,303,0
69,15,13,22,303,0,13,22,303,0
69,16,13,22,303,0,13,22,303,0
69,17,13,22,303,0,13,22,303,0
69,18,13,22,303,0,13,22,303,0
69,19,13,22,303,0,13,22,303,0
69,20,13,22,303,0,13,22,303,0
69,21,13,22,303,0,13,22,303,0
69,22,13,22,303,0,13,22,303,0
69,23,13,22,303,0,13,22,303,0
69,24,13,22,303,0,13,22,303,0
69,25,13,22,303,0,13,22,303,0
69,26,13,22,303,0,13,22,303,0
69,27,13,22,303,0,13,22,303,0
69,28,13,22,303,0,13,22,303,0
69,29,13,22,303,0,13,22,303,0
69,30,13,22,303,0,13,22,303,0
69,31,13,22,303,0,13,22,303,0
69,32,13,22,303,0,13,22,303,0
69,33,13,22,303,0,13,22,303,0
69,34,13,22,303,0,13,22,303,0
69,35,13,22,303,0,13,22,303,0
69,36,10,13,237,9,10,4,246,9
69,37,10,13,237,9,10,4,246,9
69,38,10,13,237,9,10,4,246,9
69,39,10,15,235,8,10,7,243,8
69,40,10,15,235,8,10,7,243,8
69,41,10,15,235,8,10,7,243,8
69,42,10,14,236,8,10,6,244,8
69,43,10,14,236,8,10,6,244,8
69,44,10,14,236,8,10,6,244,8
69,45,10,16,234,5,10,11,239,5
69,46,10,16,234,5,10,11,239,5
69,47,10,16,234,5,10,11,239,5
69,48,10,15,235,4,10,11,239,4
69,49,10,15,235,4,10,11,239,4
69,50,10,15,235,4,10,11,239,4
69,51,10,15,235,3,10,12,238,3
69,52,10,15,235,3,10,12,238,3
69,53,10,15,235,3,10,12,238,3
69,54,10,17,233,-4,10,21,229,-4
69,55,10,17,233,-4,10,21,229,-4
69,56,10,17,233,-4,10,21,229,-4
69,57,10,15,235,6,10,9,241,6
69,58,10,15,235,6,10,9,241,6
69,59,10,15,235,6,10,9,241,6
69,60,10,14,236,-2,10,16,234,-2
69,61,10,14,236,-2,10,16,234,-2
69,62,10,14,236,-2,10,16,234,-2
69,63,10,15,235,-7,10,22,228,-7
69,64,10,15,235,-7,10,22,228,-7
69,65,10,15,235,-7,10,22,228,-7
69,66,10,14,236,6,10,8,242,6
69,67,10,14,236,6,10,8,242,6
69,68,10,14,236,6,10,8,242,6
69,69,10,15,235,10,10,5,245,10
69,70,10,15,235,10,10,5,245,10
69,71,10,15,235,10,10,5,245,10
69,72,10,16,234,8,10,8,242,8
69,73,10,16,234,8,10,8,242,8
69,74,10,16,234,8,10,8,242,8
69,75,10,15,235,7,10,8,242,7
69,76,10,15,235,7,10,8,242,7
69,77,10,15,235,7,10,8,242,7
69,78,10,16,234,-1,10,17,233,-1
69,79,10,16,234,-1,10,17,233,-1
69,80,10,16,234,-1,10,17,233,-1
69,81,10,13,237,-7,10,20,230,-7
69,82,10,13,237,-7,10,20,230,-7
69,83,10,13,237,-7,10,20,230,-7
69,84,10,11,239,-8,10,19,231,-8
69,85,10,11,239,-8,10,19,231,-8
69,86,10,11,239,-8,10,19,231,-8
69,87,10,14,236,0,10,14,236,0
69,88,10,14,236,0,10,14,236,0
69,89,10,14,236,0,10,14,236,0
69,90,10,15,235,-4,10,19,231,-4
69,91,10,15,235,-4,10,19,231,-4
69,92,10,15,235,-4,10,19,231,-4
69,93,10,15,235,-8,10,23,227,-8
69,94,10,15,235,-8,10,23,227,-8
69,95,10,15,235,-8,10,23,227,-8
70,0,10,12,238,9,10,3,247,9
70,1,10,12,238,9,10,3,247,9
70,2,10,12,238,9,10,3,247,9
70,3,10,13,237,-4,10,17,233,-4
70,4,10,13,237,-4,10,17,233,-4
70,5,10,13,237,-4,10,17,233,-4
70,6,10,16,234,-1,10,17,233,-1
70,7,10,16,234,-1,10,17,233,-1
70,8,10,16,234,-1,10,17,233,-1
70,9,10,15,235,-3,10,18,232,-3
70,10,10,15,235,-3,10,18,232,-3
70,11,10,15,235,-3,10,18,232,-3
70,12,10,13,237,9,10,4,246,9
70,13,10,13,237,9,10,4,246,9
70,14,10,13,237,9,10,4,246,9
70,15,10,11,239,-7,10,18,232,-7
70,16,10,11,239,-7,10,18,232,-7
70,17,10,11,239,-7,10,18,232,-7
70,18,10,13,237,3,10,10,240,3
70,19,10,13,237,3,10,10,240,3
70,20,10,13,237,3,10,10,240,3
70,21,10,13,237,5,10,8,242,5
70,22,10,13,237,5,10,8,242,5
70,23,10,13,237,5,10,8,242,5
70,24,10,12,238,3,10,9,241,3
70,25,10,12,238,3,10,9,241,3
70,26,10,12,238,3,10,9,241,3
70,27,10,13,237,0,10,13,237,0
70,28,10,13,237,0,10,13,237,0
70,29,10,13,237,0,10,13,237,0
70,30,10,15,235,-9,10,24,226,-9
70,31,10,15,235,-9,10,24,226,-9
70,32,10,15,235,-9,10,24,226,-9
70,33,10,15,235,4,10,11,239,4
70,34,10,15,235,4,10,11,239,4
70,35,10,15,235,4,10,11,239,4
70,36,11,2,273,0,11,2,273,0
70,37,11,2,273,0,11,2,273,0
70,38,11,2,273,0,11,2,273,0
70,39,11,2,273,0,11,2,273,0
70,40,11,2,273,0,11,2,273,0
70,41,11,2,273,0,11,2,273,0
70,42,10,8,242,0,10,8,242,0
70,43,10,7,243,0,10,7,243,0
70,44,10,8,242,0,10,8,242,0
70,45,10,8,242,0,10,8,242,0
70,46,10,8,242,0,10,8,242,0
70,47,10,8,242,0,10,8,242,0
70,48,10,16,234,0,10,16,234,0
70,49,10,16,234,0,10,16,234,0
70,50,10,16,234,0,10,16,234,0
70,51,10,13,237,8,10,5,245,8
70,52,10,13,237,8,10,5,245,8
70,53,10,13,237,8,10,5,245,8
70,54,10,16,234,-10,9,1,224,-10
70,55,10,16,234,-10,9,1,224,-10
70,56,10,16,234,-10,9,1,224,-10
70,57,10,14,236,9,10,5,245,9
70,58,10,14,236,9,10,5,245,9
70,59,10,14,236,9,10,5,245,9
70,60,10,15,235,-6,10,21,229,-6
70,61,10,15,235,-6,10,21,229,-6
70,62,10,15,235,-6,10,21,229,-6
70,63,10,5,245,0,10,5,245,0
70,64,10,5,245,0,10,5,245,0
70,65,10,5,245,0,10,5,245,0
70,66,10,13,237,2,10,11,239,2
70,67,10,13,237,2,10,11,239,2
70,68,10,13,237,2,10,11,239,2
70,69,10,14,236,-2,10,16,234,-2
70,70,10,14,236,-2,10,16,234,-2
70,71,10,14,236,-2,10,16,234,-2
70,72,10,4,246,0,10,4,246,0
70,73,10,4,246,0,10,4,246,0
70,74,10,4,246,0,10,4,246,0
70,75,10,16,234,0,10,16,234,0
70,76,10,16,234,0,10,16,234,0
70,77,10,16,234,0,10,16,234,0
70,78,10,16,234,0,10,16,234,0
70,79,10,16,234,0,10,16,234,0
70,80,10,16,234,0,10,16,234,0
70,81,10,16,234,0,10,16,234,0
70,82,10,16,234,0,10,16,234,0
70,83,10,16,234,0,10,16,234,0
70,84,10,12,238,-1,10,13,237,-1
70,85,10,12,238,-1,10,13,237,-1
70,86,10,12,238,-1,10,13,237,-1
70,87,10,12,238,10,10,2,248,10
70,88,10,12,238,10,10,2,248,10
70,89,10,12,238,10,10,2,248,10
70,90,10,15,235,2,10,13,237,2
70,91,10,15,235,2,10,13,237,2
70,92,10,15,235,2,10,13,237,2
70,93,10,14,236,-3,10,17,233,-3
70,94,10,14,236,-3,10,17,233,-3
70,95,10,14,236,-3,10,17,233,-3
71,0,10,13,237,0,10,13,237,0
71,1,10,13,237,0,10,13,237,0
71,2,10,13,237,0,10,13,237,0
71,3,10,14,236,8,10,6,244,8
71,4,10,14,236,8,10,6,244,8
71,5,10,14,236,8,10,6,244,8
71,6,10,14,236,1,10,13,237,1
71,7,10,14,236,1,10,13,237,1
71,8,10,14,236,1,10,13,237,1
71,9,10,14,236,8,10,6,244,8
71,10,10,14,236,8,10,6,244,8
71,11,10,14,236,8,10,6,244,8
71,12,10,15,235,5,10,10,240,5
71,13,10,15,235,5,10,10,240,5
71,14,10,15,235,5,10,10,240,5
71,15,10,15,235,4,10,11,239,4
71,16,10,15,235,4,10,11,239,4
71,17,10,15,235,4,10,11,239,4
71,18,10,18,232,-5,10,23,227,-5
71,19,10,18,232,-5,10,23,227,-5
71,20,10,18,232,-5,10,23,227,-5
71,21,10,18,232,7,10,11,239,7
71,22,10,18,232,7,10,11,239,7
71,23,10,18,232,7,10,11,239,7
71,24,10,16,234,-8,10,24,226,-8
71,25,10,16,234,-8,10,24,226,-8
71,26,10,16,234,-8,10,24,226,-8
71,27,10,16,234,7,10,9,241,7
71,28,10,16,234,7,10,9,241,7
71,29,10,16,234,7,10,9,241,7
71,30,10,17,233,-7,10,24,226,-7
71,31,10,17,233,-7,10,24,226,-7
71,32,10,17,233,-7,10,24,226,-7
71,33,10,17,233,9,10,8,242,9
71,34,10,17,233,9,10,8,242,9
71,35,10,17,233,9,10,8,242,9
71,36,10,18,232,8,10,10,240,8
71,37,10,18,232,8,10,10,240,8
71,38,10,18,232,8,10,10,240,8
71,39,10,16,234,0,10,16,234,0
71,40,10,16,234,0,10,16,234,0
71,41,10,16,234,0,10,16,234,0
71,42,10,17,233,-8,9,0,225,-8
71,43,10,17,233,-8,9,0,225,-8
71,44,10,17,233,-8,9,0,225,-8
71,45,10,17,233,-7,10,24,226,-7
71,46,10,17,233,-7,10,24,226,-7
71,47,10,17,233,-7,10,24,226,-7
71,48,11,2,273,0,11,2,273,0
71,49,11,2,273,0,11,2,273,0
71,50,11,2,273,0,11,2,273,0
71,51,11,2,273,0,11,2,273,0
71,52,11,2,273,0,11,2,273,0
71,53,11,2,273,0,11,2,273,0
71,54,10,18,232,-8,9,1,224,-8
71,55,10,18,232,-8,9,1,224,-8
71,56,10,18,232,-8,9,1,224,-8
71,57,10,18,232,-2,10,20,230,-2
71,58,10,18,232,-2,10,20,230,-2
71,59,10,18,232,-2,10,20,230,-2
71,60,10,18,232,-10,9,3,222,-10
71,61,10,18,232,-10,9,3,222,-10
71,62,10,18,232,-10,9,3,222,-10
71,63,10,17,233,-6,10,23,227,-6
71,64,10,17,233,-6,10,23,227,-6
71,65,10,17,233,-6,10,23,227,-6
71,66,10,17,233,-10,9,2,223,-10
71,67,10,17,233,-10,9,2,223,-10
71,68,10,17,233,-10,9,2,223,-10
71,69,10,18,232,9,10,9,241,9
71,70,10,18,232,9,10,9,241,9
71,71,10,18,232,9,10,9,241,9
71,72,10,17,233,-8,9,0,225,-8
71,73,10,17,233,-8,9,0,225,-8
71,74,10,17,233,-8,9,0,225,-8
71,75,10,14,236,8,10,6,244,8
71,76,10,14,236,8,10,6,244,8
71,77,10,14,236,8,10,6,244,8
71,78,10,18,232,-7,9,0,225,-7
71,79,10,18,232,-7,9,0,225,-7
71,80,10,18,232,-7,9,0,225,-7
71,81,10,17,233,-5,10,22,228,-5
71,82,10,17,233,-5,10,22,228,-5
71,83,10,17,233,-5,10,22,228,-5
71,84,10,18,232,-3,10,21,229,-3
71,85,10,18,232,-3,10,21,229,-3
71,86,10,18,232,-3,10,21,229,-3
71,87,10,18,232,9,10,9,241,9
71,88,10,18,232,9,10,9,241,9
71,89,10,18,232,9,10,9,241,9
71,90,10,18,232,6,10,12,238,6
71,91,10,18,232,6,10,12,238,6
71,92,10,18,232,6,10,12,238,6
71,93,10,14,236,-4,10,18,232,-4
71,94,10,14,236,-4,10,18,232,-4
71,95,10,14,236,-4,10,18,232,-4
72,0,11,13,262,-2,11,15,260,-2
72,1,11,13,262,-2,11,15,260,-2
72,2,11,13,262,-2,11,15,260,-2
72,3,11,15,260,-6,11,21,254,-6
72,4,11,15,260,-6,11,21,254,-6
72,5,11,15,260,-6,11,21,254,-6
72,6,11,16,259,1,11,15,260,1
72,7,11,16,259,1,11,15,260,1
72,8,11,16,259,1,11,15,260,1
72,9,11,15,260,1,11,14,261,1
72,10,11,15,260,1,11,14,261,1
72,11,11,15,260,1,11,14,261,1
72,12,14,22,328,0,14,22,328,0
72,13,14,22,328,0,14,22,328,0
72,14,14,22,328,0,14,22,328,0
72,15,14,22,328,0,14,22,328,0
72,16,14,22,328,0,14,22,328,0
72,17,14,22,328,0,14,22,328,0
72,18,14,22,328,0,14,22,328,0
72,19,14,22,328,0,14,22,328,0
72,20,14,22,328,0,14,22,328,0
72,21,14,22,328,0,14,22,328,0
72,22,14,22,328,0,14,22,328,0
72,23,14,22,328,0,14,22,328,0
72,24,14,23,327,0,14,23,327,0
72,25,14,23,327,0,14,23,327,0
72,26,14,23,327,0,14,23,327,0
72,27,14,23,327,0,14,23,327,0
72,28,14,23,327,0,14,23,327,0
72,29,14,23,327,0,14,23,327,0
72,30,14,23,327,0,14,23,327,0
72,31,14,23,327,0,14,23,327,0
72,32,14,23,327,0,14,23,327,0
72,33,14,23,327,0,14,23,327,0
72,34,14,23,327,0,14,23,327,0
72,35,14,23,327,0,14,23,327,0
72,36,11,14,261,0,11,14,261,0
72,37,11,14,261,0,11,14,261,0
72,38,11,14,261,0,11,14,261,0
72,39,11,15,260,7,11,8,267,7
72,40,11,16,259,7,11,9,266,7
72,41,11,15,260,7,11,8,267,7
72,42,11,17,258,4,11,13,262,4
72,43,11,17,258,4,11,13,262,4
72,44,11,17,258,4,11,13,262,4
72,45,11,16,259,-6,11,22,253,-6
72,46,11,16,259,-6,11,22,253,-6
72,47,11,16,259,-6,11,22,253,-6
72,48,11,16,259,8,11,8,267,8
72,49,11,16,259,8,11,8,267,8
72,50,11,16,259,8,11,8,267,8
72,51,11,16,259,-6,11,22,253,-6
72,52,11,16,259,-6,11,22,253,-6
72,53,11,16,259,-6,11,22,253,-6
72,54,11,16,259,-1,11,17,258,-1
72,55,11,16,259,-1,11,17,258,-1
72,56,11,16,259,-1,11,17,258,-1
72,57,11,16,259,4,11,12,263,4
72,58,11,16,259,4,11,12,263,4
72,59,11,16,259,4,11,12,263,4
72,60,11,14,261,-2,11,16,259,-2
72,61,11,14,261,-2,11,16,259,-2
72,62,11,14,261,-2,11,16,259,-2
72,63,11,15,260,3,11,12,263,3
72,64,11,15,260,3,11,12,263,3
72,65,11,15,260,3,11,12,263,3
72,66,11,17,258,6,11,11,264,6
72,67,11,17,258,6,11,11,264,6
72,68,11,17,258,6,11,11,264,6
72,69,11,13,262,-2,11,15,260,-2
72,70,11,13,262,-2,11,15,260,-2
72,71,11,13,262,-2,11,15,260,-2
72,72,11,15,260,-10,10,0,250,-10
72,73,11,15,260,-10,10,0,250,-10
72,74,11,15,260,-10,10,0,250,-10
72,75,11,16,259,-4,11,20,255,-4
72,76,11,16,259,-4,11,20,255,-4
72,77,11,16,259,-4,11,20,255,-4
72,78,11,17,258,6,11,11,264,6
72,79,11,17,258,6,11,11,264,6
72,80,11,17,258,6,11,11,264,6
72,81,11,16,259,7,11,9,266,7
72,82,11,16,259,7,11,9,266,7
72,83,11,16,259,7,11,9,266,7
72,84,11,15,260,1,11,14,261,1
72,85,11,15,260,1,11,14,261,1
72,86,11,15,260,1,11,14,261,1
72,87,11,16,259,1,11,15,260,1
72,88,11,16,259,1,11,15,260,1
72,89,11,16,259,1,11,15,260,1
72,90,11,15,260,10,11,5,270,10
72,91,11,15,260,10,11,5,270,10
72,92,11,15,260,10,11,5,270,10
72,93,11,17,258,-2,11,19,256,-2
72,94,11,17,258,-2,11,19,256,-2
72,95,11,17,258,-2,11,19,256,-2
73,0,11,14,261,10,11,4,271,10
73,1,11,14,261,10,11,4,271,10
73,2,11,14,261,10,11,4,271,10
73,3,11,14,261,5,11,9,266,5
73,4,11,14,261,5,11,9,266,5
73,5,11,14,261,5,11,9,266,5
73,6,11,15,260,-2,11,17,258,-2
73,7,11,15,260,-2,11,17,258,-2
73,8,11,15,260,-2,11,17,258,-2
73,9,11,16,259,-4,11,20,255,-4
73,10,11,16,259,-4,11,20,255,-4
73,11,11,16,259,-4,11,20,255,-4
73,12,11,15,260,7,11,8,267,7
73,13,11,15,260,7,11,8,267,7
73,14,11,15,260,7,11,8,267,7
73,15,11,14,261,4,11,10,265,4
73,16,11,14,261,4,11,10,265,4
73,17,11,14,261,4,11,10,265,4
73,18,11,16,259,7,11,9,266,7
73,19,11,16,259,7,11,9,266,7
73,20,11,16,259,7,11,9,266,7
73,21,11,17,258,6,11,11,264,6
73,22,11,17,258,6,11,11,264,6
73,23,11,17,258,6,11,11,264,6
73,24,11,14,261,5,11,9,266,5
73,25,11,14,261,5,11,9,266,5
73,26,11,14,261,5,11,9,266,5
73,27,11,15,260,-7,11,22,253,-7
73,28,11,15,260,-7,11,22,253,-7
73,29,11,15,260,-7,11,22,253,-7
73,30,11,14,261,7,11,7,268,7
73,31,11,14,261,7,11,7,268,7
73,32,11,14,261,7,11,7,268,7
73,33,11,15,260,9,11,6,269,9
73,34,11,15,260,9,11,6,269,9
73,35,11,15,260,9,11,6,269,9
73,36,11,17,258,9,11,8,267,9
73,37,11,17,258,9,11,8,267,9
73,38,11,17,258,9,11,8,267,9
73,39,11,16,259,-2,11,18,257,-2
73,40,11,16,259,-2,11,18,257,-2
73,41,11,16,259,-2,11,18,257,-2
73,42,11,17,258,-7,11,24,251,-7
73,43,11,17,258,-7,11,24,251,-7
73,44,11,17,258,-7,11,24,251,-7
73,45,11,16,259,9,11,7,268,9
73,46,11,16,259,9,11,7,268,9
73,47,11,16,259,9,11,7,268,9
73,48,12,2,298,0,12,2,298,0
73,49,12,2,298,0,12,2,298,0
73,50,12,2,298,0,12,2,298,0
73,51,12,2,298,0,12,2,298,0
73,52,12,2,298,0,12,2,298,0
73,53,12,2,298,0,12,2,298,0
73,54,11,17,258,-7,11,24,251,-7
73,55,11,17,258,-7,11,24,251,-7
73,56,11,17,258,-7,11,24,251,-7
73,57,11,16,259,-1,11,17,258,-1
73,58,11,16,259,-1,11,17,258,-1
73,59,11,16,259,-1,11,17,258,-1
73,60,11,16,259,3,11,13,262,3
73,61,11,16,259,3,11,13,262,3
73,62,11,16,259,3,11,13,262,3
73,63,11,18,257,5,11,13,262,5
73,64,11,18,257,5,11,13,262,5
73,65,11,18,257,5,11,13,262,5
73,66,11,17,258,1,11,16,259,1
73,67,11,17,258,1,11,16,259,1
73,68,11,17,258,1,11,16,259,1
73,69,11,17,258,3,11,14,261,3
73,70,11,17,258,3,11,14,261,3
73,71,11,17,258,3,11,14,261,3
73,72,11,17,258,8,11,9,266,8
73,73,11,17,258,8,11,9,266,8
73,74,11,17,258,8,11,9,266,8
73,75,11,15,260,-7,11,22,253,-7
73,76,11,15,260,-7,11,22,253,-7
73,77,11,15,260,-7,11,22,253,-7
73,78,11,16,259,6,11,10,265,6
73,79,11,16,259,6,11,10,265,6
73,80,11,16,259,6,11,10,265,6
73,81,11,16,259,9,11,7,268,9
73,82,11,16,259,9,11,7,268,9
73,83,11,16,259,9,11,7,268,9
73,84,11,4,271,0,11,4,271,0
73,85,11,4,271,0,11,4,271,0
73,86,11,4,271,0,11,4,271,0
73,87,11,16,259,-2,11,18,257,-2
73,88,11,16,259,-2,11,18,257,-2
73,89,11,16,259,-2,11,18,257,-2
73,90,11,19,256,7,11,12,263,7
73,91,11,19,256,7,11,12,263,7
73,92,11,19,256,7,11,12,263,7
73,93,11,18,257,-2,11,20,255,-2
73,94,11,18,257,-2,11,20,255,-2
73,95,11,18,257,-2,11,20,255,-2
74,0,12,14,286,8,12,6,294,8
74,1,12,14,286,8,12,6,294,8
74,2,12,14,286,2,12,12,288,2
74,3,12,14,286,2,12,12,288,2
74,4,12,14,286,10,12,4,296,10
74,5,12,14,286,10,12,4,296,10
74,6,12,14,286,8,12,6,294,8
74,7,12,14,286,8,12,6,294,8
74,8,12,16,284,7,12,9,291,7
74,9,12,16,284,7,12,9,291,7
74,10,12,14,286,4,12,10,290,4
74,11,12,14,286,4,12,10,290,4
74,12,12,14,286,7,12,7,293,7
74,13,12,14,286,7,12,7,293,7
74,14,12,5,295,0,12,5,295,0
74,15,12,5,295,0,12,5,295,0
74,16,12,18,282,9,12,9,291,9
74,17,12,17,283,9,12,8,292,9
74,18,12,5,295,0,12,5,295,0
74,19,12,5,295,0,12,5,295,0
74,20,12,4,296,0,12,4,296,0
74,21,12,4,296,0,12,4,296,0
74,22,12,15,285,7,12,8,292,7
74,23,12,15,285,7,12,8,292,7
74,24,12,4,296,0,12,4,296,0
74,25,12,4,296,0,12,4,296,0
74,26,12,14,286,0,12,14,286,0
74,27,12,14,286,0,12,14,286,0
74,28,12,16,284,8,12,8,292,8
74,29,12,16,284,8,12,8,292,8
74,30,12,4,296,0,12,4,296,0
74,31,12,4,296,0,12,4,296,0
74,32,12,16,284,1,12,15,285,1
74,33,12,16,284,1,12,15,285,1
74,34,12,17,283,-3,12,20,280,-3
74,35,12,17,283,-3,12,20,280,-3
74,36,12,16,284,2,12,14,286,2
74,37,12,16,284,2,12,14,286,2
74,38,12,14,286,-7,12,21,279,-7
74,39,12,14,286,-7,12,21,279,-7
74,40,12,4,296,0,12,4,296,0
74,41,12,4,296,0,12,4,296,0
74,42,12,15,285,-8,12,23,277,-8
74,43,12,15,285,-8,12,23,277,-8
74,44,12,16,284,1,12,15,285,1
74,45,12,16,284,1,12,15,285,1
74,46,12,17,283,-3,12,20,280,-3
74,47,12,17,283,-3,12,20,280,-3
74,48,12,18,282,-3,12,21,279,-3
74,49,12,18,282,-3,12,21,279,-3
74,50,12,15,285,9,12,6,294,9
74,51,12,15,285,9,12,6,294,9
74,52,12,4,296,0,12,4,296,0
74,53,12,4,296,0,12,4,296,0
74,54,12,14,286,-5,12,19,281,-5
74,55,12,14,286,-5,12,19,281,-5
74,56,12,17,283,1,12,16,284,1
74,57,12,17,283,1,12,16,284,1
74,58,12,15,285,-4,12,19,281,-4
74,59,12,15,285,-4,12,19,281,-4
74,60,12,4,296,0,12,4,296,0
74,61,12,4,296,0,12,4,296,0
74,62,12,4,296,0,12,4,296,0
74,63,12,4,296,0,12,4,296,0
74,64,12,4,296,0,12,4,296,0
74,65,12,4,296,0,12,4,296,0
74,66,12,5,295,0,12,5,295,0
74,67,12,5,295,0,12,5,295,0
74,68,12,17,283,-3,12,20,280,-3
74,69,12,17,283,-3,12,20,280,-3
74,70,12,5,295,0,12,5,295,0
74,71,12,5,295,0,12,5,295,0
74,72,12,6,294,0,12,6,294,0
74,73,12,6,294,0,12,6,294,0
74,74,12,5,295,0,12,5,295,0
74,75,12,5,295,0,12,5,295,0
74,76,12,6,294,0,12,6,294,0
74,77,12,6,294,0,12,6,294,0
74,78,12,6,294,0,12,6,294,0
74,79,12,6,294,0,12,6,294,0
74,80,12,5,295,0,12,5,295,0
74,81,12,5,295,0,12,5,295,0
74,82,12,5,295,0,12,5,295,0
74,83,12,5,295,0,12,5,295,0
74,84,13,3,322,0,13,3,322,0
74,85,13,3,322,0,13,3,322,0
74,86,13,3,322,0,13,3,322,0
74,87,13,3,322,0,13,3,322,0
74,88,13,3,322,0,13,3,322,0
74,89,13,3,322,0,13,3,322,0
74,90,12,14,286,-10,12,24,276,-10
74,91,12,14,286,-10,12,24,276,-10
74,92,12,16,284,5,12,11,289,5
74,93,12,16,284,5,12,11,289,5
74,94,12,15,285,10,12,5,295,10
74,95,12,15,285,10,12,5,295,10
75,0,11,19,256,3,11,16,259,3
75,1,11,19,256,3,11,16,259,3
75,2,11,15,260,-6,11,21,254,-6
75,3,11,15,260,-6,11,21,254,-6
75,4,11,12,263,-10,11,22,253,-10
75,5,11,12,263,-10,11,22,253,-10
75,6,11,13,262,2,11,11,264,2
75,7,11,13,262,2,11,11,264,2
75,8,11,14,261,-10,11,24,251,-10
75,9,11,14,261,-10,11,24,251,-10
75,10,11,13,262,0,11,13,262,0
75,11,11,13,262,0,11,13,262,0
75,12,12,2,298,0,12,2,298,0
75,13,12,2,298,0,12,2,298,0
75,14,12,2,298,0,12,2,298,0
75,15,12,2,298,0,12,2,298,0
75,16,12,2,298,0,12,2,298,0
75,17,12,2,298,0,12,2,298,0
75,18,11,17,258,-8,10,0,250,-8
75,19,11,17,258,-8,10,0,250,-8
75,20,11,17,258,-5,11,22,253,-5
75,21,11,17,258,-5,11,22,253,-5
75,22,11,15,260,-6,11,21,254,-6
75,23,11,15,260,-6,11,21,254,-6
75,24,11,19,256,-9,10,3,247,-9
75,25,11,19,256,-9,10,3,247,-9
75,26,11,18,257,3,11,15,260,3
75,27,11,18,257,3,11,15,260,3
75,28,11,21,254,-4,10,0,250,-4
75,29,11,21,254,-4,10,0,250,-4
75,30,11,14,261,-2,11,16,259,-2
75,31,11,14,261,-2,11,16,259,-2
75,32,11,18,257,-10,10,3,247,-10
75,33,11,18,257,-10,10,3,247,-10
75,34,11,15,260,-9,11,24,251,-9
75,35,11,15,260,-9,11,24,251,-9
75,36,11,17,258,2,11,15,260,2
75,37,11,17,258,2,11,15,260,2
75,38,11,15,260,0,11,15,260,0
75,39,11,15,260,0,11,15,260,0
75,40,11,15,260,-5,11,20,255,-5
75,41,11,15,260,-5,11,20,255,-5
75,42,11,14,261,0,11,14,261,0
75,43,11,14,261,0,11,14,261,0
75,44,11,24,251,2,11,22,253,2
75,45,11,24,251,2,11,22,253,2
75,46,11,23,252,-9,10,7,243,-9
75,47,11,23,252,-9,10,7,243,-9
75,48,11,14,261,7,11,7,268,7
75,49,11,14,261,7,11,7,268,7
75,50,11,15,260,0,11,15,260,0
75,51,11,15,260,0,11,15,260,0
75,52,11,15,260,0,11,15,260,0
75,53,11,15,260,0,11,15,260,0
75,54,11,13,262,0,11,13,262,0
75,55,11,13,262,0,11,13,262,0
75,56,11,14,261,0,11,14,261,0
75,57,11,14,261,0,11,14,261,0
75,58,11,13,262,-1,11,14,261,-1
75,59,11,13,262,-1,11,14,261,-1
75,60,11,17,258,6,11,11,264,6
75,61,11,17,258,6,11,11,264,6
75,62,11,20,255,10,11,10,265,10
75,63,11,20,255,10,11,10,265,10
75,64,11,17,258,-9,10,1,249,-9
75,65,11,17,258,-9,10,1,249,-9
75,66,11,21,254,3,11,18,257,3
75,67,11,21,254,3,11,18,257,3
75,68,11,17,258,-10,10,2,248,-10
75,69,11,17,258,-10,10,2,248,-10
75,70,11,18,257,-4,11,22,253,-4
75,71,11,18,257,-4,11,22,253,-4
75,72,11,23,252,10,11,13,262,10
75,73,11,23,252,10,11,13,262,10
75,74,11,13,262,0,11,13,262,0
75,75,11,13,262,0,11,13,262,0
75,76,11,16,259,4,11,12,263,4
75,77,11,17,258,4,11,13,262,4
75,78,11,14,261,-1,11,15,260,-1
75,79,11,14,261,-1,11,15,260,-1
75,80,11,14,261,7,11,7,268,7
75,81,11,13,262,7,11,6,269,7
75,82,11,21,254,6,11,15,260,6
75,83,11,22,253,6,11,16,259,6
75,84,11,20,255,-5,10,0,250,-5
75,85,11,20,255,-5,10,0,250,-5
75,86,11,18,257,-9,10,2,248,-9
75,87,11,18,257,-9,10,2,248,-9
75,88,11,18,257,5,11,13,262,5
75,89,11,18,257,5,11,13,262,5
75,90,11,17,258,-6,11,23,252,-6
75,91,11,17,258,-6,11,23,252,-6
75,92,11,16,259,-3,11,19,256,-3
75,93,11,16,259,-3,11,19,256,-3
75,94,11,16,259,8,11,8,267,8
75,95,11,16,259,8,11,8,267,8
76,0,11,16,259,9,11,7,268,9
76,1,11,16,259,9,11,7,268,9
76,2,11,14,261,3,11,11,264,3
76,3,11,14,261,3,11,11,264,3
76,4,11,17,258,0,11,17,258,0
76,5,11,17,258,0,11,17,258,0
76,6,11,15,260,-7,11,22,253,-7
76,7,11,15,260,-7,11,22,253,-7
76,8,11,15,260,-7,11,22,253,-7
76,9,11,15,260,-7,11,22,253,-7
76,10,11,14,261,-10,11,24,251,-10
76,11,11,14,261,-10,11,24,251,-10
76,12,11,15,260,6,11,9,266,6
76,13,11,15,260,6,11,9,266,6
76,14,11,16,259,5,11,11,264,5
76,15,11,16,259,5,11,11,264,5
76,16,11,17,258,-1,11,18,257,-1
76,17,11,17,258,-1,11,18,257,-1
76,18,11,16,259,-5,11,21,254,-5
76,19,11,16,259,-5,11,21,254,-5
76,20,11,17,258,-10,10,2,248,-10
76,21,11,17,258,-10,10,2,248,-10
76,22,11,18,257,3,11,15,260,3
76,23,11,18,257,3,11,15,260,3
76,24,12,2,298,0,12,2,298,0
76,25,12,2,298,0,12,2,298,0
76,26,12,2,298,0,12,2,298,0
76,27,12,2,298,0,12,2,298,0
76,28,12,2,298,0,12,2,298,0
76,29,12,2,298,0,12,2,298,0
76,30,11,16,259,4,11,12,263,4
76,31,11,16,259,4,11,12,263,4
76,32,11,19,256,4,11,15,260,4
76,33,11,19,256,4,11,15,260,4
76,34,11,16,259,-1,11,17,258,-1
76,35,11,16,259,-1,11,17,258,-1
76,36,11,19,256,9,11,10,265,9
76,37,11,19,256,9,11,10,265,9
76,38,11,17,258,-9,10,1,249,-9
76,39,11,17,258,-9,10,1,249,-9
76,40,11,16,259,7,11,9,266,7
76,41,11,16,259,7,11,9,266,7
76,42,11,16,259,-10,10,1,249,-10
76,43,11,16,259,-10,10,1,249,-10
76,44,11,17,258,-4,11,21,254,-4
76,45,11,17,258,-4,11,21,254,-4
76,46,11,16,259,10,11,6,269,10
76,47,11,16,259,10,11,6,269,10
76,48,11,18,257,9,11,9,266,9
76,49,11,18,257,9,11,9,266,9
76,50,11,17,258,-5,11,22,253,-5
76,51,11,17,258,-5,11,22,253,-5
76,52,11,18,257,-6,11,24,251,-6
76,53,11,18,257,-6,11,24,251,-6
76,54,11,17,258,-2,11,19,256,-2
76,55,11,17,258,-2,11,19,256,-2
76,56,11,19,256,7,11,12,263,7
76,57,11,19,256,7,11,12,263,7
76,58,11,19,256,2,11,17,258,2
76,59,11,19,256,2,11,17,258,2
76,60,11,17,258,2,11,15,260,2
76,61,11,17,258,2,11,15,260,2
76,62,11,15,260,1,11,14,261,1
76,63,11,15,260,1,11,14,261,1
76,64,11,18,257,3,11,15,260,3
76,65,11,18,257,3,11,15,260,3
76,66,11,16,259,7,11,9,266,7
76,67,11,16,259,7,11,9,266,7
76,68,11,17,258,-2,11,19,256,-2
76,69,11,17,258,-2,11,19,256,-2
76,70,11,15,260,6,11,9,266,6
76,71,11,15,260,6,11,9,266,6
76,72,11,17,258,9,11,8,267,9
76,73,11,17,258,9,11,8,267,9
76,74,11,16,259,0,11,16,259,0
76,75,11,16,259,0,11,16,259,0
76,76,11,18,257,2,11,16,259,2
76,77,11,18,257,2,11,16,259,2
76,78,11,15,260,10,11,5,270,10
76,79,11,15,260,10,11,5,270,10
76,80,11,16,259,9,11,7,268,9
76,81,11,16,259,9,11,7,268,9
76,82,11,18,257,1,11,17,258,1
76,83,11,18,257,1,11,17,258,1
76,84,11,17,258,-9,10,1,249,-9
76,85,11,17,258,-9,10,1,249,-9
76,86,11,16,259,-7,11,23,252,-7
76,87,11,16,259,-7,11,23,252,-7
76,88,11,18,257,-10,10,3,247,-10
76,89,11,18,257,-10,10,3,247,-10
76,90,11,18,257,-10,10,3,247,-10
76,91,11,18,257,-10,10,3,247,-10
76,92,11,18,257,1,11,17,258,1
76,93,11,18,257,1,11,17,258,1
76,94,11,18,257,5,11,13,262,5
76,95,11,18,257,5,11,13,262,5
77,0,10,14,236,-4,10,18,232,-4
77,1,10,14,236,-4,10,18,232,-4
77,2,10,15,235,10,10,5,245,10
77,3,10,15,235,10,10,5,245,10
77,4,10,15,235,9,10,6,244,9
77,5,10,15,235,9,10,6,244,9
77,6,10,11,239,-1,10,12,238,-1
77,7,10,11,239,-1,10,12,238,-1
77,8,10,12,238,-1,10,13,237,-1
77,9,10,12,238,-1,10,13,237,-1
77,10,10,14,236,-2,10,16,234,-2
77,11,10,14,236,-2,10,16,234,-2
77,12,10,17,233,-1,10,18,232,-1
77,13,10,17,233,-1,10,18,232,-1
77,14,10,14,236,2,10,12,238,2
77,15,10,14,236,2,10,12,238,2
77,16,10,15,235,-5,10,20,230,-5
77,17,10,15,235,-5,10,20,230,-5
77,18,10,14,236,-6,10,20,230,-6
77,19,10,14,236,-6,10,20,230,-6
77,20,10,16,234,-10,9,1,224,-10
77,21,10,16,234,-10,9,1,224,-10
77,22,10,18,232,-10,9,3,222,-10
77,23,10,18,232,-10,9,3,222,-10
77,24,10,13,237,-8,10,21,229,-8
77,25,10,13,237,-8,10,21,229,-8
77,26,10,16,234,9,10,7,243,9
77,27,10,16,234,9,10,7,243,9
77,28,10,16,234,4,10,12,238,4
77,29,10,16,234,4,10,12,238,4
77,30,10,14,236,8,10,6,244,8
77,31,10,14,236,8,10,6,244,8
77,32,10,16,234,5,10,11,239,5
77,33,10,16,234,5,10,11,239,5
77,34,10,15,235,5,10,10,240,5
77,35,10,15,235,5,10,10,240,5
77,36,10,16,234,5,10,11,239,5
77,37,10,16,234,5,10,11,239,5
77,38,10,16,234,-2,10,18,232,-2
77,39,10,16,234,-2,10,18,232,-2
77,40,10,15,235,0,10,15,235,0
77,41,10,15,235,0,10,15,235,0
77,42,10,17,233,-3,10,20,230,-3
77,43,10,17,233,-3,10,20,230,-3
77,44,10,16,234,8,10,8,242,8
77,45,10,16,234,8,10,8,242,8
77,46,10,17,233,4,10,13,237,4
77,47,10,17,233,4,10,13,237,4
77,48,11,2,273,0,11,2,273,0
77,49,11,2,273,0,11,2,273,0
77,50,11,2,273,0,11,2,273,0
77,51,11,2,273,0,11,2,273,0
77,52,11,2,273,0,11,2,273,0
77,53,11,2,273,0,11,2,273,0
77,54,10,16,234,-6,10,22,228,-6
77,55,10,16,234,-6,10,22,228,-6
77,56,10,16,234,9,10,7,243,9
77,57,10,16,234,9,10,7,243,9
77,58,10,16,234,-3,10,19,231,-3
77,59,10,16,234,-3,10,19,231,-3
77,60,10,16,234,7,10,9,241,7
77,61,10,16,234,7,10,9,241,7
77,62,10,16,234,-5,10,21,229,-5
77,63,10,16,234,-5,10,21,229,-5
77,64,10,18,232,8,10,10,240,8
77,65,10,18,232,8,10,10,240,8
77,66,10,18,232,7,10,11,239,7
77,67,10,18,232,7,10,11,239,7
77,68,10,16,234,8,10,8,242,8
77,69,10,16,234,8,10,8,242,8
77,70,10,17,233,7,10,10,240,7
77,71,10,17,233,7,10,10,240,7
77,72,10,17,233,6,10,11,239,6
77,73,10,17,233,6,10,11,239,6
77,74,10,17,233,4,10,13,237,4
77,75,10,17,233,4,10,13,237,4
77,76,10,17,233,-4,10,21,229,-4
77,77,10,17,233,-4,10,21,229,-4
77,78,10,16,234,5,10,11,239,5
77,79,10,16,234,5,10,11,239,5
77,80,10,18,232,2,10,16,234,2
77,81,10,18,232,2,10,16,234,2
77,82,10,16,234,3,10,13,237,3
77,83,10,16,234,3,10,13,237,3
77,84,10,18,232,6,10,12,238,6
77,85,10,18,232,6,10,12,238,6
77,86,10,17,233,-8,9,0,225,-8
77,87,10,17,233,-8,9,0,225,-8
77,88,10,16,234,1,10,15,235,1
77,89,10,16,234,1,10,15,235,1
77,90,10,16,234,4,10,12,238,4
77,91,10,16,234,4,10,12,238,4
77,92,10,18,232,-4,10,22,228,-4
77,93,10,18,232,-4,10,22,228,-4
77,94,10,18,232,-5,10,23,227,-5
77,95,10,18,232,-5,10,23,227,-5
78,0,12,1,299,0,12,1,299,0
78,1,12,1,299,0,12,1,299,0
78,2,12,1,299,0,12,1,299,0
78,3,12,1,299,0,12,1,299,0
78,4,12,1,299,0,12,1,299,0
78,5,12,1,299,0,12,1,299,0
78,6,11,15,260,1,11,14,261,1
78,7,11,15,260,1,11,14,261,1
78,8,11,17,258,-4,11,21,254,-4
78,9,11,17,258,-4,11,21,254,-4
78,10,11,14,261,7,11,7,268,7
78,11,11,14,261,7,11,7,268,7
78,12,11,17,258,7,11,10,265,7
78,13,11,17,258,7,11,10,265,7
78,14,11,15,260,3,11,12,263,3
78,15,11,15,260,3,11,12,263,3
78,16,11,17,258,4,11,13,262,4
78,17,11,17,258,4,11,13,262,4
78,18,11,16,259,-7,11,23,252,-7
78,19,11,16,259,-7,11,23,252,-7
78,20,11,18,257,-4,11,22,253,-4
78,21,11,18,257,-4,11,22,253,-4
78,22,11,3,272,0,11,3,272,0
78,23,11,3,272,0,11,3,272,0
78,24,11,16,259,5,11,11,264,5
78,25,11,16,259,5,11,11,264,5
78,26,11,15,260,0,11,15,260,0
78,27,11,16,259,0,11,16,259,0
78,28,11,16,259,-7,11,23,252,-7
78,29,11,15,260,-7,11,22,253,-7
78,30,11,13,262,5,11,8,267,5
78,31,11,13,262,5,11,8,267,5
78,32,11,17,258,1,11,16,259,1
78,33,11,16,259,1,11,15,260,1
78,34,11,14,261,-4,11,18,257,-4
78,35,11,15,260,-4,11,19,256,-4
78,36,11,18,257,-4,11,22,253,-4
78,37,11,18,257,-4,11,22,253,-4
78,38,11,17,258,5,11,12,263,5
78,39,11,17,258,5,11,12,263,5
78,40,11,16,259,-9,10,0,250,-9
78,41,11,16,259,-9,10,0,250,-9
78,42,11,17,258,0,11,17,258,0
78,43,11,17,258,0,11,17,258,0
78,44,11,4,271,0,11,4,271,0
78,45,11,4,271,0,11,4,271,0
78,46,11,17,258,-9,10,1,249,-9
78,47,11,17,258,-9,10,1,249,-9
78,48,11,19,256,-6,10,0,250,-6
78,49,11,19,256,-6,10,0,250,-6
78,50,11,15,260,4,11,11,264,4
78,51,11,15,260,4,11,11,264,4
78,52,11,18,257,-10,10,3,247,-10
78,53,11,18,257,-10,10,3,247,-10
78,54,11,18,257,-2,11,20,255,-2
78,55,11,18,257,-2,11,20,255,-2
78,56,11,5,270,0,11,5,270,0
78,57,11,5,270,0,11,5,270,0
78,58,11,19,256,-6,10,0,250,-6
78,59,11,19,256,-6,10,0,250,-6
78,60,11,17,258,1,11,16,259,1
78,61,11,17,258,1,11,16,259,1
78,62,11,16,259,-2,11,18,257,-2
78,63,11,16,259,-2,11,18,257,-2
78,64,11,18,257,-1,11,19,256,-1
78,65,11,18,257,-1,11,19,256,-1
78,66,11,15,260,-5,11,20,255,-5
78,67,11,15,260,-5,11,20,255,-5
78,68,11,20,255,6,11,14,261,6
78,69,11,20,255,6,11,14,261,6
78,70,11,18,257,4,11,14,261,4
78,71,11,18,257,4,11,14,261,4
78,72,11,18,257,-10,10,3,247,-10
78,73,11,18,257,-10,10,3,247,-10
78,74,11,15,260,-6,11,21,254,-6
78,75,11,15,260,-6,11,21,254,-6
78,76,11,17,258,8,11,9,266,8
78,77,11,17,258,8,11,9,266,8
78,78,11,16,259,-9,10,0,250,-9
78,79,11,16,259,-9,10,0,250,-9
78,80,11,19,256,5,11,14,261,5
78,81,11,19,256,5,11,14,261,5
78,82,11,17,258,7,11,10,265,7
78,83,11,17,258,7,11,10,265,7
78,84,11,17,258,-9,10,1,249,-9
78,85,11,18,257,-9,10,2,248,-9
78,86,11,15,260,6,11,9,266,6
78,87,11,15,260,6,11,9,266,6
78,88,11,16,259,2,11,14,261,2
78,89,11,16,259,2,11,14,261,2
78,90,11,17,258,-8,10,0,250,-8
78,91,11,17,258,-8,10,0,250,-8
78,92,11,18,257,4,11,14,261,4
78,93,11,18,257,4,11,14,261,4
78,94,11,16,259,-8,11,24,251,-8
78,95,11,17,258,-8,10,0,250,-8
79,0,12,16,284,-2,12,18,282,-2
79,1,12,16,284,-2,12,18,282,-2
79,2,12,15,285,-1,12,16,284,-1
79,3,12,15,285,-1,12,16,284,-1
79,4,12,4,296,0,12,4,296,0
79,5,12,4,296,0,12,4,296,0
79,6,12,13,287,7,12,6,294,7
79,7,12,13,287,7,12,6,294,7
79,8,12,17,283,5,12,12,288,5
79,9,12,17,283,5,12,12,288,5
79,10,12,16,284,1,12,15,285,1
79,11,12,16,284,1,12,15,285,1
79,12,12,17,283,-10,11,2,273,-10
79,13,12,17,283,-10,11,2,273,-10
79,14,12,17,283,-6,12,23,277,-6
79,15,12,17,283,-6,12,23,277,-6
79,16,12,15,285,7,12,8,292,7
79,17,12,15,285,7,12,8,292,7
79,18,12,17,283,-1,12,18,282,-1
79,19,12,17,283,-1,12,18,282,-1
79,20,12,19,281,-9,11,3,272,-9
79,21,12,19,281,-9,11,3,272,-9
79,22,12,15,285,7,12,8,292,7
79,23,12,15,285,7,12,8,292,7
79,24,12,17,283,3,12,14,286,3
79,25,12,17,283,3,12,14,286,3
79,26,12,17,283,1,12,16,284,1
79,27,12,17,283,1,12,16,284,1
79,28,12,16,284,-6,12,22,278,-6
79,29,12,16,284,-6,12,22,278,-6
79,30,12,15,285,8,12,7,293,8
79,31,12,15,285,8,12,7,293,8
79,32,12,16,284,-6,12,22,278,-6
79,33,12,16,284,-6,12,22,278,-6
79,34,12,19,281,7,12,12,288,7
79,35,12,19,281,7,12,12,288,7
79,36,12,18,282,7,12,11,289,7
79,37,12,18,282,7,12,11,289,7
79,38,12,17,283,7,12,10,290,7
79,39,12,17,283,7,12,10,290,7
79,40,12,18,282,-6,12,24,276,-6
79,41,12,18,282,-6,12,24,276,-6
79,42,12,18,282,-5,12,23,277,-5
79,43,12,18,282,-5,12,23,277,-5
79,44,12,20,280,-1,12,21,279,-1
79,45,12,20,280,-1,12,21,279,-1
79,46,12,17,283,-5,12,22,278,-5
79,47,12,17,283,-5,12,22,278,-5
79,48,12,19,281,-4,12,23,277,-4
79,49,12,19,281,-4,12,23,277,-4
79,50,12,18,282,6,12,12,288,6
79,51,12,18,282,6,12,12,288,6
79,52,12,18,282,-10,11,3,272,-10
79,53,12,18,282,-10,11,3,272,-10
79,54,12,17,283,-1,12,18,282,-1
79,55,12,17,283,-1,12,18,282,-1
79,56,12,17,283,-2,12,19,281,-2
79,57,12,17,283,-2,12,19,281,-2
79,58,12,19,281,3,12,16,284,3
79,59,12,19,281,3,12,16,284,3
79,60,12,17,283,2,12,15,285,2
79,61,12,17,283,2,12,15,285,2
79,62,12,17,283,7,12,10,290,7
79,63,12,17,283,7,12,10,290,7
79,64,12,19,281,-2,12,21,279,-2
79,65,12,19,281,-2,12,21,279,-2
79,66,12,18,282,-6,12,24,276,-6
79,67,12,18,282,-6,12,24,276,-6
79,68,12,20,280,-1,12,21,279,-1
79,69,12,20,280,-1,12,21,279,-1
79,70,12,16,284,9,12,7,293,9
79,71,12,16,284,9,12,7,293,9
79,72,13,3,322,0,13,3,322,0
79,73,13,3,322,0,13,3,322,0
79,74,13,3,322,0,13,3,322,0
79,75,13,3,322,0,13,3,322,0
79,76,13,3,322,0,13,3,322,0
79,77,13,3,322,0,13,3,322,0
79,78,12,18,282,5,12,13,287,5
79,79,12,18,282,5,12,13,287,5
79,80,12,20,280,-9,11,4,271,-9
79,81,12,20,280,-9,11,4,271,-9
79,82,12,19,281,0,12,19,281,0
79,83,12,19,281,0,12,19,281,0
79,84,12,19,281,9,12,10,290,9
79,85,12,19,281,9,12,10,290,9
79,86,12,19,281,-8,11,2,273,-8
79,87,12,19,281,-8,11,2,273,-8
79,88,12,18,282,-2,12,20,280,-2
79,89,12,18,282,-2,12,20,280,-2
79,90,12,15,285,8,12,7,293,8
79,91,12,15,285,8,12,7,293,8
79,92,12,17,283,-8,11,0,275,-8
79,93,12,18,282,-8,11,1,274,-8
79,94,12,20,280,3,12,17,283,3
79,95,12,20,280,3,12,17,283,3
80,0,12,16,284,-5,12,21,279,-5
80,1,12,17,283,-5,12,22,278,-5
80,2,12,14,286,-4,12,18,282,-4
80,3,12,15,285,-4,12,19,281,-4
80,4,12,16,284,-6,12,22,278,-6
80,5,12,15,285,-6,12,21,279,-6
80,6,12,17,283,4,12,13,287,4
80,7,12,16,284,4,12,12,288,4
80,8,12,21,279,-5,11,1,274,-5
80,9,12,20,280,-5,11,0,275,-5
80,10,12,15,285,7,12,8,292,7
80,11,12,16,284,7,12,9,291,7
80,12,13,2,323,0,13,2,323,0
80,13,13,2,323,0,13,2,323,0
80,14,13,2,323,0,13,2,323,0
80,15,13,2,323,0,13,2,323,0
80,16,13,2,323,0,13,2,323,0
80,17,13,2,323,0,13,2,323,0
80,18,12,18,282,8,12,10,290,8
80,19,12,18,282,8,12,10,290,8
80,20,12,18,282,-5,12,23,277,-5
80,21,12,18,282,-5,12,23,277,-5
80,22,12,17,283,7,12,10,290,7
80,23,12,17,283,7,12,10,290,7
80,24,12,5,295,0,12,5,295,0
80,25,12,5,295,0,12,5,295,0
80,26,12,5,295,0,12,5,295,0
80,27,12,5,295,0,12,5,295,0
80,28,12,5,295,0,12,5,295,0
80,29,12,5,295,0,12,5,295,0
80,30,12,4,296,0,12,4,296,0
80,31,12,4,296,0,12,4,296,0
80,32,12,17,283,8,12,9,291,8
80,33,12,17,283,8,12,9,291,8
80,34,12,17,283,-10,11,2,273,-10
80,35,12,17,283,-10,11,2,273,-10
80,36,12,17,283,-2,12,19,281,-2
80,37,12,17,283,-2,12,19,281,-2
80,38,12,16,284,-2,12,18,282,-2
80,39,12,16,284,-2,12,18,282,-2
80,40,12,18,282,9,12,9,291,9
80,41,12,18,282,9,12,9,291,9
80,42,12,16,284,1,12,15,285,1
80,43,12,16,284,1,12,15,285,1
80,44,12,4,296,0,12,4,296,0
80,45,12,4,296,0,12,4,296,0
80,46,12,4,296,0,12,4,296,0
80,47,12,4,296,0,12,4,296,0
80,48,12,17,283,-6,12,23,277,-6
80,49,12,17,283,-6,12,23,277,-6
80,50,12,17,283,7,12,10,290,7
80,51,12,17,283,7,12,10,290,7
80,52,12,17,283,-7,12,24,276,-7
80,53,12,17,283,-7,12,24,276,-7
80,54,12,16,284,5,12,11,289,5
80,55,12,16,284,5,12,11,289,5
80,56,12,18,282,8,12,10,290,8
80,57,12,18,282,8,12,10,290,8
80,58,12,16,284,-5,12,21,279,-5
80,59,12,16,284,-5,12,21,279,-5
80,60,12,18,282,3,12,15,285,3
80,61,12,18,282,3,12,15,285,3
80,62,12,17,283,-7,12,24,276,-7
80,63,12,17,283,-7,12,24,276,-7
80,64,12,17,283,0,12,17,283,0
80,65,12,17,283,0,12,17,283,0
80,66,12,16,284,0,12,16,284,0
80,67,12,17,283,0,12,17,283,0
80,68,12,19,281,-1,12,20,280,-1
80,69,12,19,281,-1,12,20,280,-1
80,70,12,17,283,-5,12,22,278,-5
80,71,12,16,284,-5,12,21,279,-5
80,72,12,16,284,8,12,8,292,8
80,73,12,16,284,8,12,8,292,8
80,74,12,18,282,10,12,8,292,10
80,75,12,18,282,10,12,8,292,10
80,76,12,17,283,8,12,9,291,8
80,77,12,17,283,8,12,9,291,8
80,78,12,17,283,2,12,15,285,2
80,79,12,17,283,2,12,15,285,2
80,80,12,20,280,7,12,13,287,7
80,81,12,20,280,7,12,13,287,7
80,82,12,17,283,10,12,7,293,10
80,83,12,17,283,10,12,7,293,10
80,84,12,17,283,-4,12,21,279,-4
80,85,12,17,283,-4,12,21,279,-4
80,86,12,17,283,-1,12,18,282,-1
80,87,12,17,283,-1,12,18,282,-1
80,88,12,19,281,-7,11,1,274,-7
80,89,12,19,281,-7,11,1,274,-7
80,90,12,20,280,9,12,11,289,9
80,91,12,20,280,9,12,11,289,9
80,92,12,19,281,7,12,12,288,7
80,93,12,19,281,7,12,12,288,7
80,94,12,19,281,-2,12,21,279,-2
80,95,12,19,281,-2,12,21,279,-2
81,0,13,2,323,0,13,2,323,0
81,1,13,2,323,0,13,2,323,0
81,2,13,2,323,0,13,2,323,0
81,3,13,2,323,0,13,2,323,0
81,4,13,2,323,0,13,2,323,0
81,5,13,2,323,0,13,2,323,0
81,6,12,17,283,3,12,14,286,3
81,7,12,17,283,3,12,14,286,3
81,8,12,17,283,4,12,13,287,4
81,9,12,17,283,4,12,13,287,4
81,10,12,17,283,9,12,8,292,9
81,11,12,17,283,9,12,8,292,9
81,12,12,17,283,-2,12,19,281,-2
81,13,12,17,283,-2,12,19,281,-2
81,14,12,17,283,8,12,9,291,8
81,15,12,17,283,8,12,9,291,8
81,16,12,17,283,-8,11,0,275,-8
81,17,12,17,283,-8,11,0,275,-8
81,18,12,16,284,-10,11,1,274,-10
81,19,12,16,284,-10,11,1,274,-10
81,20,12,18,282,-3,12,21,279,-3
81,21,12,18,282,-3,12,21,279,-3
81,22,12,17,283,-1,12,18,282,-1
81,23,12,17,283,-1,12,18,282,-1
81,24,12,16,284,7,12,9,291,7
81,25,12,16,284,7,12,9,291,7
81,26,12,15,285,0,12,15,285,0
81,27,12,15,285,0,12,15,285,0
81,28,12,14,286,-9,12,23,277,-9
81,29,12,14,286,-9,12,23,277,-9
81,30,12,15,285,7,12,8,292,7
81,31,12,15,285,7,12,8,292,7
81,32,12,16,284,9,12,7,293,9
81,33,12,16,284,9,12,7,293,9
81,34,12,16,284,3,12,13,287,3
81,35,12,16,284,3,12,13,287,3
81,36,12,17,283,-3,12,20,280,-3
81,37,12,17,283,-3,12,20,280,-3
81,38,12,16,284,3,12,13,287,3
81,39,12,16,284,3,12,13,287,3
81,40,12,16,284,-4,12,20,280,-4
81,41,12,16,284,-4,12,20,280,-4
81,42,12,14,286,-4,12,18,282,-4
81,43,12,14,286,-4,12,18,282,-4
81,44,12,18,282,0,12,18,282,0
81,45,12,18,282,0,12,18,282,0
81,46,12,18,282,-6,12,24,276,-6
81,47,12,18,282,-6,12,24,276,-6
81,48,12,15,285,8,12,7,293,8
81,49,12,15,285,8,12,7,293,8
81,50,12,15,285,7,12,8,292,7
81,51,12,15,285,7,12,8,292,7
81,52,12,17,283,-1,12,18,282,-1
81,53,12,17,283,-1,12,18,282,-1
81,54,12,15,285,-7,12,22,278,-7
81,55,12,15,285,-7,12,22,278,-7
81,56,12,18,282,6,12,12,288,6
81,57,12,18,282,6,12,12,288,6
81,58,12,17,283,1,12,16,284,1
81,59,12,17,283,1,12,16,284,1
81,60,12,16,284,-10,11,1,274,-10
81,61,12,16,284,-10,11,1,274,-10
81,62,12,14,286,-8,12,22,278,-8
81,63,12,14,286,-8,12,22,278,-8
81,64,12,17,283,7,12,10,290,7
81,65,12,17,283,7,12,10,290,7
81,66,12,15,285,-10,11,0,275,-10
81,67,12,15,285,-10,11,0,275,-10
81,68,12,18,282,-10,11,3,272,-10
81,69,12,18,282,-10,11,3,272,-10
81,70,12,16,284,-5,12,21,279,-5
81,71,12,16,284,-5,12,21,279,-5
81,72,12,19,281,3,12,16,284,3
81,73,12,19,281,3,12,16,284,3
81,74,12,18,282,-3,12,21,279,-3
81,75,12,18,282,-3,12,21,279,-3
81,76,12,18,282,7,12,11,289,7
81,77,12,18,282,7,12,11,289,7
81,78,12,15,285,-2,12,17,283,-2
81,79,12,15,285,-2,12,17,283,-2
81,80,12,19,281,0,12,19,281,0
81,81,12,19,281,0,12,19,281,0
81,82,12,15,285,6,12,9,291,6
81,83,12,15,285,6,12,9,291,6
81,84,12,16,284,0,12,16,284,0
81,85,12,16,284,0,12,16,284,0
81,86,12,17,283,8,12,9,291,8
81,87,12,17,283,8,12,9,291,8
81,88,12,18,282,-4,12,22,278,-4
81,89,12,18,282,-4,12,22,278,-4
81,90,12,16,284,9,12,7,293,9
81,91,12,16,284,9,12,7,293,9
81,92,12,18,282,9,12,9,291,9
81,93,12,18,282,9,12,9,291,9
81,94,12,18,282,-6,12,24,276,-6
81,95,12,18,282,-6,12,24,276,-6
82,0,12,15,285,-6,12,21,279,-6
82,1,12,15,285,-6,12,21,279,-6
82,2,12,15,285,7,12,8,292,7
82,3,12,15,285,7,12,8,292,7
82,4,12,18,282,-10,11,3,272,-10
82,5,12,18,282,-10,11,3,272,-10
82,6,12,17,283,9,12,8,292,9
82,7,12,17,283,9,12,8,292,9
82,8,12,20,280,10,12,10,290,10
82,9,12,19,281,10,12,9,291,10
82,10,12,17,283,-6,12,23,277,-6
82,11,12,17,283,-6,12,23,277,-6
82,12,13,2,323,0,13,2,323,0
82,13,13,2,323,0,13,2,323,0
82,14,13,2,323,0,13,2,323,0
82,15,13,2,323,0,13,2,323,0
82,16,13,2,323,0,13,2,323,0
82,17,13,2,323,0,13,2,323,0
82,18,12,16,284,4,12,12,288,4
82,19,12,16,284,4,12,12,288,4
82,20,12,19,281,1,12,18,282,1
82,21,12,19,281,1,12,18,282,1
82,22,12,18,282,-1,12,19,281,-1
82,23,12,17,283,-1,12,18,282,-1
82,24,12,17,283,-4,12,21,279,-4
82,25,12,17,283,-4,12,21,279,-4
82,26,12,17,283,-5,12,22,278,-5
82,27,12,17,283,-5,12,22,278,-5
82,28,12,18,282,2,12,16,284,2
82,29,12,18,282,2,12,16,284,2
82,30,12,18,282,-1,12,19,281,-1
82,31,12,18,282,-1,12,19,281,-1
82,32,12,20,280,0,12,20,280,0
82,33,12,20,280,0,12,20,280,0
82,34,12,19,281,4,12,15,285,4
82,35,12,19,281,4,12,15,285,4
82,36,12,18,282,-7,11,0,275,-7
82,37,12,18,282,-7,11,0,275,-7
82,38,12,17,283,-3,12,20,280,-3
82,39,12,17,283,-3,12,20,280,-3
82,40,12,20,280,3,12,17,283,3
82,41,12,20,280,3,12,17,283,3
82,42,12,17,283,-9,11,1,274,-9
82,43,12,17,283,-9,11,1,274,-9
82,44,12,20,280,1,12,19,281,1
82,45,12,20,280,1,12,19,281,1
82,46,12,20,280,10,12,10,290,10
82,47,12,20,280,10,12,10,290,10
82,48,12,18,282,-4,12,22,278,-4
82,49,12,18,282,-4,12,22,278,-4
82,50,12,16,284,-2,12,18,282,-2
82,51,12,16,284,-2,12,18,282,-2
82,52,12,18,282,7,12,11,289,7
82,53,12,18,282,7,12,11,289,7
82,54,12,19,281,-3,12,22,278,-3
82,55,12,19,281,-3,12,22,278,-3
82,56,12,17,283,1,12,16,284,1
82,57,12,17,283,1,12,16,284,1
82,58,12,20,280,-6,11,1,274,-6
82,59,12,20,280,-6,11,1,274,-6
82,60,12,18,282,10,12,8,292,10
82,61,12,18,282,10,12,8,292,10
82,62,12,19,281,9,12,10,290,9
82,63,12,19,281,9,12,10,290,9
82,64,12,18,282,-9,11,2,273,-9
82,65,12,18,282,-9,11,2,273,-9
82,66,12,16,284,2,12,14,286,2
82,67,12,16,284,2,12,14,286,2
82,68,12,19,281,1,12,18,282,1
82,69,12,19,281,1,12,18,282,1
82,70,12,19,281,-7,11,1,274,-7
82,71,12,19,281,-7,11,1,274,-7
82,72,13,13,312,0,13,13,312,0
82,73,13,13,312,0,13,13,312,0
82,74,12,20,280,-3,12,23,277,-3
82,75,12,20,280,-3,12,23,277,-3
82,76,12,18,282,1,12,17,283,1
82,77,12,18,282,1,12,17,283,1
82,78,12,19,281,-8,11,2,273,-8
82,79,12,19,281,-8,11,2,273,-8
82,80,12,20,280,-7,11,2,273,-7
82,81,12,20,280,-7,11,2,273,-7
82,82,12,18,282,0,12,18,282,0
82,83,12,18,282,0,12,18,282,0
82,84,12,18,282,7,12,11,289,7
82,85,12,18,282,7,12,11,289,7
82,86,12,19,281,5,12,14,286,5
82,87,12,19,281,5,12,14,286,5
82,88,12,19,281,9,12,10,290,9
82,89,12,19,281,9,12,10,290,9
82,90,12,19,281,-3,12,22,278,-3
82,91,12,19,281,-3,12,22,278,-3
82,92,12,20,280,1,12,19,281,1
82,93,12,20,280,1,12,19,281,1
82,94,12,19,281,-7,11,1,274,-7
82,95,12,19,281,-7,11,1,274,-7
83,0,12,1,299,0,12,1,299,0
83,1,12,1,299,0,12,1,299,0
83,2,12,1,299,0,12,1,299,0
83,3,12,1,299,0,12,1,299,0
83,4,12,1,299,0,12,1,299,0
83,5,12,1,299,0,12,1,299,0
83,6,11,16,259,-2,11,18,257,-2
83,7,11,16,259,-2,11,18,257,-2
83,8,11,17,258,8,11,9,266,8
83,9,11,17,258,8,11,9,266,8
83,10,11,15,260,8,11,7,268,8
83,11,11,15,260,8,11,7,268,8
83,12,11,15,260,6,11,9,266,6
83,13,11,15,260,6,11,9,266,6
83,14,12,11,289,0,12,11,289,0
83,15,11,7,268,0,11,7,268,0
83,16,11,15,260,2,11,13,262,2
83,17,11,15,260,2,11,13,262,2
83,18,11,13,262,-4,11,17,258,-4
83,19,11,14,261,-4,11,18,257,-4
83,20,11,16,259,6,11,10,265,6
83,21,11,16,259,6,11,10,265,6
83,22,11,18,257,-8,10,1,249,-8
83,23,11,17,258,-8,10,0,250,-8
83,24,11,16,259,-7,11,23,252,-7
83,25,11,16,259,-7,11,23,252,-7
83,26,11,14,261,7,11,7,268,7
83,27,11,14,261,7,11,7,268,7
83,28,11,16,259,-6,11,22,253,-6
83,29,11,16,259,-6,11,22,253,-6
83,30,11,16,259,9,11,7,268,9
83,31,11,16,259,9,11,7,268,9
83,32,11,17,258,-3,11,20,255,-3
83,33,11,17,258,-3,11,20,255,-3
83,34,11,17,258,5,11,12,263,5
83,35,11,17,258,5,11,12,263,5
83,36,11,17,258,5,11,12,263,5
83,37,11,17,258,5,11,12,263,5
83,38,11,16,259,10,11,6,269,10
83,39,11,16,259,10,11,6,269,10
83,40,11,17,258,3,11,14,261,3
83,41,11,17,258,3,11,14,261,3
83,42,11,16,259,4,11,12,263,4
83,43,11,16,259,4,11,12,263,4
83,44,11,18,257,8,11,10,265,8
83,45,11,18,257,8,11,10,265,8
83,46,11,18,257,-4,11,22,253,-4
83,47,11,18,257,-4,11,22,253,-4
83,48,11,16,259,3,11,13,262,3
83,49,11,16,259,3,11,13,262,3
83,50,11,17,258,-3,11,20,255,-3
83,51,11,17,258,-3,11,20,255,-3
83,52,11,15,260,-3,11,18,257,-3
83,53,11,15,260,-3,11,18,257,-3
83,54,11,17,258,-3,11,20,255,-3
83,55,11,17,258,-3,11,20,255,-3
83,56,11,17,258,10,11,7,268,10
83,57,11,17,258,10,11,7,268,10
83,58,11,15,260,3,11,12,263,3
83,59,11,15,260,3,11,12,263,3
83,60,11,17,258,9,11,8,267,9
83,61,11,17,258,9,11,8,267,9
83,62,11,18,257,2,11,16,259,2
83,63,11,18,257,2,11,16,259,2
83,64,11,17,258,-3,11,20,255,-3
83,65,11,17,258,-3,11,20,255,-3
83,66,11,17,258,-10,10,2,248,-10
83,67,11,17,258,-10,10,2,248,-10
83,68,11,18,257,4,11,14,261,4
83,69,11,18,257,4,11,14,261,4
83,70,11,19,256,-5,11,24,251,-5
83,71,11,18,257,-5,11,23,252,-5
83,72,11,19,256,-3,11,22,253,-3
83,73,11,19,256,-3,11,22,253,-3
83,74,11,18,257,3,11,15,260,3
83,75,11,18,257,3,11,15,260,3
83,76,11,18,257,-3,11,21,254,-3
83,77,11,18,257,-3,11,21,254,-3
83,78,11,18,257,-3,11,21,254,-3
83,79,11,18,257,-3,11,21,254,-3
83,80,11,17,258,-3,11,20,255,-3
83,81,11,17,258,-3,11,20,255,-3
83,82,11,17,258,7,11,10,265,7
83,83,11,16,259,7,11,9,266,7
83,84,11,17,258,7,11,10,265,7
83,85,11,17,258,7,11,10,265,7
83,86,11,15,260,1,11,14,261,1
83,87,11,15,260,1,11,14,261,1
83,88,11,19,256,-2,11,21,254,-2
83,89,11,19,256,-2,11,21,254,-2
83,90,11,18,257,-3,11,21,254,-3
83,91,11,18,257,-3,11,21,254,-3
83,92,11,17,258,3,11,14,261,3
83,93,11,17,258,3,11,14,261,3
83,94,11,17,258,2,11,15,260,2
83,95,11,17,258,2,11,15,260,2
84,0,12,15,285,3,12,12,288,3
84,1,12,15,285,3,12,12,288,3
84,2,12,13,287,2,12,11,289,2
84,3,12,14,286,2,12,12,288,2
84,4,12,16,284,-2,12,18,282,-2
84,5,12,16,284,-2,12,18,282,-2
84,6,12,19,281,-8,11,2,273,-8
84,7,12,19,281,-8,11,2,273,-8
84,8,12,19,281,-10,11,4,271,-10
84,9,12,18,282,-10,11,3,272,-10
84,10,12,19,281,-4,12,23,277,-4
84,11,12,19,281,-4,12,23,277,-4
84,12,12,17,283,-3,12,20,280,-3
84,13,12,17,283,-3,12,20,280,-3
84,14,12,17,283,0,12,17,283,0
84,15,12,17,283,0,12,17,283,0
84,16,12,17,283,5,12,12,288,5
84,17,12,17,283,5,12,12,288,5
84,18,12,16,284,10,12,6,294,10
84,19,12,16,284,10,12,6,294,10
84,20,12,17,283,-8,11,0,275,-8
84,21,12,17,283,-8,11,0,275,-8
84,22,12,18,282,-6,12,24,276,-6
84,23,12,18,282,-6,12,24,276,-6
84,24,12,18,282,-7,11,0,275,-7
84,25,12,18,282,-7,11,0,275,-7
84,26,12,18,282,8,12,10,290,8
84,27,12,18,282,8,12,10,290,8
84,28,12,18,282,0,12,18,282,0
84,29,12,18,282,0,12,18,282,0
84,30,12,18,282,7,12,11,289,7
84,31,12,18,282,7,12,11,289,7
84,32,12,18,282,-8,11,1,274,-8
84,33,12,18,282,-8,11,1,274,-8
84,34,12,16,284,-5,12,21,279,-5
84,35,12,16,284,-5,12,21,279,-5
84,36,12,18,282,0,12,18,282,0
84,37,12,18,282,0,12,18,282,0
84,38,12,19,281,8,12,11,289,8
84,39,12,19,281,8,12,11,289,8
84,40,12,18,282,2,12,16,284,2
84,41,12,18,282,2,12,16,284,2
84,42,12,17,283,-9,11,1,274,-9
84,43,12,17,283,-9,11,1,274,-9
84,44,12,20,280,2,12,18,282,2
84,45,12,20,280,2,12,18,282,2
84,46,12,18,282,8,12,10,290,8
84,47,12,18,282,8,12,10,290,8
84,48,13,3,322,0,13,3,322,0
84,49,13,3,322,0,13,3,322,0
84,50,13,3,322,0,13,3,322,0
84,51,13,3,322,0,13,3,322,0
84,52,13,3,322,0,13,3,322,0
84,53,13,3,322,0,13,3,322,0
84,54,12,5,295,0,12,5,295,0
84,55,12,5,295,0,12,5,295,0
84,56,12,4,296,0,12,4,296,0
84,57,12,4,296,0,12,4,296,0
84,58,12,4,296,0,12,4,296,0
84,59,12,4,296,0,12,4,296,0
84,60,12,19,281,-8,11,2,273,-8
84,61,12,19,281,-8,11,2,273,-8
84,62,12,17,283,-3,12,20,280,-3
84,63,12,16,284,-3,12,19,281,-3
84,64,12,18,282,3,12,15,285,3
84,65,12,18,282,3,12,15,285,3
84,66,12,15,285,-3,12,18,282,-3
84,67,12,15,285,-3,12,18,282,-3
84,68,12,17,283,3,12,14,286,3
84,69,12,17,283,3,12,14,286,3
84,70,12,19,281,-9,11,3,272,-9
84,71,12,18,282,-9,11,2,273,-9
84,72,12,20,280,8,12,12,288,8
84,73,12,20,280,8,12,12,288,8
84,74,12,18,282,10,12,8,292,10
84,75,12,18,282,10,12,8,292,10
84,76,12,18,282,-9,11,2,273,-9
84,77,12,18,282,-9,11,2,273,-9
84,78,12,17,283,-6,12,23,277,-6
84,79,12,17,283,-6,12,23,277,-6
84,80,12,19,281,9,12,10,290,9
84,81,12,19,281,9,12,10,290,9
84,82,12,18,282,6,12,12,288,6
84,83,12,18,282,6,12,12,288,6
84,84,12,6,294,0,12,6,294,0
84,85,12,6,294,0,12,6,294,0
84,86,12,17,283,5,12,12,288,5
84,87,12,17,283,5,12,12,288,5
84,88,12,19,281,3,12,16,284,3
84,89,12,19,281,3,12,16,284,3
84,90,12,5,295,0,12,5,295,0
84,91,12,5,295,0,12,5,295,0
84,92,12,5,295,0,12,5,295,0
84,93,12,5,295,0,12,5,295,0
84,94,12,19,281,7,12,12,288,7
84,95,12,19,281,7,12,12,288,7
85,0,12,14,286,7,12,7,293,7
85,1,12,14,286,7,12,7,293,7
85,2,12,13,287,8,12,5,295,8
85,3,12,13,287,8,12,5,295,8
85,4,12,16,284,-4,12,20,280,-4
85,5,12,16,284,-4,12,20,280,-4
85,6,12,13,287,4,12,9,291,4
85,7,12,13,287,4,12,9,291,4
85,8,12,19,281,0,12,19,281,0
85,9,12,19,281,0,12,19,281,0
85,10,12,17,283,-10,11,2,273,-10
85,11,12,17,283,-10,11,2,273,-10
85,12,12,17,283,6,12,11,289,6
85,13,12,17,283,6,12,11,289,6
85,14,12,19,281,-2,12,21,279,-2
85,15,12,19,281,-2,12,21,279,-2
85,16,12,16,284,0,12,16,284,0
85,17,12,16,284,0,12,16,284,0
85,18,12,15,285,-6,12,21,279,-6
85,19,12,15,285,-6,12,21,279,-6
85,20,12,17,283,4,12,13,287,4
85,21,12,17,283,4,12,13,287,4
85,22,12,17,283,-4,12,21,279,-4
85,23,12,17,283,-4,12,21,279,-4
85,24,12,18,282,8,12,10,290,8
85,25,12,18,282,8,12,10,290,8
85,26,12,16,284,0,12,16,284,0
85,27,12,16,284,0,12,16,284,0
85,28,12,17,283,-8,11,0,275,-8
85,29,12,17,283,-8,11,0,275,-8
85,30,12,17,283,-9,11,1,274,-9
85,31,12,17,283,-9,11,1,274,-9
85,32,12,19,281,7,12,12,288,7
85,33,12,19,281,7,12,12,288,7
85,34,12,17,283,1,12,16,284,1
85,35,12,17,283,1,12,16,284,1
85,36,12,17,283,6,12,11,289,6
85,37,12,17,283,6,12,11,289,6
85,38,12,18,282,10,12,8,292,10
85,39,12,18,282,10,12,8,292,10
85,40,12,19,281,10,12,9,291,10
85,41,12,19,281,10,12,9,291,10
85,42,12,19,281,-9,11,3,272,-9
85,43,12,19,281,-9,11,3,272,-9
85,44,12,18,282,9,12,9,291,9
85,45,12,18,282,9,12,9,291,9
85,46,12,18,282,1,12,17,283,1
85,47,12,18,282,1,12,17,283,1
85,48,12,17,283,-5,12,22,278,-5
85,49,12,17,283,-5,12,22,278,-5
85,50,12,14,286,2,12,12,288,2
85,51,12,14,286,2,12,12,288,2
85,52,12,17,283,4,12,13,287,4
85,53,12,17,283,4,12,13,287,4
85,54,12,15,285,9,12,6,294,9
85,55,12,15,285,9,12,6,294,9
85,56,12,19,281,-6,11,0,275,-6
85,57,12,19,281,-6,11,0,275,-6
85,58,12,17,283,7,12,10,290,7
85,59,12,17,283,7,12,10,290,7
85,60,13,3,322,0,13,3,322,0
85,61,13,3,322,0,13,3,322,0
85,62,13,3,322,0,13,3,322,0
85,63,13,3,322,0,13,3,322,0
85,64,13,3,322,0,13,3,322,0
85,65,13,3,322,0,13,3,322,0
85,66,12,17,283,5,12,12,288,5
85,67,12,17,283,5,12,12,288,5
85,68,12,17,283,-6,12,23,277,-6
85,69,12,17,283,-6,12,23,277,-6
85,70,12,17,283,7,12,10,290,7
85,71,12,17,283,7,12,10,290,7
85,72,12,17,283,0,12,17,283,0
85,73,12,17,283,0,12,17,283,0
85,74,12,16,284,10,12,6,294,10
85,75,12,16,284,10,12,6,294,10
85,76,12,17,283,0,12,17,283,0
85,77,12,17,283,0,12,17,283,0
85,78,12,15,285,-4,12,19,281,-4
85,79,12,15,285,-4,12,19,281,-4
85,80,12,19,281,7,12,12,288,7
85,81,12,19,281,7,12,12,288,7
85,82,12,19,281,4,12,15,285,4
85,83,12,19,281,4,12,15,285,4
85,84,12,20,280,2,12,18,282,2
85,85,12,20,280,2,12,18,282,2
85,86,12,19,281,-5,12,24,276,-5
85,87,12,19,281,-5,12,24,276,-5
85,88,12,20,280,1,12,19,281,1
85,89,12,20,280,1,12,19,281,1
85,90,12,19,281,-10,11,4,271,-10
85,91,12,19,281,-10,11,4,271,-10
85,92,12,18,282,7,12,11,289,7
85,93,12,18,282,7,12,11,289,7
85,94,12,19,281,8,12,11,289,8
85,95,12,19,281,8,12,11,289,8
86,0,12,17,283,-7,12,24,276,-7
86,1,12,17,283,-7,12,24,276,-7
86,2,12,17,283,-7,12,24,276,-7
86,3,12,15,285,4,12,11,289,4
86,4,12,15,285,4,12,11,289,4
86,5,12,15,285,4,12,11,289,4
86,6,12,15,285,8,12,7,293,8
86,7,12,15,285,8,12,7,293,8
86,8,12,15,285,8,12,7,293,8
86,9,12,16,284,-3,12,19,281,-3
86,10,12,16,284,-3,12,19,281,-3
86,11,12,16,284,-3,12,19,281,-3
86,12,12,16,284,7,12,9,291,7
86,13,12,16,284,7,12,9,291,7
86,14,12,16,284,7,12,9,291,7
86,15,12,16,284,-5,12,21,279,-5
86,16,12,16,284,-5,12,21,279,-5
86,17,12,16,284,-5,12,21,279,-5
86,18,12,17,283,7,12,10,290,7
86,19,12,17,283,7,12,10,290,7
86,20,12,17,283,7,12,10,290,7
86,21,12,16,284,-6,12,22,278,-6
86,22,12,16,284,-6,12,22,278,-6
86,23,12,16,284,-6,12,22,278,-6
86,24,13,2,323,0,13,2,323,0
86,25,13,2,323,0,13,2,323,0
86,26,13,2,323,0,13,2,323,0
86,27,13,2,323,0,13,2,323,0
86,28,13,2,323,0,13,2,323,0
86,29,13,2,323,0,13,2,323,0
86,30,12,16,284,-6,12,22,278,-6
86,31,12,16,284,-6,12,22,278,-6
86,32,12,16,284,-6,12,22,278,-6
86,33,12,16,284,3,12,13,287,3
86,34,12,16,284,3,12,13,287,3
86,35,12,16,284,3,12,13,287,3
86,36,12,17,283,5,12,12,288,5
86,37,12,17,283,5,12,12,288,5
86,38,12,17,283,5,12,12,288,5
86,39,12,17,283,-1,12,18,282,-1
86,40,12,17,283,-1,12,18,282,-1
86,41,12,17,283,-1,12,18,282,-1
86,42,12,16,284,4,12,12,288,4
86,43,12,16,284,4,12,12,288,4
86,44,12,16,284,4,12,12,288,4
86,45,12,17,283,-8,11,0,275,-8
86,46,12,17,283,-8,11,0,275,-8
86,47,12,17,283,-8,11,0,275,-8
86,48,12,19,281,6,12,13,287,6
86,49,12,19,281,6,12,13,287,6
86,50,12,19,281,6,12,13,287,6
86,51,12,17,283,-4,12,21,279,-4
86,52,12,17,283,-4,12,21,279,-4
86,53,12,17,283,-4,12,21,279,-4
86,54,12,19,281,1,12,18,282,1
86,55,12,19,281,1,12,18,282,1
86,56,12,19,281,1,12,18,282,1
86,57,12,18,282,-3,12,21,279,-3
86,58,12,18,282,-3,12,21,279,-3
86,59,12,18,282,-3,12,21,279,-3
86,60,12,16,284,-4,12,20,280,-4
86,61,12,16,284,-4,12,20,280,-4
86,62,12,16,284,-4,12,20,280,-4
86,63,12,18,282,0,12,18,282,0
86,64,12,18,282,0,12,18,282,0
86,65,12,18,282,0,12,18,282,0
86,66,12,17,283,8,12,9,291,8
86,67,12,18,282,8,12,10,290,8
86,68,12,18,282,8,12,10,290,8
86,69,12,17,283,-2,12,19,281,-2
86,70,12,17,283,-2,12,19,281,-2
86,71,12,17,283,-2,12,19,281,-2
86,72,12,14,286,-3,12,17,283,-3
86,73,12,14,286,-3,12,17,283,-3
86,74,12,14,286,-3,12,17,283,-3
86,75,12,17,283,-3,12,20,280,-3
86,76,12,17,283,-3,12,20,280,-3
86,77,12,17,283,-3,12,20,280,-3
86,78,12,18,282,7,12,11,289,7
86,79,12,18,282,7,12,11,289,7
86,80,12,18,282,7,12,11,289,7
86,81,12,18,282,4,12,14,286,4
86,82,12,18,282,4,12,14,286,4
86,83,12,18,282,4,12,14,286,4
86,84,12,16,284,2,12,14,286,2
86,85,12,16,284,2,12,14,286,2
86,86,12,16,284,2,12,14,286,2
86,87,12,16,284,3,12,13,287,3
86,88,12,16,284,3,12,13,287,3
86,89,12,16,284,3,12,13,287,3
86,90,12,9,291,0,12,9,291,0
86,91,12,9,291,0,12,9,291,0
86,92,13,3,322,0,13,3,322,0
86,93,12,16,284,10,12,6,294,10
86,94,12,16,284,10,12,6,294,10
86,95,12,16,284,10,12,6,294,10
87,0,12,13,287,10,12,3,297,10
87,1,12,13,287,10,12,3,297,10
87,2,12,13,287,10,12,3,297,10
87,3,12,13,287,-7,12,20,280,-7
87,4,12,13,287,-7,12,20,280,-7
87,5,12,13,287,-7,12,20,280,-7
87,6,12,15,285,7,12,8,292,7
87,7,12,15,285,7,12,8,292,7
87,8,12,15,285,7,12,8,292,7
87,9,12,15,285,-9,12,24,276,-9
87,10,12,15,285,-9,12,24,276,-9
87,11,12,15,285,-9,12,24,276,-9
87,12,12,15,285,-3,12,18,282,-3
87,13,12,15,285,-3,12,18,282,-3
87,14,12,15,285,-3,12,18,282,-3
87,15,12,13,287,6,12,7,293,6
87,16,12,13,287,6,12,7,293,6
87,17,12,13,287,6,12,7,293,6
87,18,12,17,283,-7,12,24,276,-7
87,19,12,17,283,-7,12,24,276,-7
87,20,12,17,283,-7,12,24,276,-7
87,21,12,14,286,1,12,13,287,1
87,22,12,14,286,1,12,13,287,1
87,23,12,14,286,1,12,13,287,1
87,24,13,2,323,0,13,2,323,0
87,25,13,2,323,0,13,2,323,0
87,26,13,2,323,0,13,2,323,0
87,27,13,2,323,0,13,2,323,0
87,28,13,2,323,0,13,2,323,0
87,29,13,2,323,0,13,2,323,0
87,30,12,14,286,-7,12,21,279,-7
87,31,12,14,286,-7,12,21,279,-7
87,32,12,14,286,-7,12,21,279,-7
87,33,12,13,287,3,12,10,290,3
87,34,12,13,287,3,12,10,290,3
87,35,12,13,287,3,12,10,290,3
87,36,12,14,286,10,12,4,296,10
87,37,12,14,286,10,12,4,296,10
87,38,12,14,286,10,12,4,296,10
87,39,12,13,287,2,12,11,289,2
87,40,12,13,287,2,12,11,289,2
87,41,12,13,287,2,12,11,289,2
87,42,12,15,285,1,12,14,286,1
87,43,12,15,285,1,12,14,286,1
87,44,12,15,285,1,12,14,286,1
87,45,12,15,285,-8,12,23,277,-8
87,46,12,15,285,-8,12,23,277,-8
87,47,12,15,285,-8,12,23,277,-8
87,48,12,15,285,5,12,10,290,5
87,49,12,15,285,5,12,10,290,5
87,50,12,15,285,5,12,10,290,5
87,51,12,15,285,-10,11,0,275,-10
87,52,12,15,285,-10,11,0,275,-10
87,53,12,14,286,-10,12,24,276,-10
87,54,12,16,284,-10,11,1,274,-10
87,55,12,16,284,-10,11,1,274,-10
87,56,12,16,284,-10,11,1,274,-10
87,57,12,16,284,1,12,15,285,1
87,58,12,16,284,1,12,15,285,1
87,59,12,15,285,1,12,14,286,1
87,60,12,14,286,1,12,13,287,1
87,61,12,14,286,1,12,13,287,1
87,62,12,14,286,1,12,13,287,1
87,63,12,15,285,9,12,6,294,9
87,64,12,15,285,9,12,6,294,9
87,65,12,15,285,9,12,6,294,9
87,66,12,16,284,-3,12,19,281,-3
87,67,12,16,284,-3,12,19,281,-3
87,68,12,16,284,-3,12,19,281,-3
87,69,12,18,282,7,12,11,289,7
87,70,12,18,282,7,12,11,289,7
87,71,12,18,282,7,12,11,289,7
87,72,12,9,291,0,12,9,291,0
87,73,12,9,291,0,12,9,291,0
87,74,12,9,291,0,12,9,291,0
87,75,12,9,291,0,12,9,291,0
87,76,12,9,291,0,12,9,291,0
87,77,12,9,291,0,12,9,291,0
87,78,12,9,291,0,12,9,291,0
87,79,12,9,291,0,12,9,291,0
87,80,12,9,291,0,12,9,291,0
87,81,12,9,291,0,12,9,291,0
87,82,12,9,291,0,12,9,291,0
87,83,12,9,291,0,12,9,291,0
87,84,12,15,285,9,12,6,294,9
87,85,12,15,285,9,12,6,294,9
87,86,12,15,285,9,12,6,294,9
87,87,12,15,285,-2,12,17,283,-2
87,88,12,15,285,-2,12,17,283,-2
87,89,12,15,285,-2,12,17,283,-2
87,90,12,16,284,2,12,14,286,2
87,91,12,16,284,2,12,14,286,2
87,92,12,16,284,2,12,14,286,2
87,93,12,16,284,-10,11,1,274,-10
87,94,12,16,284,-10,11,1,274,-10
87,95,12,16,284,-10,11,1,274,-10
88,0,12,14,286,-9,12,23,277,-9
88,1,12,14,286,-9,12,23,277,-9
88,2,12,14,286,-9,12,23,277,-9
88,3,12,16,284,5,12,11,289,5
88,4,12,16,284,5,12,11,289,5
88,5,12,16,284,5,12,11,289,5
88,6,12,16,284,-3,12,19,281,-3
88,7,12,16,284,-3,12,19,281,-3
88,8,12,16,284,-3,12,19,281,-3
88,9,12,14,286,2,12,12,288,2
88,10,12,14,286,2,12,12,288,2
88,11,12,14,286,2,12,12,288,2
88,12,12,14,286,2,12,12,288,2
88,13,12,14,286,2,12,12,288,2
88,14,12,14,286,2,12,12,288,2
88,15,12,14,286,10,12,4,296,10
88,16,12,14,286,10,12,4,296,10
88,17,12,14,286,10,12,4,296,10
88,18,12,15,285,-2,12,17,283,-2
88,19,12,15,285,-2,12,17,283,-2
88,20,12,15,285,-2,12,17,283,-2
88,21,12,14,286,-8,12,22,278,-8
88,22,12,14,286,-8,12,22,278,-8
88,23,12,14,286,-8,12,22,278,-8
88,24,12,14,286,-2,12,16,284,-2
88,25,12,14,286,-2,12,16,284,-2
88,26,12,14,286,-2,12,16,284,-2
88,27,12,14,286,5,12,9,291,5
88,28,12,14,286,5,12,9,291,5
88,29,12,14,286,5,12,9,291,5
88,30,12,16,284,2,12,14,286,2
88,31,12,16,284,2,12,14,286,2
88,32,12,16,284,2,12,14,286,2
88,33,12,15,285,2,12,13,287,2
88,34,12,15,285,2,12,13,287,2
88,35,12,15,285,2,12,13,287,2
88,36,12,15,285,3,12,12,288,3
88,37,12,15,285,3,12,12,288,3
88,38,12,15,285,3,12,12,288,3
88,39,12,17,283,0,12,17,283,0
88,40,12,17,283,0,12,17,283,0
88,41,12,17,283,0,12,17,283,0
88,42,12,17,283,1,12,16,284,1
88,43,12,17,283,1,12,16,284,1
88,44,12,17,283,1,12,16,284,1
88,45,12,16,284,6,12,10,290,6
88,46,12,16,284,6,12,10,290,6
88,47,12,16,284,6,12,10,290,6
88,48,13,3,322,0,13,3,322,0
88,49,13,3,322,0,13,3,322,0
88,50,13,3,322,0,13,3,322,0
88,51,12,16,284,-2,12,18,282,-2
88,52,12,16,284,-2,12,18,282,-2
88,53,12,16,284,-2,12,18,282,-2
88,54,12,17,283,-5,12,22,278,-5
88,55,12,17,283,-5,12,22,278,-5
88,56,12,17,283,-5,12,22,278,-5
88,57,12,17,283,-4,12,21,279,-4
88,58,12,16,284,-4,12,20,280,-4
88,59,12,16,284,-4,12,20,280,-4
88,60,12,15,285,-10,11,0,275,-10
88,61,12,15,285,-10,11,0,275,-10
88,62,12,15,285,-10,11,0,275,-10
88,63,12,16,284,2,12,14,286,2
88,64,12,16,284,2,12,14,286,2
88,65,12,16,284,2,12,14,286,2
88,66,12,16,284,-10,11,1,274,-10
88,67,12,16,284,-10,11,1,274,-10
88,68,12,16,284,-10,11,1,274,-10
88,69,12,17,283,-5,12,22,278,-5
88,70,12,17,283,-5,12,22,278,-5
88,71,12,17,283,-5,12,22,278,-5
88,72,13,3,322,0,13,3,322,0
88,73,13,3,322,0,13,3,322,0
88,74,13,3,322,0,13,3,322,0
88,75,12,16,284,-2,12,18,282,-2
88,76,12,16,284,-2,12,18,282,-2
88,77,12,16,284,-2,12,18,282,-2
88,78,12,17,283,1,12,16,284,1
88,79,12,17,283,1,12,16,284,1
88,80,12,17,283,1,12,16,284,1
88,81,12,16,284,-8,12,24,276,-8
88,82,12,16,284,-8,12,24,276,-8
88,83,12,16,284,-8,12,24,276,-8
88,84,12,16,284,0,12,16,284,0
88,85,12,16,284,0,12,16,284,0
88,86,12,16,284,0,12,16,284,0
88,87,12,17,283,3,12,14,286,3
88,88,12,17,283,3,12,14,286,3
88,89,12,17,283,3,12,14,286,3
88,90,12,17,283,-3,12,20,280,-3
88,91,12,17,283,-3,12,20,280,-3
88,92,12,17,283,-3,12,20,280,-3
88,93,12,17,283,7,12,10,290,7
88,94,12,17,283,7,12,10,290,7
88,95,12,17,283,7,12,10,290,7
89,0,12,11,289,4,12,7,293,4
89,1,12,11,289,4,12,7,293,4
89,2,12,11,289,4,12,7,293,4
89,3,12,13,287,5,12,8,292,5
89,4,12,13,287,5,12,8,292,5
89,5,12,13,287,5,12,8,292,5
89,6,12,16,284,6,12,10,290,6
89,7,12,15,285,6,12,9,291,6
89,8,12,16,284,6,12,10,290,6
89,9,12,13,287,5,12,8,292,5
89,10,12,13,287,5,12,8,292,5
89,11,12,13,287,5,12,8,292,5
89,12,15,23,352,0,15,23,352,0
89,13,15,23,352,0,15,23,352,0
89,14,15,23,352,0,15,23,352,0
89,15,15,23,352,0,15,23,352,0
89,16,15,23,352,0,15,23,352,0
89,17,15,23,352,0,15,23,352,0
89,18,15,23,352,0,15,23,352,0
89,19,15,23,352,0,15,23,352,0
89,20,15,23,352,0,15,23,352,0
89,21,15,23,352,0,15,23,352,0
89,22,15,23,352,0,15,23,352,0
89,23,15,23,352,0,15,23,352,0
89,24,15,23,352,0,15,23,352,0
89,25,15,23,352,0,15,23,352,0
89,26,15,23,352,0,15,23,352,0
89,27,15,23,352,0,15,23,352,0
89,28,15,23,352,0,15,23,352,0
89,29,15,23,352,0,15,23,352,0
89,30,15,23,352,0,15,23,352,0
89,31,15,23,352,0,15,23,352,0
89,32,15,23,352,0,15,23,352,0
89,33,15,23,352,0,15,23,352,0
89,34,15,23,352,0,15,23,352,0
89,35,15,23,352,0,15,23,352,0
89,36,12,16,284,-6,12,22,278,-6
89,37,12,16,284,-6,12,22,278,-6
89,38,12,16,284,-6,12,22,278,-6
89,39,12,15,285,0,12,15,285,0
89,40,12,15,285,0,12,15,285,0
89,41,12,15,285,0,12,15,285,0
89,42,12,16,284,1,12,15,285,1
89,43,12,16,284,1,12,15,285,1
89,44,12,16,284,1,12,15,285,1
89,45,12,14,286,2,12,12,288,2
89,46,12,14,286,2,12,12,288,2
89,47,12,14,286,2,12,12,288,2
89,48,12,14,286,3,12,11,289,3
89,49,12,14,286,3,12,11,289,3
89,50,12,14,286,3,12,11,289,3
89,51,12,13,287,3,12,10,290,3
89,52,12,13,287,3,12,10,290,3
89,53,12,13,287,3,12,10,290,3
89,54,12,17,283,-3,12,20,280,-3
89,55,12,17,283,-3,12,20,280,-3
89,56,12,17,283,-3,12,20,280,-3
89,57,12,14,286,-9,12,23,277,-9
89,58,12,14,286,-9,12,23,277,-9
89,59,12,14,286,-9,12,23,277,-9
89,60,12,15,285,-8,12,23,277,-8
89,61,12,15,285,-8,12,23,277,-8
89,62,12,15,285,-8,12,23,277,-8
89,63,12,14,286,7,12,7,293,7
89,64,12,14,286,7,12,7,293,7
89,65,12,14,286,7,12,7,293,7
89,66,12,15,285,-8,12,23,277,-8
89,67,12,15,285,-8,12,23,277,-8
89,68,12,15,285,-8,12,23,277,-8
89,69,12,15,285,8,12,7,293,8
89,70,12,15,285,8,12,7,293,8
89,71,12,14,286,8,12,6,294,8
89,72,12,15,285,1,12,14,286,1
89,73,12,15,285,1,12,14,286,1
89,74,12,15,285,1,12,14,286,1
89,75,12,16,284,-9,11,0,275,-9
89,76,12,16,284,-9,11,0,275,-9
89,77,12,16,284,-9,11,0,275,-9
89,78,12,16,284,-5,12,21,279,-5
89,79,12,16,284,-5,12,21,279,-5
89,80,12,16,284,-5,12,21,279,-5
89,81,12,14,286,2,12,12,288,2
89,82,12,14,286,2,12,12,288,2
89,83,12,14,286,2,12,12,288,2
89,84,12,14,286,10,12,4,296,10
89,85,12,14,286,10,12,4,296,10
89,86,12,14,286,10,12,4,296,10
89,87,12,13,287,-4,12,17,283,-4
89,88,12,13,287,-4,12,17,283,-4
89,89,12,13,287,-4,12,17,283,-4
89,90,12,16,284,7,12,9,291,7
89,91,12,16,284,7,12,9,291,7
89,92,12,16,284,7,12,9,291,7
89,93,12,15,285,-4,12,19,281,-4
89,94,12,15,285,-4,12,19,281,-4
89,95,12,15,285,-4,12,19,281,-4
90,0,12,15,285,5,12,10,290,5
90,1,12,15,285,5,12,10,290,5
90,2,12,14,286,5,12,9,291,5
90,3,12,15,285,2,12,13,287,2
90,4,12,14,286,2,12,12,288,2
90,5,12,14,286,2,12,12,288,2
90,6,12,18,282,6,12,12,288,6
90,7,12,17,283,6,12,11,289,6
90,8,12,17,283,6,12,11,289,6
90,9,12,17,283,3,12,14,286,3
90,10,12,17,283,3,12,14,286,3
90,11,12,17,283,3,12,14,286,3
90,12,15,23,352,0,15,23,352,0
90,13,15,23,352,0,15,23,352,0
90,14,15,23,352,0,15,23,352,0
90,15,15,23,352,0,15,23,352,0
90,16,15,23,352,0,15,23,352,0
90,17,15,23,352,0,15,23,352,0
90,18,15,23,352,0,15,23,352,0
90,19,15,23,352,0,15,23,352,0
90,20,15,23,352,0,15,23,352,0
90,21,15,23,352,0,15,23,352,0
90,22,15,23,352,0,15,23,352,0
90,23,15,23,352,0,15,23,352,0
90,24,15,24,351,0,15,24,351,0
90,25,15,24,351,0,15,24,351,0
90,26,15,24,351,0,15,24,351,0
90,27,15,24,351,0,15,24,351,0
90,28,15,24,351,0,15,24,351,0
90,29,15,24,351,0,15,24,351,0
90,30,15,24,351,0,15,24,351,0
90,31,15,24,351,0,15,24,351,0
90,32,15,24,351,0,15,24,351,0
90,33,15,24,351,0,15,24,351,0
90,34,15,24,351,0,15,24,351,0
90,35,15,24,351,0,15,24,351,0
90,36,12,14,286,7,12,7,293,7
90,37,12,14,286,7,12,7,293,7
90,38,12,14,286,7,12,7,293,7
90,39,12,15,285,9,12,6,294,9
90,40,12,15,285,9,12,6,294,9
90,41,12,15,285,9,12,6,294,9
90,42,12,18,282,6,12,12,288,6
90,43,12,18,282,6,12,12,288,6
90,44,12,18,282,6,12,12,288,6
90,45,12,17,283,0,12,17,283,0
90,46,12,17,283,0,12,17,283,0
90,47,12,17,283,0,12,17,283,0
90,48,12,17,283,4,12,13,287,4
90,49,12,17,283,4,12,13,287,4
90,50,12,17,283,4,12,13,287,4
90,51,12,17,283,2,12,15,285,2
90,52,12,17,283,2,12,15,285,2
90,53,12,17,283,2,12,15,285,2
90,54,12,18,282,-1,12,19,281,-1
90,55,12,18,282,-1,12,19,281,-1
90,56,12,18,282,-1,12,19,281,-1
90,57,12,17,283,-8,11,0,275,-8
90,58,12,17,283,-8,11,0,275,-8
90,59,12,17,283,-8,11,0,275,-8
90,60,12,14,286,-5,12,19,281,-5
90,61,12,14,286,-5,12,19,281,-5
90,62,12,14,286,-5,12,19,281,-5
90,63,12,16,284,-1,12,17,283,-1
90,64,12,16,284,-1,12,17,283,-1
90,65,12,15,285,-1,12,16,284,-1
90,66,12,17,283,6,12,11,289,6
90,67,12,17,283,6,12,11,289,6
90,68,12,17,283,6,12,11,289,6
90,69,12,16,284,3,12,13,287,3
90,70,12,16,284,3,12,13,287,3
90,71,12,16,284,3,12,13,287,3
90,72,12,16,284,9,12,7,293,9
90,73,12,16,284,9,12,7,293,9
90,74,12,16,284,9,12,7,293,9
90,75,12,17,283,8,12,9,291,8
90,76,12,17,283,8,12,9,291,8
90,77,12,17,283,8,12,9,291,8
90,78,12,17,283,6,12,11,289,6
90,79,12,17,283,6,12,11,289,6
90,80,12,17,283,6,12,11,289,6
90,81,12,18,282,10,12,8,292,10
90,82,12,18,282,10,12,8,292,10
90,83,12,18,282,10,12,8,292,10
90,84,12,15,285,-4,12,19,281,-4
90,85,12,15,285,-4,12,19,281,-4
90,86,12,15,285,-4,12,19,281,-4
90,87,12,16,284,0,12,16,284,0
90,88,12,16,284,0,12,16,284,0
90,89,12,16,284,0,12,16,284,0
90,90,12,17,283,-6,12,23,277,-6
90,91,12,17,283,-6,12,23,277,-6
90,92,12,17,283,-6,12,23,277,-6
90,93,12,18,282,-8,11,1,274,-8
90,94,12,18,282,-8,11,1,274,-8
90,95,12,18,282,-8,11,1,274,-8
91,0,15,23,352,0,15,23,352,0
91,1,15,23,352,0,15,23,352,0
91,2,15,23,352,0,15,23,352,0
91,3,15,23,352,0,15,23,352,0
91,4,15,23,352,0,15,23,352,0
91,5,15,23,352,0,15,23,352,0
91,6,15,23,352,0,15,23,352,0
91,7,15,23,352,0,15,23,352,0
91,8,15,23,352,0,15,23,352,0
91,9,15,23,352,0,15,23,352,0
91,10,15,23,352,0,15,23,352,0
91,11,15,23,352,0,15,23,352,0
91,12,15,23,352,0,15,23,352,0
91,13,15,23,352,0,15,23,352,0
91,14,15,23,352,0,15,23,352,0
91,15,15,23,352,0,15,23,352,0
91,16,15,23,352,0,15,23,352,0
91,17,15,23,352,0,15,23,352,0
91,18,15,23,352,0,15,23,352,0
91,19,15,23,352,0,15,23,352,0
91,20,15,23,352,0,15,23,352,0
91,21,15,23,352,0,15,23,352,0
91,22,15,23,352,0,15,23,352,0
91,23,15,23,352,0,15,23,352,0
91,24,15,23,352,0,15,23,352,0
91,25,15,23,352,0,15,23,352,0
91,26,15,23,352,0,15,23,352,0
91,27,15,23,352,0,15,23,352,0
91,28,15,23,352,0,15,23,352,0
91,29,15,23,352,0,15,23,352,0
91,30,15,23,352,0,15,23,352,0
91,31,15,23,352,0,15,23,352,0
91,32,15,23,352,0,15,23,352,0
91,33,15,23,352,0,15,23,352,0
91,34,15,23,352,0,15,23,352,0
91,35,15,23,352,0,15,23,352,0
91,36,12,14,286,-1,12,15,285,-1
91,37,12,14,286,-1,12,15,285,-1
91,38,12,14,286,-1,12,15,285,-1
91,39,12,16,284,-10,11,1,274,-10
91,40,12,16,284,-10,11,1,274,-10
91,41,12,16,284,-10,11,1,274,-10
91,42,12,17,283,7,12,10,290,7
91,43,12,17,283,7,12,10,290,7
91,44,12,17,283,7,12,10,290,7
91,45,12,15,285,9,12,6,294,9
91,46,12,15,285,9,12,6,294,9
91,47,12,15,285,9,12,6,294,9
91,48,12,13,287,7,12,6,294,7
91,49,12,13,287,7,12,6,294,7
91,50,12,13,287,7,12,6,294,7
91,51,12,17,283,-9,11,1,274,-9
91,52,12,17,283,-9,11,1,274,-9
91,53,12,17,283,-9,11,1,274,-9
91,54,12,17,283,5,12,12,288,5
91,55,12,17,283,5,12,12,288,5
91,56,12,17,283,5,12,12,288,5
91,57,12,14,286,-3,12,17,283,-3
91,58,12,14,286,-3,12,17,283,-3
91,59,12,14,286,-3,12,17,283,-3
91,60,12,15,285,9,12,6,294,9
91,61,12,15,285,9,12,6,294,9
91,62,12,15,285,9,12,6,294,9
91,63,12,16,284,-9,11,0,275,-9
91,64,12,16,284,-9,11,0,275,-9
91,65,12,16,284,-9,11,0,275,-9
91,66,12,18,282,0,12,18,282,0
91,67,12,18,282,0,12,18,282,0
91,68,12,18,282,0,12,18,282,0
91,69,12,18,282,-4,12,22,278,-4
91,70,12,18,282,-4,12,22,278,-4
91,71,12,18,282,-4,12,22,278,-4
91,72,12,16,284,2,12,14,286,2
91,73,12,16,284,2,12,14,286,2
91,74,12,16,284,2,12,14,286,2
91,75,12,17,283,-2,12,19,281,-2
91,76,12,17,283,-2,12,19,281,-2
91,77,12,17,283,-2,12,19,281,-2
91,78,12,17,283,-3,12,20,280,-3
91,79,12,17,283,-3,12,20,280,-3
91,80,12,17,283,-3,12,20,280,-3
91,81,12,17,283,-1,12,18,282,-1
91,82,12,17,283,-1,12,18,282,-1
91,83,12,17,283,-1,12,18,282,-1
91,84,13,4,321,0,13,4,321,0
91,85,13,4,321,0,13,4,321,0
91,86,13,4,321,0,13,4,321,0
91,87,13,4,321,0,13,4,321,0
91,88,13,4,321,0,13,4,321,0
91,89,13,4,321,0,13,4,321,0
91,90,12,16,284,-4,12,20,280,-4
91,91,12,16,284,-4,12,20,280,-4
91,92,12,16,284,-4,12,20,280,-4
91,93,12,16,284,-5,12,21,279,-5
91,94,12,16,284,-5,12,21,279,-5
91,95,12,16,284,-5,12,21,279,-5
92,0,11,12,263,-10,11,22,253,-10
92,1,11,12,263,-10,11,22,253,-10
92,2,11,12,263,-10,11,22,253,-10
92,3,11,15,260,-8,11,23,252,-8
92,4,11,15,260,-8,11,23,252,-8
92,5,11,15,260,-8,11,23,252,-8
92,6,11,15,260,-6,11,21,254,-6
92,7,11,15,260,-6,11,21,254,-6
92,8,11,15,260,-6,11,21,254,-6
92,9,11,15,260,-6,11,21,254,-6
92,10,11,15,260,-6,11,21,254,-6
92,11,11,15,260,-6,11,21,254,-6
92,12,11,14,261,-3,11,17,258,-3
92,13,11,14,261,-3,11,17,258,-3
92,14,11,14,261,-3,11,17,258,-3
92,15,11,15,260,-9,11,24,251,-9
92,16,11,15,260,-9,11,24,251,-9
92,17,11,15,260,-9,11,24,251,-9
92,18,11,16,259,5,11,11,264,5
92,19,11,16,259,5,11,11,264,5
92,20,11,16,259,5,11,11,264,5
92,21,11,15,260,2,11,13,262,2
92,22,11,15,260,2,11,13,262,2
92,23,11,15,260,2,11,13,262,2
92,24,11,14,261,-1,11,15,260,-1
92,25,11,14,261,-1,11,15,260,-1
92,26,11,14,261,-1,11,15,260,-1
92,27,11,15,260,-2,11,17,258,-2
92,28,11,15,260,-2,11,17,258,-2
92,29,11,15,260,-2,11,17,258,-2
92,30,11,17,258,-7,11,24,251,-7
92,31,11,17,258,-7,11,24,251,-7
92,32,11,17,258,-7,11,24,251,-7
92,33,11,17,258,-6,11,23,252,-6
92,34,11,17,258,-6,11,23,252,-6
92,35,11,17,258,-6,11,23,252,-6
92,36,11,15,260,2,11,13,262,2
92,37,11,15,260,2,11,13,262,2
92,38,11,15,260,2,11,13,262,2
92,39,11,17,258,-7,11,24,251,-7
92,40,11,17,258,-7,11,24,251,-7
92,41,11,17,258,-7,11,24,251,-7
92,42,11,18,257,0,11,18,257,0
92,43,11,18,257,0,11,18,257,0
92,44,11,18,257,0,11,18,257,0
92,45,11,17,258,-8,10,0,250,-8
92,46,11,17,258,-8,10,0,250,-8
92,47,11,17,258,-8,10,0,250,-8
92,48,11,17,258,6,11,11,264,6
92,49,11,17,258,6,11,11,264,6
92,50,11,17,258,6,11,11,264,6
92,51,11,16,259,1,11,15,260,1
92,52,11,16,259,1,11,15,260,1
92,53,11,16,259,1,11,15,260,1
92,54,11,18,257,-6,11,24,251,-6
92,55,11,18,257,-6,11,24,251,-6
92,56,11,18,257,-6,11,24,251,-6
92,57,11,14,261,0,11,14,261,0
92,58,11,14,261,0,11,14,261,0
92,59,11,14,261,0,11,14,261,0
92,60,11,14,261,2,11,12,263,2
92,61,11,14,261,2,11,12,263,2
92,62,11,14,261,2,11,12,263,2
92,63,11,16,259,-4,11,20,255,-4
92,64,11,16,259,-4,11,20,255,-4
92,65,11,16,259,-4,11,20,255,-4
92,66,11,16,259,2,11,14,261,2
92,67,11,16,259,2,11,14,261,2
92,68,11,16,259,2,11,14,261,2
92,69,11,16,259,-1,11,17,258,-1
92,70,11,16,259,-1,11,17,258,-1
92,71,11,16,259,-1,11,17,258,-1
92,72,11,15,260,-5,11,20,255,-5
92,73,11,16,259,-5,11,21,254,-5
92,74,11,15,260,-5,11,20,255,-5
92,75,11,18,257,-10,10,3,247,-10
92,76,11,18,257,-10,10,3,247,-10
92,77,11,18,257,-10,10,3,247,-10
92,78,11,15,260,-1,11,16,259,-1
92,79,11,15,260,-1,11,16,259,-1
92,80,11,14,261,-1,11,15,260,-1
92,81,11,14,261,0,11,14,261,0
92,82,11,14,261,0,11,14,261,0
92,83,11,15,260,0,11,15,260,0
92,84,12,3,297,0,12,3,297,0
92,85,12,3,297,0,12,3,297,0
92,86,12,3,297,0,12,3,297,0
92,87,12,3,297,0,12,3,297,0
92,88,12,3,297,0,12,3,297,0
92,89,12,3,297,0,12,3,297,0
92,90,11,18,257,6,11,12,263,6
92,91,11,18,257,6,11,12,263,6
92,92,11,18,257,6,11,12,263,6
92,93,11,17,258,4,11,13,262,4
92,94,11,17,258,4,11,13,262,4
92,95,11,17,258,4,11,13,262,4
93,0,11,11,264,-9,11,20,255,-9
93,1,11,11,264,-9,11,20,255,-9
93,2,11,11,264,-9,11,20,255,-9
93,3,11,10,265,2,11,8,267,2
93,4,11,10,265,2,11,8,267,2
93,5,11,10,265,2,11,8,267,2
93,6,11,13,262,-9,11,22,253,-9
93,7,11,13,262,-9,11,22,253,-9
93,8,11,13,262,-9,11,22,253,-9
93,9,11,12,263,8,11,4,271,8
93,10,11,12,263,8,11,4,271,8
93,11,11,12,263,8,11,4,271,8
93,12,11,10,265,-6,11,16,259,-6
93,13,11,10,265,-6,11,16,259,-6
93,14,11,10,265,-6,11,16,259,-6
93,15,11,12,263,-9,11,21,254,-9
93,16,11,12,263,-9,11,21,254,-9
93,17,11,12,263,-9,11,21,254,-9
93,18,11,14,261,-3,11,17,258,-3
93,19,11,14,261,-3,11,17,258,-3
93,20,11,14,261,-3,11,17,258,-3
93,21,11,12,263,2,11,10,265,2
93,22,11,12,263,2,11,10,265,2
93,23,11,12,263,2,11,10,265,2
93,24,11,12,263,-8,11,20,255,-8
93,25,11,12,263,-8,11,20,255,-8
93,26,11,12,263,-8,11,20,255,-8
93,27,11,12,263,-10,11,22,253,-10
93,28,11,12,263,-10,11,22,253,-10
93,29,11,12,263,-10,11,22,253,-10
93,30,11,12,263,4,11,8,267,4
93,31,11,12,263,4,11,8,267,4
93,32,11,12,263,4,11,8,267,4
93,33,11,14,261,10,11,4,271,10
93,34,11,14,261,10,11,4,271,10
93,35,11,14,261,10,11,4,271,10
93,36,11,13,262,6,11,7,268,6
93,37,11,13,262,6,11,7,268,6
93,38,11,13,262,6,11,7,268,6
93,39,11,12,263,-3,11,15,260,-3
93,40,11,12,263,-3,11,15,260,-3
93,41,11,12,263,-3,11,15,260,-3
93,42,11,14,261,-9,11,23,252,-9
93,43,11,14,261,-9,11,23,252,-9
93,44,11,14,261,-9,11,23,252,-9
93,45,11,11,264,-2,11,13,262,-2
93,46,11,11,264,-2,11,13,262,-2
93,47,11,11,264,-2,11,13,262,-2
93,48,11,11,264,-1,11,12,263,-1
93,49,11,11,264,-1,11,12,263,-1
93,50,11,11,264,-1,11,12,263,-1
93,51,11,11,264,-6,11,17,258,-6
93,52,11,11,264,-6,11,17,258,-6
93,53,11,11,264,-6,11,17,258,-6
93,54,11,15,260,-3,11,18,257,-3
93,55,11,15,260,-3,11,18,257,-3
93,56,11,15,260,-3,11,18,257,-3
93,57,11,12,263,-4,11,16,259,-4
93,58,11,12,263,-4,11,16,259,-4
93,59,11,12,263,-4,11,16,259,-4
93,60,11,12,263,-4,11,16,259,-4
93,61,11,12,263,-4,11,16,259,-4
93,62,11,12,263,-4,11,16,259,-4
93,63,11,12,263,-4,11,16,259,-4
93,64,11,12,263,-4,11,16,259,-4
93,65,11,12,263,-4,11,16,259,-4
93,66,11,14,261,-5,11,19,256,-5
93,67,11,14,261,-5,11,19,256,-5
93,68,11,14,261,-5,11,19,256,-5
93,69,11,11,264,-2,11,13,262,-2
93,70,11,11,264,-2,11,13,262,-2
93,71,11,11,264,-2,11,13,262,-2
93,72,12,3,297,0,12,3,297,0
93,73,12,3,297,0,12,3,297,0
93,74,12,3,297,0,12,3,297,0
93,75,12,3,297,0,12,3,297,0
93,76,12,3,297,0,12,3,297,0
93,77,12,3,297,0,12,3,297,0
93,78,12,3,297,0,12,3,297,0
93,79,11,9,266,0,11,9,266,0
93,80,11,9,266,0,11,9,266,0
93,81,11,16,259,10,11,6,269,10
93,82,11,16,259,10,11,6,269,10
93,83,11,16,259,10,11,6,269,10
93,84,11,12,263,8,11,4,271,8
93,85,11,12,263,8,11,4,271,8
93,86,11,12,263,8,11,4,271,8
93,87,11,10,265,-4,11,14,261,-4
93,88,11,10,265,-4,11,14,261,-4
93,89,11,10,265,-4,11,14,261,-4
93,90,11,15,260,-4,11,19,256,-4
93,91,11,15,260,-4,11,19,256,-4
93,92,11,15,260,-4,11,19,256,-4
93,93,11,14,261,4,11,10,265,4
93,94,11,14,261,4,11,10,265,4
93,95,11,14,261,4,11,10,265,4
94,0,10,15,235,-8,10,23,227,-8
94,1,10,15,235,-8,10,23,227,-8
94,2,10,15,235,-8,10,23,227,-8
94,3,10,13,237,6,10,7,243,6
94,4,10,13,237,6,10,7,243,6
94,5,10,13,237,6,10,7,243,6
94,6,10,16,234,4,10,12,238,4
94,7,10,15,235,4,10,11,239,4
94,8,10,16,234,4,10,12,238,4
94,9,10,13,237,-9,10,22,228,-9
94,10,10,14,236,-9,10,23,227,-9
94,11,10,14,236,-9,10,23,227,-9
94,12,10,13,237,5,10,8,242,5
94,13,10,13,237,5,10,8,242,5
94,14,10,13,237,5,10,8,242,5
94,15,10,15,235,10,10,5,245,10
94,16,10,15,235,10,10,5,245,10
94,17,10,15,235,10,10,5,245,10
94,18,10,17,233,-5,10,22,228,-5
94,19,10,17,233,-5,10,22,228,-5
94,20,10,17,233,-5,10,22,228,-5
94,21,10,15,235,-9,10,24,226,-9
94,22,10,15,235,-9,10,24,226,-9
94,23,10,15,235,-9,10,24,226,-9
94,24,10,15,235,-9,10,24,226,-9
94,25,10,15,235,-9,10,24,226,-9
94,26,10,15,235,-9,10,24,226,-9
94,27,10,14,236,7,10,7,243,7
94,28,10,14,236,7,10,7,243,7
94,29,10,14,236,7,10,7,243,7
94,30,10,15,235,0,10,15,235,0
94,31,10,15,235,0,10,15,235,0
94,32,10,15,235,0,10,15,235,0
94,33,10,14,236,7,10,7,243,7
94,34,10,14,236,7,10,7,243,7
94,35,10,14,236,7,10,7,243,7
94,36,11,1,274,0,11,1,274,0
94,37,11,1,274,0,11,1,274,0
94,38,11,1,274,0,11,1,274,0
94,39,11,1,274,0,11,1,274,0
94,40,11,1,274,0,11,1,274,0
94,41,11,1,274,0,11,1,274,0
94,42,10,15,235,2,10,13,237,2
94,43,10,15,235,2,10,13,237,2
94,44,10,15,235,2,10,13,237,2
94,45,10,17,233,3,10,14,236,3
94,46,10,17,233,3,10,14,236,3
94,47,10,17,233,3,10,14,236,3
94,48,10,16,234,2,10,14,236,2
94,49,10,16,234,2,10,14,236,2
94,50,10,16,234,2,10,14,236,2
94,51,10,16,234,0,10,16,234,0
94,52,10,16,234,0,10,16,234,0
94,53,10,16,234,0,10,16,234,0
94,54,10,17,233,8,10,9,241,8
94,55,10,17,233,8,10,9,241,8
94,56,10,18,232,8,10,10,240,8
94,57,10,15,235,-3,10,18,232,-3
94,58,10,15,235,-3,10,18,232,-3
94,59,10,15,235,-3,10,18,232,-3
94,60,10,15,235,10,10,5,245,10
94,61,10,15,235,10,10,5,245,10
94,62,10,15,235,10,10,5,245,10
94,63,10,14,236,2,10,12,238,2
94,64,10,14,236,2,10,12,238,2
94,65,10,14,236,2,10,12,238,2
94,66,10,17,233,-10,9,2,223,-10
94,67,10,17,233,-10,9,2,223,-10
94,68,10,17,233,-10,9,2,223,-10
94,69,10,16,234,-1,10,17,233,-1
94,70,10,16,234,-1,10,17,233,-1
94,71,10,16,234,-1,10,17,233,-1
94,72,10,15,235,3,10,12,238,3
94,73,10,15,235,3,10,12,238,3
94,74,10,15,235,3,10,12,238,3
94,75,10,17,233,10,10,7,243,10
94,76,10,17,233,10,10,7,243,10
94,77,10,17,233,10,10,7,243,10
94,78,10,16,234,-8,10,24,226,-8
94,79,10,16,234,-8,10,24,226,-8
94,80,10,16,234,-8,10,24,226,-8
94,81,10,16,234,-8,10,24,226,-8
94,82,10,16,234,-8,10,24,226,-8
94,83,10,16,234,-8,10,24,226,-8
94,84,10,16,234,5,10,11,239,5
94,85,10,16,234,5,10,11,239,5
94,86,10,16,234,5,10,11,239,5
94,87,10,16,234,-5,10,21,229,-5
94,88,10,16,234,-5,10,21,229,-5
94,89,10,16,234,-5,10,21,229,-5
94,90,10,15,235,6,10,9,241,6
94,91,10,15,235,6,10,9,241,6
94,92,10,15,235,6,10,9,241,6
94,93,10,17,233,-9,9,1,224,-9
94,94,10,17,233,-9,9,1,224,-9
94,95,10,17,233,-9,9,1,224,-9
95,0,12,1,299,0,12,1,299,0
95,1,12,1,299,0,12,1,299,0
95,2,12,1,299,0,12,1,299,0
95,3,12,1,299,0,12,1,299,0
95,4,12,1,299,0,12,1,299,0
95,5,12,1,299,0,12,1,299,0
95,6,11,16,259,9,11,7,268,9
95,7,11,16,259,9,11,7,268,9
95,8,11,16,259,9,11,7,268,9
95,9,11,14,261,-8,11,22,253,-8
95,10,11,14,261,-8,11,22,253,-8
95,11,11,14,261,-8,11,22,253,-8
95,12,11,15,260,2,11,13,262,2
95,13,11,14,261,2,11,12,263,2
95,14,11,14,261,2,11,12,263,2
95,15,11,14,261,10,11,4,271,10
95,16,11,14,261,10,11,4,271,10
95,17,11,14,261,10,11,4,271,10
95,18,11,16,259,-2,11,18,257,-2
95,19,11,16,259,-2,11,18,257,-2
95,20,11,16,259,-2,11,18,257,-2
95,21,11,16,259,-6,11,22,253,-6
95,22,11,16,259,-6,11,22,253,-6
95,23,11,16,259,-6,11,22,253,-6
95,24,11,12,263,-6,11,18,257,-6
95,25,11,12,263,-6,11,18,257,-6
95,26,11,12,263,-6,11,18,257,-6
95,27,11,16,259,8,11,8,267,8
95,28,11,16,259,8,11,8,267,8
95,29,11,16,259,8,11,8,267,8
95,30,11,18,257,4,11,14,261,4
95,31,11,18,257,4,11,14,261,4
95,32,11,18,257,4,11,14,261,4
95,33,11,17,258,3,11,14,261,3
95,34,11,17,258,3,11,14,261,3
95,35,11,17,258,3,11,14,261,3
95,36,11,16,259,-3,11,19,256,-3
95,37,11,16,259,-3,11,19,256,-3
95,38,11,16,259,-3,11,19,256,-3
95,39,11,16,259,6,11,10,265,6
95,40,11,16,259,6,11,10,265,6
95,41,11,16,259,6,11,10,265,6
95,42,11,17,258,7,11,10,265,7
95,43,11,17,258,7,11,10,265,7
95,44,11,17,258,7,11,10,265,7
95,45,11,16,259,5,11,11,264,5
95,46,11,16,259,5,11,11,264,5
95,47,11,16,259,5,11,11,264,5
95,48,11,14,261,5,11,9,266,5
95,49,11,14,261,5,11,9,266,5
95,50,11,14,261,5,11,9,266,5
95,51,11,16,259,8,11,8,267,8
95,52,11,16,259,8,11,8,267,8
95,53,11,16,259,8,11,8,267,8
95,54,11,17,258,7,11,10,265,7
95,55,11,17,258,7,11,10,265,7
95,56,11,17,258,7,11,10,265,7
95,57,11,16,259,-7,11,23,252,-7
95,58,11,16,259,-7,11,23,252,-7
95,59,11,16,259,-7,11,23,252,-7
95,60,11,17,258,1,11,16,259,1
95,61,11,17,258,1,11,16,259,1
95,62,11,17,258,1,11,16,259,1
95,63,11,14,261,-9,11,23,252,-9
95,64,11,14,261,-9,11,23,252,-9
95,65,11,14,261,-9,11,23,252,-9
95,66,11,18,257,8,11,10,265,8
95,67,11,18,257,8,11,10,265,8
95,68,11,18,257,8,11,10,265,8
95,69,11,15,260,10,11,5,270,10
95,70,11,15,260,10,11,5,270,10
95,71,11,15,260,10,11,5,270,10
95,72,11,14,261,-8,11,22,253,-8
95,73,11,14,261,-8,11,22,253,-8
95,74,11,14,261,-8,11,22,253,-8
95,75,11,15,260,-3,11,18,257,-3
95,76,11,15,260,-3,11,18,257,-3
95,77,11,15,260,-3,11,18,257,-3
95,78,11,17,258,4,11,13,262,4
95,79,11,17,258,4,11,13,262,4
95,80,11,17,258,4,11,13,262,4
95,81,11,17,258,10,11,7,268,10
95,82,11,17,258,10,11,7,268,10
95,83,11,17,258,10,11,7,268,10
95,84,11,15,260,0,11,15,260,0
95,85,11,15,260,0,11,15,260,0
95,86,11,15,260,0,11,15,260,0
95,87,11,17,258,4,11,13,262,4
95,88,11,17,258,4,11,13,262,4
95,89,11,17,258,4,11,13,262,4
95,90,11,17,258,-4,11,21,254,-4
95,91,11,17,258,-4,11,21,254,-4
95,92,11,17,258,-4,11,21,254,-4
95,93,11,17,258,9,11,8,267,9
95,94,11,17,258,9,11,8,267,9
95,95,11,17,258,9,11,8,267,9
96,0,12,1,299,0,12,1,299,0
96,1,12,1,299,0,12,1,299,0
96,2,12,1,299,0,12,1,299,0
96,3,12,1,299,0,12,1,299,0
96,4,12,1,299,0,12,1,299,0
96,5,12,1,299,0,12,1,299,0
96,6,11,15,260,1,11,14,261,1
96,7,11,15,260,1,11,14,261,1
96,8,11,15,260,1,11,14,261,1
96,9,11,12,263,1,11,11,264,1
96,10,11,12,263,1,11,11,264,1
96,11,11,12,263,1,11,11,264,1
96,12,11,12,263,-5,11,17,258,-5
96,13,11,12,263,-5,11,17,258,-5
96,14,11,12,263,-5,11,17,258,-5
96,15,11,13,262,-4,11,17,258,-4
96,16,11,13,262,-4,11,17,258,-4
96,17,11,13,262,-4,11,17,258,-4
96,18,11,13,262,-6,11,19,256,-6
96,19,11,13,262,-6,11,19,256,-6
96,20,11,13,262,-6,11,19,256,-6
96,21,11,15,260,1,11,14,261,1
96,22,11,15,260,1,11,14,261,1
96,23,11,15,260,1,11,14,261,1
96,24,11,15,260,-2,11,17,258,-2
96,25,11,15,260,-2,11,17,258,-2
96,26,11,15,260,-2,11,17,258,-2
96,27,11,15,260,10,11,5,270,10
96,28,11,15,260,10,11,5,270,10
96,29,11,15,260,10,11,5,270,10
96,30,11,15,260,-1,11,16,259,-1
96,31,11,15,260,-1,11,16,259,-1
96,32,11,15,260,-1,11,16,259,-1
96,33,11,15,260,9,11,6,269,9
96,34,11,15,260,9,11,6,269,9
96,35,11,15,260,9,11,6,269,9
96,36,11,15,260,8,11,7,268,8
96,37,11,14,261,8,11,6,269,8
96,38,11,14,261,8,11,6,269,8
96,39,11,14,261,3,11,11,264,3
96,40,11,14,261,3,11,11,264,3
96,41,11,14,261,3,11,11,264,3
96,42,11,14,261,10,11,4,271,10
96,43,11,14,261,10,11,4,271,10
96,44,11,14,261,10,11,4,271,10
96,45,11,13,262,-6,11,19,256,-6
96,46,11,13,262,-6,11,19,256,-6
96,47,11,13,262,-6,11,19,256,-6
96,48,11,15,260,1,11,14,261,1
96,49,11,15,260,1,11,14,261,1
96,50,11,15,260,1,11,14,261,1
96,51,11,15,260,-8,11,23,252,-8
96,52,11,15,260,-8,11,23,252,-8
96,53,11,15,260,-8,11,23,252,-8
96,54,11,17,258,-5,11,22,253,-5
96,55,11,17,258,-5,11,22,253,-5
96,56,11,17,258,-5,11,22,253,-5
96,57,11,14,261,4,11,10,265,4
96,58,11,14,261,4,11,10,265,4
96,59,11,14,261,4,11,10,265,4
96,60,11,15,260,1,11,14,261,1
96,61,11,15,260,1,11,14,261,1
96,62,11,15,260,1,11,14,261,1
96,63,11,14,261,-1,11,15,260,-1
96,64,11,14,261,-1,11,15,260,-1
96,65,11,14,261,-1,11,15,260,-1
96,66,11,14,261,8,11,6,269,8
96,67,11,14,261,8,11,6,269,8
96,68,11,14,261,8,11,6,269,8
96,69,11,15,260,7,11,8,267,7
96,70,11,15,260,7,11,8,267,7
96,71,11,15,260,7,11,8,267,7
96,72,11,16,259,5,11,11,264,5
96,73,11,16,259,5,11,11,264,5
96,74,11,16,259,5,11,11,264,5
96,75,11,14,261,-4,11,18,257,-4
96,76,11,14,261,-4,11,18,257,-4
96,77,11,14,261,-4,11,18,257,-4
96,78,11,17,258,-9,10,1,249,-9
96,79,11,17,258,-9,10,1,249,-9
96,80,11,17,258,-9,10,1,249,-9
96,81,11,15,260,6,11,9,266,6
96,82,11,15,260,6,11,9,266,6
96,83,11,15,260,6,11,9,266,6
96,84,11,12,263,4,11,8,267,4
96,85,11,13,262,4,11,9,266,4
96,86,11,13,262,4,11,9,266,4
96,87,11,15,260,6,11,9,266,6
96,88,11,15,260,6,11,9,266,6
96,89,11,15,260,6,11,9,266,6
96,90,11,16,259,9,11,7,268,9
96,91,11,17,258,9,11,8,267,9
96,92,11,16,259,9,11,7,268,9
96,93,11,13,262,5,11,8,267,5
96,94,11,14,261,5,11,9,266,5
96,95,11,14,261,5,11,9,266,5
97,0,11,14,261,4,11,10,265,4
97,1,11,14,261,4,11,10,265,4
97,2,11,14,261,4,11,10,265,4
97,3,11,14,261,9,11,5,270,9
97,4,11,14,261,9,11,5,270,9
97,5,11,14,261,9,11,5,270,9
97,6,11,18,257,4,11,14,261,4
97,7,11,18,257,4,11,14,261,4
97,8,11,17,258,4,11,13,262,4
97,9,11,17,258,6,11,11,264,6
97,10,11,17,258,6,11,11,264,6
97,11,11,17,258,6,11,11,264,6
97,12,14,22,328,0,14,22,328,0
97,13,14,22,328,0,14,22,328,0
97,14,14,22,328,0,14,22,328,0
97,15,14,22,328,0,14,22,328,0
97,16,14,22,328,0,14,22,328,0
97,17,14,22,328,0,14,22,328,0
97,18,14,22,328,0,14,22,328,0
97,19,14,22,328,0,14,22,328,0
97,20,14,22,328,0,14,22,328,0
97,21,14,22,328,0,14,22,328,0
97,22,14,22,328,0,14,22,328,0
97,23,14,22,328,0,14,22,328,0
97,24,14,23,327,0,14,23,327,0
97,25,14,23,327,0,14,23,327,0
97,26,14,23,327,0,14,23,327,0
97,27,14,23,327,0,14,23,327,0
97,28,14,23,327,0,14,23,327,0
97,29,14,23,327,0,14,23,327,0
97,30,14,23,327,0,14,23,327,0
97,31,14,23,327,0,14,23,327,0
97,32,14,23,327,0,14,23,327,0
97,33,14,23,327,0,14,23,327,0
97,34,14,23,327,0,14,23,327,0
97,35,14,23,327,0,14,23,327,0
97,36,11,16,259,-9,10,0,250,-9
97,37,11,16,259,-9,10,0,250,-9
97,38,11,16,259,-9,10,0,250,-9
97,39,11,15,260,-3,11,18,257,-3
97,40,11,15,260,-3,11,18,257,-3
97,41,11,15,260,-3,11,18,257,-3
97,42,11,17,258,2,11,15,260,2
97,43,11,17,258,2,11,15,260,2
97,44,11,17,258,2,11,15,260,2
97,45,11,17,258,2,11,15,260,2
97,46,11,17,258,2,11,15,260,2
97,47,11,17,258,2,11,15,260,2
97,48,11,15,260,9,11,6,269,9
97,49,11,15,260,9,11,6,269,9
97,50,11,15,260,9,11,6,269,9
97,51,11,16,259,-4,11,20,255,-4
97,52,11,16,259,-4,11,20,255,-4
97,53,11,16,259,-4,11,20,255,-4
97,54,11,16,259,-1,11,17,258,-1
97,55,11,16,259,-1,11,17,258,-1
97,56,11,16,259,-1,11,17,258,-1
97,57,11,16,259,6,11,10,265,6
97,58,11,16,259,6,11,10,265,6
97,59,11,16,259,6,11,10,265,6
97,60,11,15,260,3,11,12,263,3
97,61,11,15,260,3,11,12,263,3
97,62,11,15,260,3,11,12,263,3
97,63,11,16,259,4,11,12,263,4
97,64,11,16,259,4,11,12,263,4
97,65,11,16,259,4,11,12,263,4
97,66,11,16,259,-8,11,24,251,-8
97,67,11,16,259,-8,11,24,251,-8
97,68,11,16,259,-8,11,24,251,-8
97,69,11,15,260,-1,11,16,259,-1
97,70,11,15,260,-1,11,16,259,-1
97,71,11,15,260,-1,11,16,259,-1
97,72,11,15,260,2,11,13,262,2
97,73,11,15,260,2,11,13,262,2
97,74,11,15,260,2,11,13,262,2
97,75,11,15,260,-5,11,20,255,-5
97,76,11,15,260,-5,11,20,255,-5
97,77,11,15,260,-5,11,20,255,-5
97,78,11,17,258,-8,10,0,250,-8
97,79,11,17,258,-8,10,0,250,-8
97,80,11,17,258,-8,10,0,250,-8
97,81,11,16,259,-10,10,1,249,-10
97,82,11,16,259,-10,10,1,249,-10
97,83,11,16,259,-10,10,1,249,-10
97,84,11,14,261,7,11,7,268,7
97,85,11,14,261,7,11,7,268,7
97,86,11,14,261,7,11,7,268,7
97,87,11,16,259,10,11,6,269,10
97,88,11,16,259,10,11,6,269,10
97,89,11,16,259,10,11,6,269,10
97,90,11,18,257,-5,11,23,252,-5
97,91,11,18,257,-5,11,23,252,-5
97,92,11,18,257,-5,11,23,252,-5
97,93,11,15,260,-6,11,21,254,-6
97,94,11,15,260,-6,11,21,254,-6
97,95,11,15,260,-6,11,21,254,-6
98,0,11,15,260,5,11,10,265,5
98,1,11,15,260,5,11,10,265,5
98,2,11,15,260,5,11,10,265,5
98,3,11,18,257,8,11,10,265,8
98,4,11,18,257,8,11,10,265,8
98,5,11,18,257,8,11,10,265,8
98,6,11,17,258,-8,10,0,250,-8
98,7,11,17,258,-8,10,0,250,-8
98,8,11,17,258,-8,10,0,250,-8
98,9,11,17,258,-5,11,22,253,-5
98,10,11,17,258,-5,11,22,253,-5
98,11,11,17,258,-5,11,22,253,-5
98,12,14,23,327,0,14,23,327,0
98,13,14,23,327,0,14,23,327,0
98,14,14,23,327,0,14,23,327,0
98,15,14,23,327,0,14,23,327,0
98,16,14,23,327,0,14,23,327,0
98,17,14,23,327,0,14,23,327,0
98,18,14,23,327,0,14,23,327,0
98,19,14,23,327,0,14,23,327,0
98,20,14,23,327,0,14,23,327,0
98,21,14,23,327,0,14,23,327,0
98,22,14,23,327,0,14,23,327,0
98,23,14,23,327,0,14,23,327,0
98,24,14,23,327,0,14,23,327,0
98,25,14,23,327,0,14,23,327,0
98,26,14,23,327,0,14,23,327,0
98,27,14,23,327,0,14,23,327,0
98,28,14,23,327,0,14,23,327,0
98,29,14,23,327,0,14,23,327,0
98,30,14,23,327,0,14,23,327,0
98,31,14,23,327,0,14,23,327,0
98,32,14,23,327,0,14,23,327,0
98,33,14,23,327,0,14,23,327,0
98,34,14,23,327,0,14,23,327,0
98,35,14,23,327,0,14,23,327,0
98,36,11,15,260,8,11,7,268,8
98,37,11,15,260,8,11,7,268,8
98,38,11,15,260,8,11,7,268,8
98,39,11,17,258,-1,11,18,257,-1
98,40,11,17,258,-1,11,18,257,-1
98,41,11,17,258,-1,11,18,257,-1
98,42,11,19,256,5,11,14,261,5
98,43,11,19,256,5,11,14,261,5
98,44,11,19,256,5,11,14,261,5
98,45,11,17,258,2,11,15,260,2
98,46,11,17,258,2,11,15,260,2
98,47,11,17,258,2,11,15,260,2
98,48,11,16,259,7,11,9,266,7
98,49,11,16,259,7,11,9,266,7
98,50,11,16,259,7,11,9,266,7
98,51,11,15,260,4,11,11,264,4
98,52,11,15,260,4,11,11,264,4
98,53,11,15,260,4,11,11,264,4
98,54,11,19,256,3,11,16,259,3
98,55,11,19,256,3,11,16,259,3
98,56,11,19,256,3,11,16,259,3
98,57,11,18,257,5,11,13,262,5
98,58,11,18,257,5,11,13,262,5
98,59,11,18,257,5,11,13,262,5
98,60,11,15,260,-2,11,17,258,-2
98,61,11,15,260,-2,11,17,258,-2
98,62,11,15,260,-2,11,17,258,-2
98,63,11,17,258,-3,11,20,255,-3
98,64,11,17,258,-3,11,20,255,-3
98,65,11,17,258,-3,11,20,255,-3
98,66,11,18,257,-5,11,23,252,-5
98,67,11,18,257,-5,11,23,252,-5
98,68,11,18,257,-5,11,23,252,-5
98,69,11,16,259,8,11,8,267,8
98,70,11,16,259,8,11,8,267,8
98,71,11,16,259,8,11,8,267,8
98,72,11,16,259,9,11,7,268,9
98,73,11,17,258,9,11,8,267,9
98,74,11,16,259,9,11,7,268,9
98,75,11,15,260,6,11,9,266,6
98,76,11,15,260,6,11,9,266,6
98,77,11,16,259,6,11,10,265,6
98,78,11,17,258,2,11,15,260,2
98,79,11,17,258,2,11,15,260,2
98,80,11,17,258,2,11,15,260,2
98,81,11,18,257,9,11,9,266,9
98,82,11,18,257,9,11,9,266,9
98,83,11,18,257,9,11,9,266,9
98,84,11,16,259,4,11,12,263,4
98,85,11,16,259,4,11,12,263,4
98,86,11,16,259,4,11,12,263,4
98,87,11,16,259,8,11,8,267,8
98,88,11,16,259,8,11,8,267,8
98,89,11,16,259,8,11,8,267,8
98,90,11,18,257,2,11,16,259,2
98,91,11,18,257,2,11,16,259,2
98,92,11,18,257,2,11,16,259,2
98,93,11,16,259,0,11,16,259,0
98,94,11,16,259,0,11,16,259,0
98,95,11,16,259,0,11,16,259,0
99,0,14,23,327,0,14,23,327,0
99,1,14,23,327,0,14,23,327,0
99,2,14,23,327,0,14,23,327,0
99,3,14,23,327,0,14,23,327,0
99,4,14,23,327,0,14,23,327,0
99,5,14,23,327,0,14,23,327,0
99,6,14,23,327,0,14,23,327,0
99,7,14,23,327,0,14,23,327,0
99,8,14,23,327,0,14,23,327,0
99,9,14,23,327,0,14,23,327,0
99,10,14,23,327,0,14,23,327,0
99,11,14,23,327,0,14,23,327,0
99,12,14,23,327,0,14,23,327,0
99,13,14,23,327,0,14,23,327,0
99,14,14,23,327,0,14,23,327,0
99,15,14,23,327,0,14,23,327,0
99,16,14,23,327,0,14,23,327,0
99,17,14,23,327,0,14,23,327,0
99,18,14,23,327,0,14,23,327,0
99,19,14,23,327,0,14,23,327,0
99,20,14,23,327,0,14,23,327,0
99,21,14,23,327,0,14,23,327,0
99,22,14,23,327,0,14,23,327,0
99,23,14,23,327,0,14,23,327,0
99,24,14,23,327,0,14,23,327,0
99,25,14,23,327,0,14,23,327,0
99,26,14,23,327,0,14,23,327,0
99,27,14,23,327,0,14,23,327,0
99,28,14,23,327,0,14,23,327,0
99,29,14,23,327,0,14,23,327,0
99,30,14,23,327,0,14,23,327,0
99,31,14,23,327,0,14,23,327,0
99,32,14,23,327,0,14,23,327,0
99,33,14,23,327,0,14,23,327,0
99,34,14,23,327,0,14,23,327,0
99,35,14,23,327,0,14,23,327,0
99,36,11,13,262,-5,11,18,257,-5
99,37,11,13,262,-5,11,18,257,-5
99,38,11,13,262,-5,11,18,257,-5
99,39,11,16,259,-9,10,0,250,-9
99,40,11,16,259,-9,10,0,250,-9
99,41,11,16,259,-9,10,0,250,-9
99,42,11,17,258,-6,11,23,252,-6
99,43,11,17,258,-6,11,23,252,-6
99,44,11,17,258,-6,11,23,252,-6
99,45,11,15,260,-8,11,23,252,-8
99,46,11,15,260,-8,11,23,252,-8
99,47,11,15,260,-8,11,23,252,-8
99,48,11,15,260,-10,10,0,250,-10
99,49,11,15,260,-10,10,0,250,-10
99,50,11,15,260,-10,10,0,250,-10
99,51,11,14,261,5,11,9,266,5
99,52,11,14,261,5,11,9,266,5
99,53,11,14,261,5,11,9,266,5
99,54,11,17,258,-3,11,20,255,-3
99,55,11,17,258,-3,11,20,255,-3
99,56,11,17,258,-3,11,20,255,-3
99,57,11,17,258,6,11,11,264,6
99,58,11,17,258,6,11,11,264,6
99,59,11,17,258,6,11,11,264,6
99,60,11,15,260,8,11,7,268,8
99,61,11,15,260,8,11,7,268,8
99,62,11,15,260,8,11,7,268,8
99,63,11,16,259,-4,11,20,255,-4
99,64,11,16,259,-4,11,20,255,-4
99,65,11,16,259,-4,11,20,255,-4
99,66,11,16,259,-5,11,21,254,-5
99,67,11,16,259,-5,11,21,254,-5
99,68,11,16,259,-5,11,21,254,-5
99,69,11,17,258,7,11,10,265,7
99,70,11,17,258,7,11,10,265,7
99,71,11,17,258,7,11,10,265,7
99,72,11,15,260,0,11,15,260,0
99,73,11,15,260,0,11,15,260,0
99,74,11,15,260,0,11,15,260,0
99,75,11,14,261,9,11,5,270,9
99,76,11,14,261,9,11,5,270,9
99,77,11,14,261,9,11,5,270,9
99,78,12,3,297,0,12,3,297,0
99,79,12,3,297,0,12,3,297,0
99,80,12,3,297,0,12,3,297,0
99,81,12,3,297,0,12,3,297,0
99,82,12,3,297,0,12,3,297,0
99,83,12,3,297,0,12,3,297,0
99,84,11,14,261,-10,11,24,251,-10
99,85,11,14,261,-10,11,24,251,-10
99,86,11,14,261,-10,11,24,251,-10
99,87,11,16,259,6,11,10,265,6
99,88,11,16,259,6,11,10,265,6
99,89,11,16,259,6,11,10,265,6
99,90,11,15,260,5,11,10,265,5
99,91,11,15,260,5,11,10,265,5
99,92,11,16,259,5,11,11,264,5
99,93,11,15,260,6,11,9,266,6
99,94,11,16,259,6,11,10,265,6
99,95,11,16,259,6,11,10,265,6
100,0,11,12,263,-9,11,21,254,-9
100,1,11,12,263,-9,11,21,254,-9
100,2,11,12,263,-9,11,21,254,-9
100,3,11,13,262,3,11,10,265,3
100,4,11,13,262,3,11,10,265,3
100,5,11,13,262,3,11,10,265,3
100,6,11,16,259,2,11,14,261,2
100,7,11,16,259,2,11,14,261,2
100,8,11,16,259,2,11,14,261,2
100,9,11,13,262,-2,11,15,260,-2
100,10,11,13,262,-2,11,15,260,-2
100,11,11,13,262,-2,11,15,260,-2
100,12,12,2,298,0,12,2,298,0
100,13,12,2,298,0,12,2,298,0
100,14,12,2,298,0,12,2,298,0
100,15,12,2,298,0,12,2,298,0
100,16,12,2,298,0,12,2,298,0
100,17,12,2,298,0,12,2,298,0
100,18,11,17,258,-4,11,21,254,-4
100,19,11,17,258,-4,11,21,254,-4
100,20,11,16,259,-4,11,20,255,-4
100,21,11,17,258,9,11,8,267,9
100,22,11,16,259,9,11,7,268,9
100,23,11,16,259,9,11,7,268,9
100,24,11,15,260,0,11,15,260,0
100,25,11,15,260,0,11,15,260,0
100,26,11,15,260,0,11,15,260,0
100,27,11,14,261,8,11,6,269,8
100,28,11,14,261,8,11,6,269,8
100,29,11,14,261,8,11,6,269,8
100,30,11,16,259,8,11,8,267,8
100,31,11,16,259,8,11,8,267,8
100,32,11,16,259,8,11,8,267,8
100,33,11,14,261,8,11,6,269,8
100,34,11,14,261,8,11,6,269,8
100,35,11,14,261,8,11,6,269,8
100,36,11,15,260,3,11,12,263,3
100,37,11,15,260,3,11,12,263,3
100,38,11,15,260,3,11,12,263,3
100,39,11,17,258,8,11,9,266,8
100,40,11,17,258,8,11,9,266,8
100,41,11,17,258,8,11,9,266,8
100,42,11,17,258,-4,11,21,254,-4
100,43,11,17,258,-4,11,21,254,-4
100,44,11,17,258,-4,11,21,254,-4
100,45,11,16,259,-9,10,0,250,-9
100,46,11,16,259,-9,10,0,250,-9
100,47,11,16,259,-9,10,0,250,-9
100,48,11,16,259,5,11,11,264,5
100,49,11,16,259,5,11,11,264,5
100,50,11,16,259,5,11,11,264,5
100,51,11,16,259,-3,11,19,256,-3
100,52,11,16,259,-3,11,19,256,-3
100,53,11,16,259,-3,11,19,256,-3
100,54,11,17,258,-5,11,22,253,-5
100,55,11,17,258,-5,11,22,253,-5
100,56,11,17,258,-5,11,22,253,-5
100,57,11,16,259,-8,11,24,251,-8
100,58,11,16,259,-8,11,24,251,-8
100,59,11,16,259,-8,11,24,251,-8
100,60,11,15,260,-8,11,23,252,-8
100,61,11,15,260,-8,11,23,252,-8
100,62,11,15,260,-8,11,23,252,-8
100,63,11,16,259,4,11,12,263,4
100,64,11,16,259,4,11,12,263,4
100,65,11,16,259,4,11,12,263,4
100,66,11,18,257,10,11,8,267,10
100,67,11,18,257,10,11,8,267,10
100,68,11,18,257,10,11,8,267,10
100,69,11,16,259,-2,11,18,257,-2
100,70,11,16,259,-2,11,18,257,-2
100,71,11,16,259,-2,11,18,257,-2
100,72,11,15,260,2,11,13,262,2
100,73,11,15,260,2,11,13,262,2
100,74,11,15,260,2,11,13,262,2
100,75,11,17,258,4,11,13,262,4
100,76,11,17,258,4,11,13,262,4
100,77,11,17,258,4,11,13,262,4
100,78,11,18,257,2,11,16,259,2
100,79,11,18,257,2,11,16,259,2
100,80,11,18,257,2,11,16,259,2
100,81,11,18,257,7,11,11,264,7
100,82,11,18,257,7,11,11,264,7
100,83,11,18,257,7,11,11,264,7
100,84,11,15,260,0,11,15,260,0
100,85,11,15,260,0,11,15,260,0
100,86,11,15,260,0,11,15,260,0
100,87,11,14,261,0,11,14,261,0
100,88,11,14,261,0,11,14,261,0
100,89,11,14,261,0,11,14,261,0
100,90,11,18,257,7,11,11,264,7
100,91,11,18,257,7,11,11,264,7
100,92,11,18,257,7,11,11,264,7
100,93,11,16,259,8,11,8,267,8
100,94,11,16,259,8,11,8,267,8
100,95,11,16,259,8,11,8,267,8
101,0,11,13,262,4,11,9,266,4
101,1,11,13,262,4,11,9,266,4
101,2,11,13,262,4,11,9,266,4
101,3,11,13,262,3,11,10,265,3
101,4,11,13,262,3,11,10,265,3
101,5,11,13,262,3,11,10,265,3
101,6,11,14,261,-7,11,21,254,-7
101,7,11,14,261,-7,11,21,254,-7
101,8,11,14,261,-7,11,21,254,-7
101,9,11,13,262,10,11,3,272,10
101,10,11,13,262,10,11,3,272,10
101,11,11,13,262,10,11,3,272,10
101,12,11,16,259,3,11,13,262,3
101,13,11,16,259,3,11,13,262,3
101,14,11,16,259,3,11,13,262,3
101,15,11,14,261,-3,11,17,258,-3
101,16,11,14,261,-3,11,17,258,-3
101,17,11,14,261,-3,11,17,258,-3
101,18,11,16,259,-4,11,20,255,-4
101,19,11,16,259,-4,11,20,255,-4
101,20,11,16,259,-4,11,20,255,-4
101,21,11,15,260,6,11,9,266,6
101,22,11,15,260,6,11,9,266,6
101,23,11,15,260,6,11,9,266,6
101,24,11,16,259,-6,11,22,253,-6
101,25,11,15,260,-6,11,21,254,-6
101,26,11,16,259,-6,11,22,253,-6
101,27,11,15,260,5,11,10,265,5
101,28,11,15,260,5,11,10,265,5
101,29,11,15,260,5,11,10,265,5
101,30,11,16,259,-6,11,22,253,-6
101,31,11,16,259,-6,11,22,253,-6
101,32,11,17,258,-6,11,23,252,-6
101,33,11,14,261,5,11,9,266,5
101,34,11,15,260,5,11,10,265,5
101,35,11,14,261,5,11,9,266,5
101,36,11,15,260,8,11,7,268,8
101,37,11,15,260,8,11,7,268,8
101,38,11,15,260,8,11,7,268,8
101,39,11,18,257,5,11,13,262,5
101,40,11,18,257,5,11,13,262,5
101,41,11,18,257,5,11,13,262,5
101,42,11,17,258,5,11,12,263,5
101,43,11,17,258,5,11,12,263,5
101,44,11,17,258,5,11,12,263,5
101,45,11,16,259,-7,11,23,252,-7
101,46,11,16,259,-7,11,23,252,-7
101,47,11,16,259,-7,11,23,252,-7
101,48,11,18,257,-4,11,22,253,-4
101,49,11,18,257,-4,11,22,253,-4
101,50,11,18,257,-4,11,22,253,-4
101,51,11,16,259,7,11,9,266,7
101,52,11,16,259,7,11,9,266,7
101,53,11,16,259,7,11,9,266,7
101,54,11,16,259,2,11,14,261,2
101,55,11,16,259,2,11,14,261,2
101,56,11,16,259,2,11,14,261,2
101,57,11,17,258,8,11,9,266,8
101,58,11,17,258,8,11,9,266,8
101,59,11,17,258,8,11,9,266,8
101,60,12,2,298,0,12,2,298,0
101,61,12,2,298,0,12,2,298,0
101,62,12,2,298,0,12,2,298,0
101,63,12,2,298,0,12,2,298,0
101,64,12,2,298,0,12,2,298,0
101,65,12,2,298,0,12,2,298,0
101,66,11,17,258,-4,11,21,254,-4
101,67,11,17,258,-4,11,21,254,-4
101,68,11,17,258,-4,11,21,254,-4
101,69,11,18,257,10,11,8,267,10
101,70,11,18,257,10,11,8,267,10
101,71,11,18,257,10,11,8,267,10
101,72,11,16,259,2,11,14,261,2
101,73,11,16,259,2,11,14,261,2
101,74,11,16,259,2,11,14,261,2
101,75,11,16,259,6,11,10,265,6
101,76,11,17,258,6,11,11,264,6
101,77,11,16,259,6,11,10,265,6
101,78,11,16,259,10,11,6,269,10
101,79,11,16,259,10,11,6,269,10
101,80,11,17,258,10,11,7,268,10
101,81,11,18,257,6,11,12,263,6
101,82,11,18,257,6,11,12,263,6
101,83,11,18,257,6,11,12,263,6
101,84,11,18,257,0,11,18,257,0
101,85,11,18,257,0,11,18,257,0
101,86,11,18,257,0,11,18,257,0
101,87,11,17,258,-9,10,1,249,-9
101,88,11,17,258,-9,10,1,249,-9
101,89,11,17,258,-9,10,1,249,-9
101,90,11,19,256,5,11,14,261,5
101,91,11,19,256,5,11,14,261,5
101,92,11,19,256,5,11,14,261,5
101,93,11,16,259,7,11,9,266,7
101,94,11,16,259,7,11,9,266,7
101,95,11,16,259,7,11,9,266,7
102,0,11,16,259,7,11,9,266,7
102,1,11,16,259,7,11,9,266,7
102,2,11,16,259,7,11,9,266,7
102,3,11,17,258,-5,11,22,253,-5
102,4,11,17,258,-5,11,22,253,-5
102,5,11,17,258,-5,11,22,253,-5
102,6,11,16,259,-7,11,23,252,-7
102,7,11,16,259,-7,11,23,252,-7
102,8,11,16,259,-7,11,23,252,-7
102,9,11,16,259,-10,10,1,249,-10
102,10,11,16,259,-10,10,1,249,-10
102,11,11,16,259,-10,10,1,249,-10
102,12,11,17,258,-10,10,2,248,-10
102,13,11,17,258,-10,10,2,248,-10
102,14,11,17,258,-10,10,2,248,-10
102,15,11,15,260,6,11,9,266,6
102,16,11,15,260,6,11,9,266,6
102,17,11,15,260,6,11,9,266,6
102,18,11,18,257,-9,10,2,248,-9
102,19,11,18,257,-9,10,2,248,-9
102,20,11,18,257,-9,10,2,248,-9
102,21,11,15,260,-2,11,17,258,-2
102,22,11,15,260,-2,11,17,258,-2
102,23,11,15,260,-2,11,17,258,-2
102,24,11,17,258,-6,11,23,252,-6
102,25,11,16,259,-6,11,22,253,-6
102,26,11,17,258,-6,11,23,252,-6
102,27,11,17,258,7,11,10,265,7
102,28,11,18,257,7,11,11,264,7
102,29,11,18,257,7,11,11,264,7
102,30,11,16,259,-7,11,23,252,-7
102,31,11,16,259,-7,11,23,252,-7
102,32,11,16,259,-7,11,23,252,-7
102,33,11,17,258,3,11,14,261,3
102,34,11,17,258,3,11,14,261,3
102,35,11,17,258,3,11,14,261,3
102,36,11,18,257,-4,11,22,253,-4
102,37,11,18,257,-4,11,22,253,-4
102,38,11,18,257,-4,11,22,253,-4
102,39,11,17,258,1,11,16,259,1
102,40,11,17,258,1,11,16,259,1
102,41,11,17,258,1,11,16,259,1
102,42,11,18,257,6,11,12,263,6
102,43,11,18,257,6,11,12,263,6
102,44,11,18,257,6,11,12,263,6
102,45,11,17,258,2,11,15,260,2
102,46,11,17,258,2,11,15,260,2
102,47,11,17,258,2,11,15,260,2
102,48,11,18,257,6,11,12,263,6
102,49,11,18,257,6,11,12,263,6
102,50,11,18,257,6,11,12,263,6
102,51,11,17,258,-3,11,20,255,-3
102,52,11,17,258,-3,11,20,255,-3
102,53,11,17,258,-3,11,20,255,-3
102,54,11,18,257,7,11,11,264,7
102,55,11,18,257,7,11,11,264,7
102,56,11,18,257,7,11,11,264,7
102,57,11,20,255,4,11,16,259,4
102,58,11,20,255,4,11,16,259,4
102,59,11,20,255,4,11,16,259,4
102,60,12,2,298,0,12,2,298,0
102,61,12,2,298,0,12,2,298,0
102,62,12,2,298,0,12,2,298,0
102,63,12,2,298,0,12,2,298,0
102,64,12,2,298,0,12,2,298,0
102,65,12,2,298,0,12,2,298,0
102,66,11,18,257,6,11,12,263,6
102,67,11,18,257,6,11,12,263,6
102,68,11,18,257,6,11,12,263,6
102,69,11,17,258,7,11,10,265,7
102,70,11,17,258,7,11,10,265,7
102,71,11,17,258,7,11,10,265,7
102,72,11,18,257,-1,11,19,256,-1
102,73,11,18,257,-1,11,19,256,-1
102,74,11,18,257,-1,11,19,256,-1
102,75,11,17,258,0,11,17,258,0
102,76,11,17,258,0,11,17,258,0
102,77,11,17,258,0,11,17,258,0
102,78,11,21,254,-7,10,3,247,-7
102,79,11,21,254,-7,10,3,247,-7
102,80,11,21,254,-7,10,3,247,-7
102,81,11,20,255,0,11,20,255,0
102,82,11,20,255,0,11,20,255,0
102,83,11,20,255,0,11,20,255,0
102,84,11,17,258,-4,11,21,254,-4
102,85,11,17,258,-4,11,21,254,-4
102,86,11,17,258,-4,11,21,254,-4
102,87,11,16,259,-3,11,19,256,-3
102,88,11,16,259,-3,11,19,256,-3
102,89,11,16,259,-3,11,19,256,-3
102,90,11,19,256,4,11,15,260,4
102,91,11,19,256,4,11,15,260,4
102,92,11,19,256,4,11,15,260,4
102,93,11,15,260,8,11,7,268,8
102,94,11,15,260,8,11,7,268,8
102,95,11,15,260,8,11,7,268,8
104,0,12,1,299,0,12,1,299,0
104,1,12,1,299,0,12,1,299,0
104,2,12,1,299,0,12,1,299,0
104,3,12,1,299,0,12,1,299,0
104,4,12,1,299,0,12,1,299,0
104,5,12,1,299,0,12,1,299,0
104,6,11,17,258,-6,11,23,252,-6
104,7,11,17,258,-6,11,23,252,-6
104,8,11,17,258,-6,11,23,252,-6
104,9,11,15,260,8,11,7,268,8
104,10,11,15,260,8,11,7,268,8
104,11,11,15,260,8,11,7,268,8
104,12,11,13,262,-8,11,21,254,-8
104,13,11,13,262,-8,11,21,254,-8
104,14,11,13,262,-8,11,21,254,-8
104,15,11,13,262,-4,11,17,258,-4
104,16,11,13,262,-4,11,17,258,-4
104,17,11,13,262,-4,11,17,258,-4
104,18,11,16,259,9,11,7,268,9
104,19,11,16,259,9,11,7,268,9
104,20,11,16,259,9,11,7,268,9
104,21,11,15,260,-5,11,20,255,-5
104,22,11,15,260,-5,11,20,255,-5
104,23,11,15,260,-5,11,20,255,-5
104,24,11,15,260,2,11,13,262,2
104,25,11,15,260,2,11,13,262,2
104,26,11,14,261,2,11,12,263,2
104,27,11,17,258,3,11,14,261,3
104,28,11,17,258,3,11,14,261,3
104,29,11,17,258,3,11,14,261,3
104,30,11,15,260,8,11,7,268,8
104,31,11,15,260,8,11,7,268,8
104,32,11,16,259,8,11,8,267,8
104,33,11,15,260,5,11,10,265,5
104,34,11,15,260,5,11,10,265,5
104,35,11,15,260,5,11,10,265,5
104,36,11,14,261,-9,11,23,252,-9
104,37,11,14,261,-9,11,23,252,-9
104,38,11,14,261,-9,11,23,252,-9
104,39,11,15,260,4,11,11,264,4
104,40,11,15,260,4,11,11,264,4
104,41,11,15,260,4,11,11,264,4
104,42,11,17,258,-4,11,21,254,-4
104,43,11,17,258,-4,11,21,254,-4
104,44,11,17,258,-4,11,21,254,-4
104,45,11,15,260,8,11,7,268,8
104,46,11,15,260,8,11,7,268,8
104,47,11,15,260,8,11,7,268,8
104,48,11,15,260,0,11,15,260,0
104,49,11,15,260,0,11,15,260,0
104,50,11,15,260,0,11,15,260,0
104,51,11,16,259,-2,11,18,257,-2
104,52,11,16,259,-2,11,18,257,-2
104,53,11,16,259,-2,11,18,257,-2
104,54,11,16,259,1,11,15,260,1
104,55,11,16,259,1,11,15,260,1
104,56,11,16,259,1,11,15,260,1
104,57,11,14,261,-1,11,15,260,-1
104,58,11,14,261,-1,11,15,260,-1
104,59,11,14,261,-1,11,15,260,-1
104,60,11,14,261,-8,11,22,253,-8
104,61,11,14,261,-8,11,22,253,-8
104,62,11,14,261,-8,11,22,253,-8
104,63,11,14,261,4,11,10,265,4
104,64,11,14,261,4,11,10,265,4
104,65,11,14,261,4,11,10,265,4
104,66,11,15,260,-1,11,16,259,-1
104,67,11,15,260,-1,11,16,259,-1
104,68,11,15,260,-1,11,16,259,-1
104,69,11,14,261,5,11,9,266,5
104,70,11,14,261,5,11,9,266,5
104,71,11,14,261,5,11,9,266,5
104,72,11,15,260,9,11,6,269,9
104,73,11,15,260,9,11,6,269,9
104,74,11,15,260,9,11,6,269,9
104,75,11,16,259,-4,11,20,255,-4
104,76,11,16,259,-4,11,20,255,-4
104,77,11,16,259,-4,11,20,255,-4
104,78,11,15,260,8,11,7,268,8
104,79,11,15,260,8,11,7,268,8
104,80,11,15,260,8,11,7,268,8
104,81,11,15,260,7,11,8,267,7
104,82,11,15,260,7,11,8,267,7
104,83,11,15,260,7,11,8,267,7
104,84,11,13,262,10,11,3,272,10
104,85,11,14,261,10,11,4,271,10
104,86,11,13,262,10,11,3,272,10
104,87,11,14,261,-8,11,22,253,-8
104,88,11,13,262,-8,11,21,254,-8
104,89,11,14,261,-8,11,22,253,-8
104,90,11,13,262,-9,11,22,253,-9
104,91,11,14,261,-9,11,23,252,-9
104,92,11,14,261,-9,11,23,252,-9
104,93,11,13,262,2,11,11,264,2
104,94,11,14,261,2,11,12,263,2
104,95,11,14,261,2,11,12,263,2
105,0,12,1,299,0,12,1,299,0
105,1,12,1,299,0,12,1,299,0
105,2,12,1,299,0,12,1,299,0
105,3,13,24,301,0,13,24,301,0
105,4,13,24,301,0,13,24,301,0
105,5,13,24,301,0,13,24,301,0
105,6,13,24,301,0,13,24,301,0
105,7,13,24,301,0,13,24,301,0
105,8,13,24,301,0,13,24,301,0
105,9,13,24,301,0,13,24,301,0
105,10,13,24,301,0,13,24,301,0
105,11,12,1,299,0,12,1,299,0
105,12,14,23,327,0,14,23,327,0
105,13,14,23,327,0,14,23,327,0
105,14,14,23,327,0,14,23,327,0
105,15,14,23,327,0,14,23,327,0
105,16,14,23,327,0,14,23,327,0
105,17,14,23,327,0,14,23,327,0
105,18,14,23,327,0,14,23,327,0
105,19,14,23,327,0,14,23,327,0
105,20,14,23,327,0,14,23,327,0
105,21,14,23,327,0,14,23,327,0
105,22,14,23,327,0,14,23,327,0
105,23,14,23,327,0,14,23,327,0
105,24,14,23,327,0,14,23,327,0
105,25,14,23,327,0,14,23,327,0
105,26,14,23,327,0,14,23,327,0
105,27,14,23,327,0,14,23,327,0
105,28,14,23,327,0,14,23,327,0
105,29,14,23,327,0,14,23,327,0
105,30,14,23,327,0,14,23,327,0
105,31,14,23,327,0,14,23,327,0
105,32,14,23,327,0,14,23,327,0
105,33,14,23,327,0,14,23,327,0
105,34,14,23,327,0,14,23,327,0
105,35,14,23,327,0,14,23,327,0
105,36,11,15,260,10,11,5,270,10
105,37,11,15,260,10,11,5,270,10
105,38,11,15,260,10,11,5,270,10
105,39,11,17,258,1,11,16,259,1
105,40,11,17,258,1,11,16,259,1
105,41,11,17,258,1,11,16,259,1
105,42,11,16,259,7,11,9,266,7
105,43,11,16,259,7,11,9,266,7
105,44,11,16,259,7,11,9,266,7
105,45,11,20,255,-9,10,4,246,-9
105,46,11,20,255,-9,10,4,246,-9
105,47,11,20,255,-9,10,4,246,-9
105,48,11,16,259,9,11,7,268,9
105,49,11,16,259,9,11,7,268,9
105,50,11,16,259,9,11,7,268,9
105,51,11,18,257,-2,11,20,255,-2
105,52,11,18,257,-2,11,20,255,-2
105,53,11,18,257,-2,11,20,255,-2
105,54,11,18,257,8,11,10,265,8
105,55,11,18,257,8,11,10,265,8
105,56,11,18,257,8,11,10,265,8
105,57,11,16,259,-2,11,18,257,-2
105,58,11,16,259,-2,11,18,257,-2
105,59,11,16,259,-2,11,18,257,-2
105,60,11,15,260,0,11,15,260,0
105,61,11,15,260,0,11,15,260,0
105,62,11,15,260,0,11,15,260,0
105,63,11,14,261,3,11,11,264,3
105,64,11,14,261,3,11,11,264,3
105,65,11,14,261,3,11,11,264,3
105,66,11,17,258,6,11,11,264,6
105,67,11,17,258,6,11,11,264,6
105,68,11,17,258,6,11,11,264,6
105,69,11,16,259,-4,11,20,255,-4
105,70,11,16,259,-4,11,20,255,-4
105,71,11,16,259,-4,11,20,255,-4
105,72,11,13,262,-6,11,19,256,-6
105,73,11,13,262,-6,11,19,256,-6
105,74,11,12,263,-6,11,18,257,-6
105,75,11,17,258,0,11,17,258,0
105,76,11,16,259,0,11,16,259,0
105,77,11,16,259,0,11,16,259,0
105,78,11,16,259,9,11,7,268,9
105,79,11,17,258,9,11,8,267,9
105,80,11,17,258,9,11,8,267,9
105,81,11,18,257,2,11,16,259,2
105,82,11,18,257,2,11,16,259,2
105,83,11,18,257,2,11,16,259,2
105,84,11,14,261,2,11,12,263,2
105,85,11,14,261,2,11,12,263,2
105,86,11,14,261,2,11,12,263,2
105,87,11,15,260,6,11,9,266,6
105,88,11,15,260,6,11,9,266,6
105,89,11,15,260,6,11,9,266,6
105,90,11,19,256,-7,10,1,249,-7
105,91,11,19,256,-7,10,1,249,-7
105,92,11,19,256,-7,10,1,249,-7
105,93,11,17,258,4,11,13,262,4
105,94,11,17,258,4,11,13,262,4
105,95,11,17,258,4,11,13,262,4
106,0,10,13,237,9,10,4,246,9
106,1,10,13,237,9,10,4,246,9
106,2,10,13,237,9,10,4,246,9
106,3,10,13,237,-2,10,15,235,-2
106,4,10,13,237,-2,10,15,235,-2
106,5,10,13,237,-2,10,15,235,-2
106,6,11,11,264,0,11,11,264,0
106,7,11,11,264,0,11,11,264,0
106,8,11,11,264,0,11,11,264,0
106,9,10,15,235,-1,10,16,234,-1
106,10,10,15,235,-1,10,16,234,-1
106,11,10,15,235,-1,10,16,234,-1
106,12,13,22,303,0,13,22,303,0
106,13,13,22,303,0,13,22,303,0
106,14,13,22,303,0,13,22,303,0
106,15,13,22,303,0,13,22,303,0
106,16,13,22,303,0,13,22,303,0
106,17,13,22,303,0,13,22,303,0
106,18,13,22,303,0,13,22,303,0
106,19,13,22,303,0,13,22,303,0
106,20,13,22,303,0,13,22,303,0
106,21,13,22,303,0,13,22,303,0
106,22,13,22,303,0,13,22,303,0
106,23,13,22,303,0,13,22,303,0
106,24,13,22,303,0,13,22,303,0
106,25,13,22,303,0,13,22,303,0
106,26,13,22,303,0,13,22,303,0
106,27,13,22,303,0,13,22,303,0
106,28,13,22,303,0,13,22,303,0
106,29,13,22,303,0,13,22,303,0
106,30,13,22,303,0,13,22,303,0
106,31,13,22,303,0,13,22,303,0
106,32,13,22,303,0,13,22,303,0
106,33,13,22,303,0,13,22,303,0
106,34,13,22,303,0,13,22,303,0
106,35,13,22,303,0,13,22,303,0
106,36,10,15,235,-5,10,20,230,-5
106,37,10,15,235,-5,10,20,230,-5
106,38,10,15,235,-5,10,20,230,-5
106,39,10,15,235,-5,10,20,230,-5
106,40,10,15,235,-5,10,20,230,-5
106,41,10,15,235,-5,10,20,230,-5
106,42,10,15,235,-1,10,16,234,-1
106,43,10,15,235,-1,10,16,234,-1
106,44,10,15,235,-1,10,16,234,-1
106,45,10,13,237,9,10,4,246,9
106,46,10,13,237,9,10,4,246,9
106,47,10,13,237,9,10,4,246,9
106,48,10,15,235,0,10,15,235,0
106,49,10,15,235,0,10,15,235,0
106,50,10,15,235,0,10,15,235,0
106,51,10,14,236,-10,10,24,226,-10
106,52,10,14,236,-10,10,24,226,-10
106,53,10,14,236,-10,10,24,226,-10
106,54,10,16,234,9,10,7,243,9
106,55,10,16,234,9,10,7,243,9
106,56,10,16,234,9,10,7,243,9
106,57,10,16,234,7,10,9,241,7
106,58,10,16,234,7,10,9,241,7
106,59,10,16,234,7,10,9,241,7
106,60,10,14,236,-1,10,15,235,-1
106,61,10,14,236,-1,10,15,235,-1
106,62,10,15,235,-1,10,16,234,-1
106,63,10,14,236,6,10,8,242,6
106,64,10,14,236,6,10,8,242,6
106,65,10,14,236,6,10,8,242,6
106,66,10,16,234,-7,10,23,227,-7
106,67,10,16,234,-7,10,23,227,-7
106,68,10,16,234,-7,10,23,227,-7
106,69,10,17,233,9,10,8,242,9
106,70,10,17,233,9,10,8,242,9
106,71,10,17,233,9,10,8,242,9
106,72,10,15,235,9,10,6,244,9
106,73,10,15,235,9,10,6,244,9
106,74,10,15,235,9,10,6,244,9
106,75,10,14,236,3,10,11,239,3
106,76,10,14,236,3,10,11,239,3
106,77,10,14,236,3,10,11,239,3
106,78,10,15,235,2,10,13,237,2
106,79,10,15,235,2,10,13,237,2
106,80,10,15,235,2,10,13,237,2
106,81,10,15,235,-10,9,0,225,-10
106,82,10,15,235,-10,9,0,225,-10
106,83,10,15,235,-10,9,0,225,-10
106,84,10,13,237,2,10,11,239,2
106,85,10,13,237,2,10,11,239,2
106,86,10,13,237,2,10,11,239,2
106,87,10,16,234,-7,10,23,227,-7
106,88,10,16,234,-7,10,23,227,-7
106,89,10,16,234,-7,10,23,227,-7
106,90,10,15,235,2,10,13,237,2
106,91,10,15,235,2,10,13,237,2
106,92,10,15,235,2,10,13,237,2
106,93,10,14,236,-6,10,20,230,-6
106,94,10,14,236,-6,10,20,230,-6
106,95,10,14,236,-6,10,20,230,-6
107,0,10,15,235,9,10,6,244,9
107,1,10,13,237,5,10,8,242,5
107,2,10,13,237,5,10,8,242,5
107,3,10,15,235,9,10,6,244,9
107,4,10,15,235,9,10,6,244,9
107,5,10,13,237,5,10,8,242,5
107,6,10,11,239,0,10,11,239,0
107,7,10,12,238,-7,10,19,231,-7
107,8,10,11,239,0,10,11,239,0
107,9,10,12,238,-7,10,19,231,-7
107,10,10,11,239,0,10,11,239,0
107,11,10,12,238,-7,10,19,231,-7
107,12,13,22,303,0,13,22,303,0
107,13,13,22,303,0,13,22,303,0
107,14,13,22,303,0,13,22,303,0
107,15,13,22,303,0,13,22,303,0
107,16,13,22,303,0,13,22,303,0
107,17,13,22,303,0,13,22,303,0
107,18,13,22,303,0,13,22,303,0
107,19,13,22,303,0,13,22,303,0
107,20,13,22,303,0,13,22,303,0
107,21,13,22,303,0,13,22,303,0
107,22,13,22,303,0,13,22,303,0
107,23,13,22,303,0,13,22,303,0
107,24,13,22,303,0,13,22,303,0
107,25,13,22,303,0,13,22,303,0
107,26,13,22,303,0,13,22,303,0
107,27,13,22,303,0,13,22,303,0
107,28,13,22,303,0,13,22,303,0
107,29,13,22,303,0,13,22,303,0
107,30,13,22,303,0,13,22,303,0
107,31,13,22,303,0,13,22,303,0
107,32,13,22,303,0,13,22,303,0
107,33,13,22,303,0,13,22,303,0
107,34,13,22,303,0,13,22,303,0
107,35,13,22,303,0,13,22,303,0
107,36,10,11,239,9,10,2,248,9
107,37,10,10,240,9,10,1,249,9
107,38,10,10,240,9,10,1,249,9
107,39,10,12,238,0,10,12,238,0
107,40,10,12,238,0,10,12,238,0
107,41,10,12,238,0,10,12,238,0
107,42,10,13,237,-4,10,17,233,-4
107,43,10,14,236,-4,10,18,232,-4
107,44,10,13,237,-4,10,17,233,-4
107,45,10,15,235,10,10,5,245,10
107,46,10,15,235,10,10,5,245,10
107,47,10,14,236,10,10,4,246,10
107,48,10,12,238,-2,10,14,236,-2
107,49,10,12,238,-2,10,14,236,-2
107,50,10,12,238,-2,10,14,236,-2
107,51,10,13,237,6,10,7,243,6
107,52,10,13,237,6,10,7,243,6
107,53,10,13,237,6,10,7,243,6
107,54,10,14,236,-1,10,15,235,-1
107,55,10,14,236,-1,10,15,235,-1
107,56,10,14,236,-1,10,15,235,-1
107,57,10,13,237,9,10,4,246,9
107,58,10,13,237,9,10,4,246,9
107,59,10,13,237,9,10,4,246,9
107,60,10,13,237,-4,10,17,233,-4
107,61,10,13,237,-4,10,17,233,-4
107,62,10,13,237,-4,10,17,233,-4
107,63,10,12,238,-8,10,20,230,-8
107,64,10,12,238,-8,10,20,230,-8
107,65,10,12,238,-8,10,20,230,-8
107,66,10,12,238,10,10,2,248,10
107,67,10,12,238,10,10,2,248,10
107,68,10,12,238,10,10,2,248,10
107,69,10,13,237,-10,10,23,227,-10
107,70,10,13,237,-10,10,23,227,-10
107,71,10,13,237,-10,10,23,227,-10
107,72,10,12,238,5,10,7,243,5
107,73,10,12,238,5,10,7,243,5
107,74,10,12,238,5,10,7,243,5
107,75,10,13,237,10,10,3,247,10
107,76,10,13,237,10,10,3,247,10
107,77,10,13,237,10,10,3,247,10
107,78,10,15,235,-8,10,23,227,-8
107,79,10,15,235,-8,10,23,227,-8
107,80,10,15,235,-8,10,23,227,-8
107,81,10,12,238,-2,10,14,236,-2
107,82,10,12,238,-2,10,14,236,-2
107,83,10,12,238,-2,10,14,236,-2
107,84,11,3,272,0,11,3,272,0
107,85,11,3,272,0,11,3,272,0
107,86,11,3,272,0,11,3,272,0
107,87,11,3,272,0,11,3,272,0
107,88,11,3,272,0,11,3,272,0
107,89,11,3,272,0,11,3,272,0
107,90,10,13,237,6,10,7,243,6
107,91,10,14,236,6,10,8,242,6
107,92,10,13,237,6,10,7,243,6
107,93,10,13,237,-6,10,19,231,-6
107,94,10,13,237,-6,10,19,231,-6
107,95,10,13,237,-6,10,19,231,-6
108,0,10,10,240,1,10,9,241,1
108,1,10,10,240,1,10,9,241,1
108,2,10,10,240,1,10,9,241,1
108,3,10,13,237,-8,10,21,229,-8
108,4,10,13,237,-8,10,21,229,-8
108,5,10,13,237,-8,10,21,229,-8
108,6,10,15,235,6,10,9,241,6
108,7,10,15,235,6,10,9,241,6
108,8,10,15,235,6,10,9,241,6
108,9,10,3,247,0,10,3,247,0
108,10,10,3,247,0,10,3,247,0
108,11,10,3,247,0,10,3,247,0
108,12,10,14,236,2,10,12,238,2
108,13,10,14,236,2,10,12,238,2
108,14,10,14,236,2,10,12,238,2
108,15,10,12,238,-4,10,16,234,-4
108,16,10,12,238,-4,10,16,234,-4
108,17,10,12,238,-4,10,16,234,-4
108,18,10,14,236,-6,10,20,230,-6
108,19,10,14,236,-6,10,20,230,-6
108,20,10,14,236,-6,10,20,230,-6
108,21,10,14,236,5,10,9,241,5
108,22,10,14,236,5,10,9,241,5
108,23,10,14,236,5,10,9,241,5
108,24,10,13,237,-4,10,17,233,-4
108,25,10,13,237,-4,10,17,233,-4
108,26,10,13,237,-4,10,17,233,-4
108,27,10,12,238,-6,10,18,232,-6
108,28,10,12,238,-6,10,18,232,-6
108,29,10,12,238,-6,10,18,232,-6
108,30,10,12,238,4,10,8,242,4
108,31,10,12,238,4,10,8,242,4
108,32,10,12,238,4,10,8,242,4
108,33,10,12,238,-6,10,18,232,-6
108,34,10,12,238,-6,10,18,232,-6
108,35,10,12,238,-6,10,18,232,-6
108,36,11,2,273,0,11,2,273,0
108,37,11,1,274,0,11,1,274,0
108,38,11,1,274,0,11,1,274,0
108,39,11,1,274,0,11,1,274,0
108,40,11,1,274,0,11,1,274,0
108,41,11,1,274,0,11,1,274,0
108,42,10,14,236,10,10,4,246,10
108,43,10,14,236,10,10,4,246,10
108,44,10,14,236,10,10,4,246,10
108,45,10,13,237,1,10,12,238,1
108,46,10,13,237,1,10,12,238,1
108,47,10,13,237,1,10,12,238,1
108,48,10,14,236,-10,10,24,226,-10
108,49,10,14,236,-10,10,24,226,-10
108,50,10,13,237,-10,10,23,227,-10
108,51,10,16,234,0,10,16,234,0
108,52,10,16,234,0,10,16,234,0
108,53,10,16,234,0,10,16,234,0
108,54,10,13,237,-10,10,23,227,-10
108,55,10,13,237,-10,10,23,227,-10
108,56,10,13,237,-10,10,23,227,-10
108,57,10,13,237,10,10,3,247,10
108,58,10,13,237,10,10,3,247,10
108,59,10,13,237,10,10,3,247,10
108,60,10,13,237,-10,10,23,227,-10
108,61,10,13,237,-10,10,23,227,-10
108,62,10,13,237,-10,10,23,227,-10
108,63,10,15,235,0,10,15,235,0
108,64,10,15,235,0,10,15,235,0
108,65,10,15,235,0,10,15,235,0
108,66,10,14,236,4,10,10,240,4
108,67,10,14,236,4,10,10,240,4
108,68,10,14,236,4,10,10,240,4
108,69,10,13,237,8,10,5,245,8
108,70,10,13,237,8,10,5,245,8
108,71,10,13,237,8,10,5,245,8
108,72,10,13,237,-1,10,14,236,-1
108,73,10,13,237,-1,10,14,236,-1
108,74,10,13,237,-1,10,14,236,-1
108,75,10,14,236,-1,10,15,235,-1
108,76,10,14,236,-1,10,15,235,-1
108,77,10,14,236,-1,10,15,235,-1
108,78,10,16,234,5,10,11,239,5
108,79,10,16,234,5,10,11,239,5
108,80,10,16,234,5,10,11,239,5
108,81,10,15,235,-1,10,16,234,-1
108,82,10,15,235,-1,10,16,234,-1
108,83,10,15,235,-1,10,16,234,-1
108,84,10,14,236,6,10,8,242,6
108,85,10,14,236,6,10,8,242,6
108,86,10,14,236,6,10,8,242,6
108,87,10,14,236,4,10,10,240,4
108,88,10,14,236,4,10,10,240,4
108,89,10,14,236,4,10,10,240,4
108,90,10,17,233,4,10,13,237,4
108,91,10,17,233,4,10,13,237,4
108,92,10,17,233,4,10,13,237,4
108,93,10,13,237,1,10,12,238,1
108,94,10,13,237,1,10,12,238,1
108,95,10,13,237,1,10,12,238,1
109,0,10,13,237,4,10,9,241,4
109,1,10,13,237,4,10,9,241,4
109,2,10,13,237,4,10,9,241,4
109,3,10,12,238,-6,10,18,232,-6
109,4,10,12,238,-6,10,18,232,-6
109,5,10,12,238,-6,10,18,232,-6
109,6,10,16,234,-10,9,1,224,-10
109,7,10,15,235,-10,9,0,225,-10
109,8,10,16,234,-10,9,1,224,-10
109,9,10,12,238,-5,10,17,233,-5
109,10,10,12,238,-5,10,17,233,-5
109,11,10,12,238,-5,10,17,233,-5
109,12,10,13,237,1,10,12,238,1
109,13,10,13,237,1,10,12,238,1
109,14,10,13,237,1,10,12,238,1
109,15,10,12,238,3,10,9,241,3
109,16,10,12,238,3,10,9,241,3
109,17,10,12,238,3,10,9,241,3
109,18,10,14,236,-10,10,24,226,-10
109,19,10,14,236,-10,10,24,226,-10
109,20,10,14,236,-10,10,24,226,-10
109,21,10,14,236,-9,10,23,227,-9
109,22,10,14,236,-9,10,23,227,-9
109,23,10,14,236,-9,10,23,227,-9
109,24,10,14,236,-8,10,22,228,-8
109,25,10,14,236,-8,10,22,228,-8
109,26,10,14,236,-8,10,22,228,-8
109,27,10,13,237,7,10,6,244,7
109,28,10,13,237,7,10,6,244,7
109,29,10,13,237,7,10,6,244,7
109,30,10,13,237,5,10,8,242,5
109,31,10,13,237,5,10,8,242,5
109,32,10,13,237,5,10,8,242,5
109,33,10,15,235,-2,10,17,233,-2
109,34,10,15,235,-2,10,17,233,-2
109,35,10,15,235,-2,10,17,233,-2
109,36,10,15,235,-6,10,21,229,-6
109,37,10,14,236,-6,10,20,230,-6
109,38,10,14,236,-6,10,20,230,-6
109,39,10,11,239,-6,10,17,233,-6
109,40,10,11,239,-6,10,17,233,-6
109,41,10,11,239,-6,10,17,233,-6
109,42,10,13,237,-4,10,17,233,-4
109,43,10,13,237,-4,10,17,233,-4
109,44,10,13,237,-4,10,17,233,-4
109,45,10,13,237,5,10,8,242,5
109,46,10,13,237,5,10,8,242,5
109,47,10,13,237,5,10,8,242,5
109,48,11,2,273,0,11,2,273,0
109,49,11,2,273,0,11,2,273,0
109,50,11,2,273,0,11,2,273,0
109,51,11,2,273,0,11,2,273,0
109,52,11,2,273,0,11,2,273,0
109,53,11,2,273,0,11,2,273,0
109,54,10,16,234,3,10,13,237,3
109,55,10,16,234,3,10,13,237,3
109,56,10,16,234,3,10,13,237,3
109,57,10,13,237,-10,10,23,227,-10
109,58,10,13,237,-10,10,23,227,-10
109,59,10,13,237,-10,10,23,227,-10
109,60,10,12,238,1,10,11,239,1
109,61,10,12,238,1,10,11,239,1
109,62,10,12,238,1,10,11,239,1
109,63,10,13,237,-5,10,18,232,-5
109,64,10,13,237,-5,10,18,232,-5
109,65,10,13,237,-5,10,18,232,-5
109,66,10,16,234,1,10,15,235,1
109,67,10,16,234,1,10,15,235,1
109,68,10,16,234,1,10,15,235,1
109,69,10,15,235,9,10,6,244,9
109,70,10,15,235,9,10,6,244,9
109,71,10,15,235,9,10,6,244,9
109,72,10,13,237,-5,10,18,232,-5
109,73,10,13,237,-5,10,18,232,-5
109,74,10,13,237,-5,10,18,232,-5
109,75,10,13,237,-3,10,16,234,-3
109,76,10,13,237,-3,10,16,234,-3
109,77,10,13,237,-3,10,16,234,-3
109,78,10,15,235,7,10,8,242,7
109,79,10,15,235,7,10,8,242,7
109,80,10,15,235,7,10,8,242,7
109,81,10,15,235,-5,10,20,230,-5
109,82,10,15,235,-5,10,20,230,-5
109,83,10,15,235,-5,10,20,230,-5
109,84,10,12,238,-8,10,20,230,-8
109,85,10,12,238,-8,10,20,230,-8
109,86,10,12,238,-8,10,20,230,-8
109,87,10,13,237,-1,10,14,236,-1
109,88,10,13,237,-1,10,14,236,-1
109,89,10,13,237,-1,10,14,236,-1
109,90,10,14,236,10,10,4,246,10
109,91,10,14,236,10,10,4,246,10
109,92,10,14,236,10,10,4,246,10
109,93,10,14,236,-4,10,18,232,-4
109,94,10,14,236,-4,10,18,232,-4
109,95,10,14,236,-4,10,18,232,-4
110,0,11,0,275,0,11,0,275,0
110,1,11,0,275,0,11,0,275,0
110,2,11,0,275,0,11,0,275,0
110,3,11,0,275,0,11,0,275,0
110,4,11,0,275,0,11,0,275,0
110,5,11,0,275,0,11,0,275,0
110,6,10,12,238,-3,10,15,235,-3
110,7,10,12,238,-3,10,15,235,-3
110,8,10,12,238,-3,10,15,235,-3
110,9,10,15,235,-10,9,0,225,-10
110,10,10,15,235,-10,9,0,225,-10
110,11,10,15,235,-10,9,0,225,-10
110,12,10,14,236,9,10,5,245,9
110,13,10,15,235,9,10,6,244,9
110,14,10,15,235,9,10,6,244,9
110,15,10,13,237,6,10,7,243,6
110,16,10,13,237,6,10,7,243,6
110,17,10,13,237,6,10,7,243,6
110,18,10,17,233,-4,10,21,229,-4
110,19,10,17,233,-4,10,21,229,-4
110,20,10,17,233,-4,10,21,229,-4
110,21,10,15,235,5,10,10,240,5
110,22,10,16,234,5,10,11,239,5
110,23,10,15,235,5,10,10,240,5
110,24,10,16,234,5,10,11,239,5
110,25,10,16,234,5,10,11,239,5
110,26,10,16,234,5,10,11,239,5
110,27,10,14,236,10,10,4,246,10
110,28,10,14,236,10,10,4,246,10
110,29,10,14,236,10,10,4,246,10
110,30,10,16,234,0,10,16,234,0
110,31,10,16,234,0,10,16,234,0
110,32,10,16,234,0,10,16,234,0
110,33,10,15,235,10,10,5,245,10
110,34,10,15,235,10,10,5,245,10
110,35,10,15,235,10,10,5,245,10
110,36,10,16,234,7,10,9,241,7
110,37,10,16,234,7,10,9,241,7
110,38,10,16,234,7,10,9,241,7
110,39,10,14,236,-1,10,15,235,-1
110,40,10,14,236,-1,10,15,235,-1
110,41,10,14,236,-1,10,15,235,-1
110,42,10,17,233,8,10,9,241,8
110,43,10,17,233,8,10,9,241,8
110,44,10,17,233,8,10,9,241,8
110,45,10,16,234,-6,10,22,228,-6
110,46,10,16,234,-6,10,22,228,-6
110,47,10,16,234,-6,10,22,228,-6
110,48,10,14,236,4,10,10,240,4
110,49,10,14,236,4,10,10,240,4
110,50,10,14,236,4,10,10,240,4
110,51,10,17,233,4,10,13,237,4
110,52,10,17,233,4,10,13,237,4
110,53,10,17,233,4,10,13,237,4
110,54,10,16,234,-10,9,1,224,-10
110,55,10,16,234,-10,9,1,224,-10
110,56,10,16,234,-10,9,1,224,-10
110,57,10,16,234,-6,10,22,228,-6
110,58,10,16,234,-6,10,22,228,-6
110,59,10,16,234,-6,10,22,228,-6
110,60,10,15,235,-1,10,16,234,-1
110,61,10,15,235,-1,10,16,234,-1
110,62,10,15,235,-1,10,16,234,-1
110,63,10,15,235,0,10,15,235,0
110,64,10,15,235,0,10,15,235,0
110,65,10,15,235,0,10,15,235,0
110,66,10,16,234,-2,10,18,232,-2
110,67,10,16,234,-2,10,18,232,-2
110,68,10,16,234,-2,10,18,232,-2
110,69,10,14,236,-2,10,16,234,-2
110,70,10,14,236,-2,10,16,234,-2
110,71,10,14,236,-2,10,16,234,-2
110,72,10,15,235,-4,10,19,231,-4
110,73,10,15,235,-4,10,19,231,-4
110,74,10,15,235,-4,10,19,231,-4
110,75,10,15,235,2,10,13,237,2
110,76,10,15,235,2,10,13,237,2
110,77,10,15,235,2,10,13,237,2
110,78,10,16,234,2,10,14,236,2
110,79,10,16,234,2,10,14,236,2
110,80,10,16,234,2,10,14,236,2
110,81,10,17,233,-1,10,18,232,-1
110,82,10,17,233,-1,10,18,232,-1
110,83,10,17,233,-1,10,18,232,-1
110,84,10,15,235,-4,10,19,231,-4
110,85,10,15,235,-4,10,19,231,-4
110,86,10,15,235,-4,10,19,231,-4
110,87,10,15,235,6,10,9,241,6
110,88,10,15,235,6,10,9,241,6
110,89,10,15,235,6,10,9,241,6
110,90,10,16,234,-6,10,22,228,-6
110,91,10,16,234,-6,10,22,228,-6
110,92,10,16,234,-6,10,22,228,-6
110,93,10,15,235,1,10,14,236,1
110,94,10,15,235,1,10,14,236,1
110,95,10,15,235,1,10,14,236,1
111,0,10,14,236,-7,10,21,229,-7
111,1,10,14,236,-7,10,21,229,-7
111,2,10,14,236,-7,10,21,229,-7
111,3,10,13,237,-3,10,16,234,-3
111,4,10,13,237,-3,10,16,234,-3
111,5,10,13,237,-3,10,16,234,-3
111,6,10,17,233,-4,10,21,229,-4
111,7,10,17,233,-4,10,21,229,-4
111,8,10,17,233,-4,10,21,229,-4
111,9,10,16,234,-5,10,21,229,-5
111,10,10,16,234,-5,10,21,229,-5
111,11,10,16,234,-5,10,21,229,-5
111,12,10,15,235,-5,10,20,230,-5
111,13,10,15,235,-5,10,20,230,-5
111,14,10,15,235,-5,10,20,230,-5
111,15,10,15,235,-4,10,19,231,-4
111,16,10,15,235,-4,10,19,231,-4
111,17,10,15,235,-4,10,19,231,-4
111,18,10,14,236,1,10,13,237,1
111,19,10,14,236,1,10,13,237,1
111,20,10,14,236,1,10,13,237,1
111,21,10,15,235,-5,10,20,230,-5
111,22,10,15,235,-5,10,20,230,-5
111,23,10,15,235,-5,10,20,230,-5
111,24,10,15,235,-10,9,0,225,-10
111,25,10,15,235,-10,9,0,225,-10
111,26,10,15,235,-10,9,0,225,-10
111,27,10,15,235,3,10,12,238,3
111,28,10,15,235,3,10,12,238,3
111,29,10,15,235,3,10,12,238,3
111,30,10,17,233,-8,9,0,225,-8
111,31,10,17,233,-8,9,0,225,-8
111,32,10,17,233,-8,9,0,225,-8
111,33,10,14,236,1,10,13,237,1
111,34,10,14,236,1,10,13,237,1
111,35,10,14,236,1,10,13,237,1
111,36,10,14,236,-7,10,21,229,-7
111,37,10,14,236,-7,10,21,229,-7
111,38,10,15,235,-7,10,22,228,-7
111,39,10,15,235,3,10,12,238,3
111,40,10,15,235,3,10,12,238,3
111,41,10,16,234,3,10,13,237,3
111,42,10,17,233,3,10,14,236,3
111,43,10,17,233,3,10,14,236,3
111,44,10,17,233,3,10,14,236,3
111,45,10,16,234,-8,10,24,226,-8
111,46,10,16,234,-8,10,24,226,-8
111,47,10,15,235,-8,10,23,227,-8
111,48,10,17,233,-10,9,2,223,-10
111,49,10,17,233,-10,9,2,223,-10
111,50,10,17,233,-10,9,2,223,-10
111,51,10,15,235,-2,10,17,233,-2
111,52,10,15,235,-2,10,17,233,-2
111,53,10,15,235,-2,10,17,233,-2
111,54,10,16,234,8,10,8,242,8
111,55,10,16,234,8,10,8,242,8
111,56,10,16,234,8,10,8,242,8
111,57,10,17,233,6,10,11,239,6
111,58,10,17,233,6,10,11,239,6
111,59,10,17,233,6,10,11,239,6
111,60,11,2,273,0,11,2,273,0
111,61,11,2,273,0,11,2,273,0
111,62,11,2,273,0,11,2,273,0
111,63,11,2,273,0,11,2,273,0
111,64,11,2,273,0,11,2,273,0
111,65,11,2,273,0,11,2,273,0
111,66,10,17,233,-3,10,20,230,-3
111,67,10,17,233,-3,10,20,230,-3
111,68,10,17,233,-3,10,20,230,-3
111,69,10,16,234,4,10,12,238,4
111,70,10,16,234,4,10,12,238,4
111,71,10,16,234,4,10,12,238,4
111,72,10,14,236,2,10,12,238,2
111,73,10,14,236,2,10,12,238,2
111,74,10,14,236,2,10,12,238,2
111,75,10,16,234,-9,9,0,225,-9
111,76,10,16,234,-9,9,0,225,-9
111,77,10,16,234,-9,9,0,225,-9
111,78,10,16,234,-2,10,18,232,-2
111,79,10,16,234,-2,10,18,232,-2
111,80,10,16,234,-2,10,18,232,-2
111,81,10,16,234,2,10,14,236,2
111,82,10,16,234,2,10,14,236,2
111,83,10,16,234,2,10,14,236,2
111,84,10,14,236,8,10,6,244,8
111,85,10,14,236,8,10,6,244,8
111,86,10,14,236,8,10,6,244,8
111,87,10,16,234,0,10,16,234,0
111,88,10,16,234,0,10,16,234,0
111,89,10,16,234,0,10,16,234,0
111,90,10,17,233,3,10,14,236,3
111,91,10,17,233,3,10,14,236,3
111,92,10,17,233,3,10,14,236,3
111,93,10,17,233,-5,10,22,228,-5
111,94,10,17,233,-5,10,22,228,-5
111,95,10,17,233,-5,10,22,228,-5
112,0,10,14,236,8,10,6,244,8
112,1,10,13,237,8,10,5,245,8
112,2,10,13,237,8,10,5,245,8
112,3,10,11,239,1,10,10,240,1
112,4,10,11,239,1,10,10,240,1
112,5,10,11,239,1,10,10,240,1
112,6,10,13,237,-2,10,15,235,-2
112,7,10,13,237,-2,10,15,235,-2
112,8,10,13,237,-2,10,15,235,-2
112,9,10,13,237,-3,10,16,234,-3
112,10,10,13,237,-3,10,16,234,-3
112,11,10,13,237,-3,10,16,234,-3
112,12,10,14,236,2,10,12,238,2
112,13,10,14,236,2,10,12,238,2
112,14,10,14,236,2,10,12,238,2
112,15,10,15,235,-5,10,20,230,-5
112,16,10,15,235,-5,10,20,230,-5
112,17,10,15,235,-5,10,20,230,-5
112,18,10,15,235,-5,10,20,230,-5
112,19,10,15,235,-5,10,20,230,-5
112,20,10,15,235,-5,10,20,230,-5
112,21,10,15,235,6,10,9,241,6
112,22,10,15,235,6,10,9,241,6
112,23,10,14,236,6,10,8,242,6
112,24,10,14,236,-5,10,19,231,-5
112,25,10,14,236,-5,10,19,231,-5
112,26,10,14,236,-5,10,19,231,-5
112,27,10,13,237,-5,10,18,232,-5
112,28,10,13,237,-5,10,18,232,-5
112,29,10,13,237,-5,10,18,232,-5
112,30,10,14,236,2,10,12,238,2
112,31,10,14,236,2,10,12,238,2
112,32,10,14,236,2,10,12,238,2
112,33,10,14,236,-10,10,24,226,-10
112,34,10,14,236,-10,10,24,226,-10
112,35,10,14,236,-10,10,24,226,-10
112,36,11,1,274,0,11,1,274,0
112,37,11,1,274,0,11,1,274,0
112,38,11,1,274,0,11,1,274,0
112,39,11,1,274,0,11,1,274,0
112,40,11,1,274,0,11,1,274,0
112,41,11,1,274,0,11,1,274,0
112,42,10,16,234,-8,10,24,226,-8
112,43,10,16,234,-8,10,24,226,-8
112,44,10,16,234,-8,10,24,226,-8
112,45,10,14,236,-2,10,16,234,-2
112,46,10,14,236,-2,10,16,234,-2
112,47,10,14,236,-2,10,16,234,-2
112,48,10,15,235,-7,10,22,228,-7
112,49,10,14,236,-7,10,21,229,-7
112,50,10,14,236,-7,10,21,229,-7
112,51,10,12,238,-5,10,17,233,-5
112,52,10,12,238,-5,10,17,233,-5
112,53,10,12,238,-5,10,17,233,-5
112,54,10,14,236,4,10,10,240,4
112,55,10,13,237,4,10,9,241,4
112,56,10,14,236,4,10,10,240,4
112,57,10,13,237,10,10,3,247,10
112,58,10,13,237,10,10,3,247,10
112,59,10,14,236,10,10,4,246,10
112,60,10,14,236,5,10,9,241,5
112,61,10,14,236,5,10,9,241,5
112,62,10,14,236,5,10,9,241,5
112,63,10,14,236,-10,10,24,226,-10
112,64,10,14,236,-10,10,24,226,-10
112,65,10,14,236,-10,10,24,226,-10
112,66,10,16,234,-8,10,24,226,-8
112,67,10,16,234,-8,10,24,226,-8
112,68,10,16,234,-8,10,24,226,-8
112,69,10,14,236,3,10,11,239,3
112,70,10,14,236,3,10,11,239,3
112,71,10,14,236,3,10,11,239,3
112,72,10,15,235,-10,9,0,225,-10
112,73,10,15,235,-10,9,0,225,-10
112,74,10,15,235,-10,9,0,225,-10
112,75,10,12,238,-9,10,21,229,-9
112,76,10,12,238,-9,10,21,229,-9
112,77,10,12,238,-9,10,21,229,-9
112,78,10,17,233,3,10,14,236,3
112,79,10,17,233,3,10,14,236,3
112,80,10,17,233,3,10,14,236,3
112,81,10,17,233,-9,9,1,224,-9
112,82,10,17,233,-9,9,1,224,-9
112,83,10,17,233,-9,9,1,224,-9
112,84,10,15,235,-1,10,16,234,-1
112,85,10,15,235,-1,10,16,234,-1
112,86,10,15,235,-1,10,16,234,-1
112,87,10,15,235,0,10,15,235,0
112,88,10,15,235,0,10,15,235,0
112,89,10,15,235,0,10,15,235,0
112,90,10,15,235,-6,10,21,229,-6
112,91,10,15,235,-6,10,21,229,-6
112,92,10,15,235,-6,10,21,229,-6
112,93,10,15,235,-9,10,24,226,-9
112,94,10,15,235,-9,10,24,226,-9
112,95,10,15,235,-9,10,24,226,-9
113,0,11,16,259,10,11,6,269,10
113,1,11,16,259,10,11,6,269,10
113,2,11,16,259,10,11,6,269,10
113,3,11,16,259,-9,10,0,250,-9
113,4,11,16,259,-9,10,0,250,-9
113,5,11,16,259,-9,10,0,250,-9
113,6,11,16,259,8,11,8,267,8
113,7,11,16,259,8,11,8,267,8
113,8,11,16,259,8,11,8,267,8
113,9,11,16,259,4,11,12,263,4
113,10,11,16,259,4,11,12,263,4
113,11,11,16,259,4,11,12,263,4
113,12,14,23,327,0,14,23,327,0
113,13,14,23,327,0,14,23,327,0
113,14,14,23,327,0,14,23,327,0
113,15,14,23,327,0,14,23,327,0
113,16,14,23,327,0,14,23,327,0
113,17,14,23,327,0,14,23,327,0
113,18,14,23,327,0,14,23,327,0
113,19,14,23,327,0,14,23,327,0
113,20,14,23,327,0,14,23,327,0
113,21,14,23,327,0,14,23,327,0
113,22,14,23,327,0,14,23,327,0
113,23,14,23,327,0,14,23,327,0
113,24,14,23,327,0,14,23,327,0
113,25,14,23,327,0,14,23,327,0
113,26,14,23,327,0,14,23,327,0
113,27,14,23,327,0,14,23,327,0
113,28,14,23,327,0,14,23,327,0
113,29,14,23,327,0,14,23,327,0
113,30,14,23,327,0,14,23,327,0
113,31,14,23,327,0,14,23,327,0
113,32,14,23,327,0,14,23,327,0
113,33,14,23,327,0,14,23,327,0
113,34,14,23,327,0,14,23,327,0
113,35,14,23,327,0,14,23,327,0
113,36,11,17,258,-2,11,19,256,-2
113,37,11,17,258,-2,11,19,256,-2
113,38,11,17,258,-2,11,19,256,-2
113,39,11,18,257,-8,10,1,249,-8
113,40,11,18,257,-8,10,1,249,-8
113,41,11,18,257,-8,10,1,249,-8
113,42,11,18,257,-4,11,22,253,-4
113,43,11,18,257,-4,11,22,253,-4
113,44,11,18,257,-4,11,22,253,-4
113,45,11,18,257,-1,11,19,256,-1
113,46,11,18,257,-1,11,19,256,-1
113,47,11,18,257,-1,11,19,256,-1
113,48,11,17,258,7,11,10,265,7
113,49,11,17,258,7,11,10,265,7
113,50,11,17,258,7,11,10,265,7
113,51,11,17,258,-6,11,23,252,-6
113,52,11,17,258,-6,11,23,252,-6
113,53,11,17,258,-6,11,23,252,-6
113,54,11,19,256,6,11,13,262,6
113,55,11,19,256,6,11,13,262,6
113,56,11,19,256,6,11,13,262,6
113,57,11,19,256,6,11,13,262,6
113,58,11,19,256,6,11,13,262,6
113,59,11,19,256,6,11,13,262,6
113,60,11,18,257,-3,11,21,254,-3
113,61,11,18,257,-3,11,21,254,-3
113,62,11,18,257,-3,11,21,254,-3
113,63,11,18,257,9,11,9,266,9
113,64,11,18,257,9,11,9,266,9
113,65,11,18,257,9,11,9,266,9
113,66,11,19,256,-3,11,22,253,-3
113,67,11,19,256,-3,11,22,253,-3
113,68,11,19,256,-3,11,22,253,-3
113,69,11,19,256,-10,10,4,246,-10
113,70,11,19,256,-10,10,4,246,-10
113,71,11,19,256,-10,10,4,246,-10
113,72,11,18,257,10,11,8,267,10
113,73,11,18,257,10,11,8,267,10
113,74,11,18,257,10,11,8,267,10
113,75,11,17,258,-1,11,18,257,-1
113,76,11,17,258,-1,11,18,257,-1
113,77,11,17,258,-1,11,18,257,-1
113,78,11,17,258,-8,10,0,250,-8
113,79,11,17,258,-8,10,0,250,-8
113,80,11,17,258,-8,10,0,250,-8
113,81,11,18,257,-3,11,21,254,-3
113,82,11,18,257,-3,11,21,254,-3
113,83,11,18,257,-3,11,21,254,-3
113,84,11,17,258,-5,11,22,253,-5
113,85,11,17,258,-5,11,22,253,-5
113,86,11,17,258,-5,11,22,253,-5
113,87,11,17,258,1,11,16,259,1
113,88,11,17,258,1,11,16,259,1
113,89,11,17,258,1,11,16,259,1
113,90,11,17,258,-6,11,23,252,-6
113,91,11,17,258,-6,11,23,252,-6
113,92,11,17,258,-6,11,23,252,-6
113,93,11,18,257,4,11,14,261,4
113,94,11,18,257,4,11,14,261,4
113,95,11,18,257,4,11,14,261,4
114,0,11,15,260,-1,11,16,259,-1
114,1,11,15,260,-1,11,16,259,-1
114,2,11,15,260,-1,11,16,259,-1
114,3,11,14,261,4,11,10,265,4
114,4,11,14,261,4,11,10,265,4
114,5,11,14,261,4,11,10,265,4
114,6,11,4,271,0,11,4,271,0
114,7,11,4,271,0,11,4,271,0
114,8,11,4,271,0,11,4,271,0
114,9,11,17,258,10,11,7,268,10
114,10,11,17,258,10,11,7,268,10
114,11,11,17,258,10,11,7,268,10
114,12,14,23,327,0,14,23,327,0
114,13,14,23,327,0,14,23,327,0
114,14,14,23,327,0,14,23,327,0
114,15,14,23,327,0,14,23,327,0
114,16,14,23,327,0,14,23,327,0
114,17,14,23,327,0,14,23,327,0
114,18,14,23,327,0,14,23,327,0
114,19,14,23,327,0,14,23,327,0
114,20,14,23,327,0,14,23,327,0
114,21,14,23,327,0,14,23,327,0
114,22,14,23,327,0,14,23,327,0
114,23,14,23,327,0,14,23,327,0
114,24,14,23,327,0,14,23,327,0
114,25,14,23,327,0,14,23,327,0
114,26,14,23,327,0,14,23,327,0
114,27,14,23,327,0,14,23,327,0
114,28,14,23,327,0,14,23,327,0
114,29,14,23,327,0,14,23,327,0
114,30,14,23,327,0,14,23,327,0
114,31,14,23,327,0,14,23,327,0
114,32,14,23,327,0,14,23,327,0
114,33,14,23,327,0,14,23,327,0
114,34,14,23,327,0,14,23,327,0
114,35,14,23,327,0,14,23,327,0
114,36,11,16,259,7,11,9,266,7
114,37,11,15,260,7,11,8,267,7
114,38,11,15,260,7,11,8,267,7
114,39,11,14,261,4,11,10,265,4
114,40,11,14,261,4,11,10,265,4
114,41,11,14,261,4,11,10,265,4
114,42,11,18,257,-10,10,3,247,-10
114,43,11,17,258,-10,10,2,248,-10
114,44,11,18,257,-10,10,3,247,-10
114,45,11,17,258,-1,11,18,257,-1
114,46,11,17,258,-1,11,18,257,-1
114,47,11,17,258,-1,11,18,257,-1
114,48,11,6,269,0,11,6,269,0
114,49,11,6,269,0,11,6,269,0
114,50,11,6,269,0,11,6,269,0
114,51,11,15,260,7,11,8,267,7
114,52,11,15,260,7,11,8,267,7
114,53,11,15,260,7,11,8,267,7
114,54,11,18,257,-6,11,24,251,-6
114,55,11,18,257,-6,11,24,251,-6
114,56,11,18,257,-6,11,24,251,-6
114,57,11,19,256,8,11,11,264,8
114,58,11,19,256,8,11,11,264,8
114,59,11,19,256,8,11,11,264,8
114,60,11,15,260,5,11,10,265,5
114,61,11,15,260,5,11,10,265,5
114,62,11,15,260,5,11,10,265,5
114,63,11,16,259,8,11,8,267,8
114,64,11,16,259,8,11,8,267,8
114,65,11,16,259,8,11,8,267,8
114,66,11,17,258,-7,11,24,251,-7
114,67,11,17,258,-7,11,24,251,-7
114,68,11,17,258,-7,11,24,251,-7
114,69,11,5,270,0,11,5,270,0
114,70,11,5,270,0,11,5,270,0
114,71,11,5,270,0,11,5,270,0
114,72,11,14,261,3,11,11,264,3
114,73,11,14,261,3,11,11,264,3
114,74,11,14,261,3,11,11,264,3
114,75,11,15,260,3,11,12,263,3
114,76,11,15,260,3,11,12,263,3
114,77,11,15,260,3,11,12,263,3
114,78,11,17,258,3,11,14,261,3
114,79,11,17,258,3,11,14,261,3
114,80,11,17,258,3,11,14,261,3
114,81,11,16,259,2,11,14,261,2
114,82,11,16,259,2,11,14,261,2
114,83,11,16,259,2,11,14,261,2
114,84,11,16,259,9,11,7,268,9
114,85,11,16,259,9,11,7,268,9
114,86,11,16,259,9,11,7,268,9
114,87,11,14,261,5,11,9,266,5
114,88,11,14,261,5,11,9,266,5
114,89,11,14,261,5,11,9,266,5
114,90,11,16,259,10,11,6,269,10
114,91,11,16,259,10,11,6,269,10
114,92,11,16,259,10,11,6,269,10
114,93,11,17,258,-4,11,21,254,-4
114,94,11,17,258,-4,11,21,254,-4
114,95,11,17,258,-4,11,21,254,-4
115,0,14,22,328,0,14,22,328,0
115,1,14,22,328,0,14,22,328,0
115,2,14,22,328,0,14,22,328,0
115,3,14,22,328,0,14,22,328,0
115,4,14,22,328,0,14,22,328,0
115,5,14,22,328,0,14,22,328,0
115,6,14,22,328,0,14,22,328,0
115,7,14,22,328,0,14,22,328,0
115,8,14,22,328,0,14,22,328,0
115,9,14,22,328,0,14,22,328,0
115,10,14,22,328,0,14,22,328,0
115,11,14,22,328,0,14,22,328,0
115,12,14,23,327,0,14,23,327,0
115,13,14,23,327,0,14,23,327,0
115,14,14,23,327,0,14,23,327,0
115,15,14,23,327,0,14,23,327,0
115,16,14,23,327,0,14,23,327,0
115,17,14,23,327,0,14,23,327,0
115,18,14,23,327,0,14,23,327,0
115,19,14,23,327,0,14,23,327,0
115,20,14,23,327,0,14,23,327,0
115,21,14,23,327,0,14,23,327,0
115,22,14,23,327,0,14,23,327,0
115,23,14,23,327,0,14,23,327,0
115,24,14,23,327,0,14,23,327,0
115,25,14,23,327,0,14,23,327,0
115,26,14,23,327,0,14,23,327,0
115,27,14,23,327,0,14,23,327,0
115,28,14,23,327,0,14,23,327,0
115,29,14,23,327,0,14,23,327,0
115,30,14,23,327,0,14,23,327,0
115,31,14,23,327,0,14,23,327,0
115,32,14,23,327,0,14,23,327,0
115,33,14,23,327,0,14,23,327,0
115,34,14,23,327,0,14,23,327,0
115,35,14,23,327,0,14,23,327,0
115,36,11,17,258,-8,10,0,250,-8
115,37,11,17,258,-8,10,0,250,-8
115,38,11,17,258,-8,10,0,250,-8
115,39,11,15,260,-3,11,18,257,-3
115,40,11,15,260,-3,11,18,257,-3
115,41,11,15,260,-3,11,18,257,-3
115,42,11,16,259,-7,11,23,252,-7
115,43,11,16,259,-7,11,23,252,-7
115,44,11,16,259,-7,11,23,252,-7
115,45,11,17,258,-5,11,22,253,-5
115,46,11,16,259,-5,11,21,254,-5
115,47,11,16,259,-5,11,21,254,-5
115,48,11,17,258,-3,11,20,255,-3
115,49,11,17,258,-3,11,20,255,-3
115,50,11,17,258,-3,11,20,255,-3
115,51,11,16,259,-5,11,21,254,-5
115,52,11,16,259,-5,11,21,254,-5
115,53,11,16,259,-5,11,21,254,-5
115,54,11,17,258,0,11,17,258,0
115,55,11,17,258,0,11,17,258,0
115,56,11,17,258,0,11,17,258,0
115,57,11,15,260,8,11,7,268,8
115,58,11,15,260,8,11,7,268,8
115,59,11,15,260,8,11,7,268,8
115,60,11,17,258,-3,11,20,255,-3
115,61,11,17,258,-3,11,20,255,-3
115,62,11,17,258,-3,11,20,255,-3
115,63,11,16,259,10,11,6,269,10
115,64,11,16,259,10,11,6,269,10
115,65,11,16,259,10,11,6,269,10
115,66,11,18,257,-9,10,2,248,-9
115,67,11,18,257,-9,10,2,248,-9
115,68,11,18,257,-9,10,2,248,-9
115,69,11,18,257,-3,11,21,254,-3
115,70,11,18,257,-3,11,21,254,-3
115,71,11,18,257,-3,11,21,254,-3
115,72,12,3,297,0,12,3,297,0
115,73,12,3,297,0,12,3,297,0
115,74,12,3,297,0,12,3,297,0
115,75,12,3,297,0,12,3,297,0
115,76,12,3,297,0,12,3,297,0
115,77,12,3,297,0,12,3,297,0
115,78,11,18,257,-8,10,1,249,-8
115,79,11,18,257,-8,10,1,249,-8
115,80,11,18,257,-8,10,1,249,-8
115,81,11,17,258,-9,10,1,249,-9
115,82,11,17,258,-9,10,1,249,-9
115,83,11,17,258,-9,10,1,249,-9
115,84,11,16,259,-3,11,19,256,-3
115,85,11,16,259,-3,11,19,256,-3
115,86,11,16,259,-3,11,19,256,-3
115,87,11,17,258,6,11,11,264,6
115,88,11,17,258,6,11,11,264,6
115,89,11,17,258,6,11,11,264,6
115,90,11,17,258,-8,10,0,250,-8
115,91,11,17,258,-8,10,0,250,-8
115,92,11,17,258,-8,10,0,250,-8
115,93,11,18,257,7,11,11,264,7
115,94,11,18,257,7,11,11,264,7
115,95,11,18,257,7,11,11,264,7
116,0,11,12,263,10,11,2,273,10
116,1,11,12,263,10,11,2,273,10
116,2,11,12,263,10,11,2,273,10
116,3,11,13,262,1,11,12,263,1
116,4,11,13,262,1,11,12,263,1
116,5,11,13,262,1,11,12,263,1
116,6,11,16,259,-6,11,22,253,-6
116,7,11,16,259,-6,11,22,253,-6
116,8,11,16,259,-6,11,22,253,-6
116,9,11,15,260,-5,11,20,255,-5
116,10,11,15,260,-5,11,20,255,-5
116,11,11,15,260,-5,11,20,255,-5
116,12,11,13,262,5,11,8,267,5
116,13,11,13,262,5,11,8,267,5
116,14,11,13,262,5,11,8,267,5
116,15,11,13,262,-9,11,22,253,-9
116,16,11,13,262,-9,11,22,253,-9
116,17,11,13,262,-9,11,22,253,-9
116,18,11,15,260,-8,11,23,252,-8
116,19,11,15,260,-8,11,23,252,-8
116,20,11,15,260,-8,11,23,252,-8
116,21,11,13,262,6,11,7,268,6
116,22,11,13,262,6,11,7,268,6
116,23,11,13,262,6,11,7,268,6
116,24,11,13,262,1,11,12,263,1
116,25,11,13,262,1,11,12,263,1
116,26,11,13,262,1,11,12,263,1
116,27,11,14,261,-9,11,23,252,-9
116,28,11,14,261,-9,11,23,252,-9
116,29,11,14,261,-9,11,23,252,-9
116,30,11,15,260,-6,11,21,254,-6
116,31,11,14,261,-6,11,20,255,-6
116,32,11,15,260,-6,11,21,254,-6
116,33,11,12,263,-8,11,20,255,-8
116,34,11,12,263,-8,11,20,255,-8
116,35,11,13,262,-8,11,21,254,-8
116,36,12,2,298,0,12,2,298,0
116,37,12,2,298,0,12,2,298,0
116,38,12,2,298,0,12,2,298,0
116,39,12,2,298,0,12,2,298,0
116,40,12,2,298,0,12,2,298,0
116,41,12,2,298,0,12,2,298,0
116,42,11,15,260,1,11,14,261,1
116,43,11,15,260,1,11,14,261,1
116,44,11,15,260,1,11,14,261,1
116,45,11,14,261,1,11,13,262,1
116,46,11,14,261,1,11,13,262,1
116,47,11,14,261,1,11,13,262,1
116,48,11,14,261,-2,11,16,259,-2
116,49,11,14,261,-2,11,16,259,-2
116,50,11,14,261,-2,11,16,259,-2
116,51,11,17,258,-4,11,21,254,-4
116,52,11,17,258,-4,11,21,254,-4
116,53,11,17,258,-4,11,21,254,-4
116,54,11,14,261,-7,11,21,254,-7
116,55,11,14,261,-7,11,21,254,-7
116,56,11,14,261,-7,11,21,254,-7
116,57,11,15,260,-10,10,0,250,-10
116,58,11,15,260,-10,10,0,250,-10
116,59,11,15,260,-10,10,0,250,-10
116,60,11,14,261,-7,11,21,254,-7
116,61,11,14,261,-7,11,21,254,-7
116,62,11,14,261,-7,11,21,254,-7
116,63,11,14,261,-8,11,22,253,-8
116,64,11,14,261,-8,11,22,253,-8
116,65,11,14,261,-8,11,22,253,-8
116,66,11,15,260,-2,11,17,258,-2
116,67,11,15,260,-2,11,17,258,-2
116,68,11,15,260,-2,11,17,258,-2
116,69,11,13,262,-2,11,15,260,-2
116,70,11,13,262,-2,11,15,260,-2
116,71,11,13,262,-2,11,15,260,-2
116,72,11,12,263,-9,11,21,254,-9
116,73,11,12,263,-9,11,21,254,-9
116,74,11,12,263,-9,11,21,254,-9
116,75,11,14,261,10,11,4,271,10
116,76,11,14,261,10,11,4,271,10
116,77,11,14,261,10,11,4,271,10
116,78,11,15,260,1,11,14,261,1
116,79,11,15,260,1,11,14,261,1
116,80,11,15,260,1,11,14,261,1
116,81,11,14,261,-10,11,24,251,-10
116,82,11,14,261,-10,11,24,251,-10
116,83,11,14,261,-10,11,24,251,-10
116,84,11,13,262,10,11,3,272,10
116,85,11,13,262,10,11,3,272,10
116,86,11,13,262,10,11,3,272,10
116,87,11,15,260,8,11,7,268,8
116,88,11,15,260,8,11,7,268,8
116,89,11,15,260,8,11,7,268,8
116,90,11,16,259,-10,10,1,249,-10
116,91,11,16,259,-10,10,1,249,-10
116,92,11,16,259,-10,10,1,249,-10
116,93,11,14,261,10,11,4,271,10
116,94,11,14,261,10,11,4,271,10
116,95,11,14,261,10,11,4,271,10
117,0,11,13,262,10,11,3,272,10
117,1,11,13,262,10,11,3,272,10
117,2,11,13,262,10,11,3,272,10
117,3,11,14,261,-9,11,23,252,-9
117,4,11,14,261,-9,11,23,252,-9
117,5,11,14,261,-9,11,23,252,-9
117,6,11,16,259,-3,11,19,256,-3
117,7,11,16,259,-3,11,19,256,-3
117,8,11,16,259,-3,11,19,256,-3
117,9,11,13,262,4,11,9,266,4
117,10,11,13,262,4,11,9,266,4
117,11,11,13,262,4,11,9,266,4
117,12,11,12,263,0,11,12,263,0
117,13,11,12,263,0,11,12,263,0
117,14,11,12,263,0,11,12,263,0
117,15,11,15,260,-7,11,22,253,-7
117,16,11,15,260,-7,11,22,253,-7
117,17,11,15,260,-7,11,22,253,-7
117,18,11,18,257,0,11,18,257,0
117,19,11,18,257,0,11,18,257,0
117,20,11,19,256,0,11,19,256,0
117,21,11,14,261,0,11,14,261,0
117,22,11,15,260,0,11,15,260,0
117,23,11,14,261,0,11,14,261,0
117,24,11,15,260,-10,10,0,250,-10
117,25,11,15,260,-10,10,0,250,-10
117,26,11,15,260,-10,10,0,250,-10
117,27,11,16,259,4,11,12,263,4
117,28,11,16,259,4,11,12,263,4
117,29,11,15,260,4,11,11,264,4
117,30,11,17,258,4,11,13,262,4
117,31,11,17,258,4,11,13,262,4
117,32,11,18,257,4,11,14,261,4
117,33,11,16,259,0,11,16,259,0
117,34,11,16,259,0,11,16,259,0
117,35,11,16,259,0,11,16,259,0
117,36,11,15,260,4,11,11,264,4
117,37,11,15,260,4,11,11,264,4
117,38,11,15,260,4,11,11,264,4
117,39,11,15,260,-3,11,18,257,-3
117,40,11,15,260,-3,11,18,257,-3
117,41,11,15,260,-3,11,18,257,-3
117,42,11,17,258,3,11,14,261,3
117,43,11,17,258,3,11,14,261,3
117,44,11,17,258,3,11,14,261,3
117,45,11,15,260,5,11,10,265,5
117,46,11,15,260,5,11,10,265,5
117,47,11,15,260,5,11,10,265,5
117,48,11,16,259,-3,11,19,256,-3
117,49,11,16,259,-3,11,19,256,-3
117,50,11,16,259,-3,11,19,256,-3
117,51,11,16,259,-8,11,24,251,-8
117,52,11,16,259,-8,11,24,251,-8
117,53,11,16,259,-8,11,24,251,-8
117,54,11,17,258,3,11,14,261,3
117,55,11,17,258,3,11,14,261,3
117,56,11,17,258,3,11,14,261,3
117,57,11,17,258,6,11,11,264,6
117,58,11,17,258,6,11,11,264,6
117,59,11,17,258,6,11,11,264,6
117,60,11,5,270,0,11,5,270,0
117,61,11,5,270,0,11,5,270,0
117,62,11,5,270,0,11,5,270,0
117,63,11,19,256,8,11,11,264,8
117,64,11,19,256,8,11,11,264,8
117,65,11,19,256,8,11,11,264,8
117,66,11,4,271,0,11,4,271,0
117,67,11,4,271,0,11,4,271,0
117,68,11,4,271,0,11,4,271,0
117,69,11,4,271,0,11,4,271,0
117,70,11,4,271,0,11,4,271,0
117,71,11,4,271,0,11,4,271,0
117,72,11,15,260,-3,11,18,257,-3
117,73,11,15,260,-3,11,18,257,-3
117,74,11,15,260,-3,11,18,257,-3
117,75,11,15,260,5,11,10,265,5
117,76,11,15,260,5,11,10,265,5
117,77,11,16,259,5,11,11,264,5
117,78,11,18,257,7,11,11,264,7
117,79,11,19,256,7,11,12,263,7
117,80,11,18,257,7,11,11,264,7
117,81,11,15,260,5,11,10,265,5
117,82,11,16,259,5,11,11,264,5
117,83,11,15,260,5,11,10,265,5
117,84,12,3,297,0,12,3,297,0
117,85,12,3,297,0,12,3,297,0
117,86,12,3,297,0,12,3,297,0
117,87,12,3,297,0,12,3,297,0
117,88,12,3,297,0,12,3,297,0
117,89,12,3,297,0,12,3,297,0
117,90,11,21,254,0,11,21,254,0
117,91,11,21,254,0,11,21,254,0
117,92,11,21,254,0,11,21,254,0
117,93,11,20,255,8,11,12,263,8
117,94,11,20,255,8,11,12,263,8
117,95,11,20,255,8,11,12,263,8
118,0,15,23,352,0,15,23,352,0
118,1,15,23,352,0,15,23,352,0
118,2,15,23,352,0,15,23,352,0
118,3,15,23,352,0,15,23,352,0
118,4,15,23,352,0,15,23,352,0
118,5,15,23,352,0,15,23,352,0
118,6,15,23,352,0,15,23,352,0
118,7,15,23,352,0,15,23,352,0
118,8,15,23,352,0,15,23,352,0
118,9,15,23,352,0,15,23,352,0
118,10,15,23,352,0,15,23,352,0
118,11,15,23,352,0,15,23,352,0
118,12,12,17,283,-1,12,18,282,-1
118,13,12,17,283,-1,12,18,282,-1
118,14,12,18,282,-4,12,22,278,-4
118,15,12,17,283,-4,12,21,279,-4
118,16,12,17,283,-2,12,19,281,-2
118,17,12,17,283,-2,12,19,281,-2
118,18,12,17,283,-7,12,24,276,-7
118,19,12,18,282,-7,11,0,275,-7
118,20,12,17,283,-10,11,2,273,-10
118,21,12,17,283,-10,11,2,273,-10
118,22,12,17,283,-4,12,21,279,-4
118,23,12,17,283,-4,12,21,279,-4
118,24,12,18,282,8,12,10,290,8
118,25,12,18,282,8,12,10,290,8
118,26,12,15,285,8,12,7,293,8
118,27,12,15,285,8,12,7,293,8
118,28,12,17,283,7,12,10,290,7
118,29,12,17,283,7,12,10,290,7
118,30,12,16,284,10,12,6,294,10
118,31,12,16,284,10,12,6,294,10
118,32,12,18,282,0,12,18,282,0
118,33,12,18,282,0,12,18,282,0
118,34,12,17,283,5,12,12,288,5
118,35,12,17,283,5,12,12,288,5
118,36,13,13,312,0,13,13,312,0
118,37,13,13,312,0,13,13,312,0
118,38,13,13,312,0,13,13,312,0
118,39,13,13,312,0,13,13,312,0
118,40,13,13,312,0,13,13,312,0
118,41,13,13,312,0,13,13,312,0
118,42,12,17,283,-2,12,19,281,-2
118,43,12,18,282,-2,12,20,280,-2
118,44,12,7,293,-9,12,16,284,-9
118,45,12,6,294,-9,12,15,285,-9
118,46,12,6,294,7,13,24,301,7
118,47,12,6,294,7,13,24,301,7
118,48,12,15,285,-8,12,23,277,-8
118,49,12,15,285,-8,12,23,277,-8
118,50,12,18,282,3,12,15,285,3
118,51,12,18,282,3,12,15,285,3
118,52,12,18,282,2,12,16,284,2
118,53,12,18,282,2,12,16,284,2
118,54,12,15,285,9,12,6,294,9
118,55,12,15,285,9,12,6,294,9
118,56,12,17,283,-6,12,23,277,-6
118,57,12,17,283,-6,12,23,277,-6
118,58,12,20,280,10,12,10,290,10
118,59,12,20,280,10,12,10,290,10
118,60,12,18,282,8,12,10,290,8
118,61,12,18,282,8,12,10,290,8
118,62,12,17,283,7,12,10,290,7
118,63,12,17,283,7,12,10,290,7
118,64,12,19,281,7,12,12,288,7
118,65,12,19,281,7,12,12,288,7
118,66,12,16,284,7,12,9,291,7
118,67,12,16,284,7,12,9,291,7
118,68,12,19,281,0,12,19,281,0
118,69,12,19,281,0,12,19,281,0
118,70,12,18,282,9,12,9,291,9
118,71,12,19,281,9,12,10,290,9
118,72,12,18,282,3,12,15,285,3
118,73,12,18,282,3,12,15,285,3
118,74,12,18,282,9,12,9,291,9
118,75,12,18,282,9,12,9,291,9
118,76,12,18,282,-2,12,20,280,-2
118,77,12,18,282,-2,12,20,280,-2
118,78,12,19,281,5,12,14,286,5
118,79,12,19,281,5,12,14,286,5
118,80,12,18,282,-10,11,3,272,-10
118,81,12,18,282,-10,11,3,272,-10
118,82,12,20,280,3,12,17,283,3
118,83,12,20,280,3,12,17,283,3
118,84,12,18,282,2,12,16,284,2
118,85,12,18,282,2,12,16,284,2
118,86,12,16,284,-7,12,23,277,-7
118,87,12,16,284,-7,12,23,277,-7
118,88,12,19,281,2,12,17,283,2
118,89,12,19,281,2,12,17,283,2
118,90,12,15,285,-1,12,16,284,-1
118,91,12,15,285,-1,12,16,284,-1
118,92,12,17,283,-6,12,23,277,-6
118,93,12,17,283,-6,12,23,277,-6
118,94,12,19,281,0,12,19,281,0
118,95,12,19,281,0,12,19,281,0
119,0,12,15,285,2,12,13,287,2
119,1,12,15,285,2,12,13,287,2
119,2,12,14,286,-9,12,23,277,-9
119,3,12,14,286,-9,12,23,277,-9
119,4,12,16,284,-2,12,18,282,-2
119,5,12,16,284,-2,12,18,282,-2
119,6,12,15,285,4,12,11,289,4
119,7,12,15,285,4,12,11,289,4
119,8,12,17,283,3,12,14,286,3
119,9,12,17,283,3,12,14,286,3
119,10,12,18,282,-2,12,20,280,-2
119,11,12,18,282,-2,12,20,280,-2
119,12,15,23,352,0,15,23,352,0
119,13,15,23,352,0,15,23,352,0
119,14,15,23,352,0,15,23,352,0
119,15,15,23,352,0,15,23,352,0
119,16,15,23,352,0,15,23,352,0
119,17,15,23,352,0,15,23,352,0
119,18,15,23,352,0,15,23,352,0
119,19,15,23,352,0,15,23,352,0
119,20,15,23,352,0,15,23,352,0
119,21,15,23,352,0,15,23,352,0
119,22,15,23,352,0,15,23,352,0
119,23,15,23,352,0,15,23,352,0
119,24,12,17,283,-4,12,21,279,-4
119,25,12,17,283,-4,12,21,279,-4
119,26,12,16,284,-4,12,20,280,-4
119,27,12,16,284,-4,12,20,280,-4
119,28,12,14,286,5,12,9,291,5
119,29,12,14,286,5,12,9,291,5
119,30,12,15,285,10,12,5,295,10
119,31,12,15,285,10,12,5,295,10
119,32,12,19,281,5,12,14,286,5
119,33,12,19,281,5,12,14,286,5
119,34,12,18,282,-2,12,20,280,-2
119,35,12,18,282,-2,12,20,280,-2
119,36,12,17,283,-9,11,1,274,-9
119,37,12,17,283,-9,11,1,274,-9
119,38,12,17,283,-5,12,22,278,-5
119,39,12,17,283,-5,12,22,278,-5
119,40,12,16,284,4,12,12,288,4
119,41,12,16,284,4,12,12,288,4
119,42,12,16,284,4,12,12,288,4
119,43,12,16,284,4,12,12,288,4
119,44,12,19,281,7,12,12,288,7
119,45,12,19,281,7,12,12,288,7
119,46,12,17,283,0,12,17,283,0
119,47,12,17,283,0,12,17,283,0
119,48,12,17,283,-5,12,22,278,-5
119,49,12,17,283,-5,12,22,278,-5
119,50,12,17,283,10,12,7,293,10
119,51,12,17,283,10,12,7,293,10
119,52,12,17,283,-4,12,21,279,-4
119,53,12,17,283,-4,12,21,279,-4
119,54,12,17,283,4,12,13,287,4
119,55,12,17,283,4,12,13,287,4
119,56,12,18,282,-3,12,21,279,-3
119,57,12,18,282,-3,12,21,279,-3
119,58,12,17,283,-5,12,22,278,-5
119,59,12,17,283,-5,12,22,278,-5
119,60,12,17,283,10,12,7,293,10
119,61,12,16,284,10,12,6,294,10
119,62,12,15,285,0,12,15,285,0
119,63,12,15,285,0,12,15,285,0
119,64,12,17,283,-1,12,18,282,-1
119,65,12,17,283,-1,12,18,282,-1
119,66,12,16,284,6,12,10,290,6
119,67,12,17,283,6,12,11,289,6
119,68,12,18,282,-6,12,24,276,-6
119,69,12,18,282,-6,12,24,276,-6
119,70,12,17,283,-1,12,18,282,-1
119,71,12,17,283,-1,12,18,282,-1
119,72,12,17,283,1,12,16,284,1
119,73,12,17,283,1,12,16,284,1
119,74,12,16,284,1,12,15,285,1
119,75,12,16,284,1,12,15,285,1
119,76,12,18,282,-9,11,2,273,-9
119,77,12,18,282,-9,11,2,273,-9
119,78,12,20,280,5,12,15,285,5
119,79,12,20,280,5,12,15,285,5
119,80,12,20,280,8,12,12,288,8
119,81,12,20,280,8,12,12,288,8
119,82,12,18,282,-7,11,0,275,-7
119,83,12,18,282,-7,11,0,275,-7
119,84,12,15,285,-3,12,18,282,-3
119,85,12,15,285,-3,12,18,282,-3
119,86,12,18,282,-4,12,22,278,-4
119,87,12,18,282,-4,12,22,278,-4
119,88,12,17,283,-9,11,1,274,-9
119,89,12,17,283,-9,11,1,274,-9
119,90,12,16,284,6,12,10,290,6
119,91,12,16,284,6,12,10,290,6
119,92,12,17,283,10,12,7,293,10
119,93,12,17,283,10,12,7,293,10
119,94,12,17,283,-1,12,18,282,-1
119,95,12,17,283,-1,12,18,282,-1
120,0,14,24,326,0,14,24,326,0
120,1,14,24,326,0,14,24,326,0
120,2,14,24,326,0,14,24,326,0
120,3,14,24,326,0,14,24,326,0
120,4,14,24,326,0,14,24,326,0
120,5,14,24,326,0,14,24,326,0
120,6,14,24,326,0,14,24,326,0
120,7,14,24,326,0,14,24,326,0
120,8,14,24,326,0,14,24,326,0
120,9,14,24,326,0,14,24,326,0
120,10,14,24,326,0,14,24,326,0
120,11,14,24,326,0,14,24,326,0
120,12,11,15,260,0,11,15,260,0
120,13,11,15,260,0,11,15,260,0
120,14,11,14,261,-10,11,24,251,-10
120,15,11,14,261,-10,11,24,251,-10
120,16,11,15,260,-10,10,0,250,-10
120,17,11,15,260,-10,10,0,250,-10
120,18,11,14,261,-5,11,19,256,-5
120,19,11,14,261,-5,11,19,256,-5
120,20,11,16,259,0,11,16,259,0
120,21,11,16,259,0,11,16,259,0
120,22,11,20,255,0,11,20,255,0
120,23,11,20,255,0,11,20,255,0
120,24,12,2,298,0,12,2,298,0
120,25,12,2,298,0,12,2,298,0
120,26,12,2,298,0,12,2,298,0
120,27,12,2,298,0,12,2,298,0
120,28,12,2,298,0,12,2,298,0
120,29,12,2,298,0,12,2,298,0
120,30,11,16,259,2,11,14,261,2
120,31,11,16,259,2,11,14,261,2
120,32,11,19,256,-7,10,1,249,-7
120,33,11,19,256,-7,10,1,249,-7
120,34,11,15,260,-7,11,22,253,-7
120,35,11,15,260,-7,11,22,253,-7
120,36,11,16,259,-9,10,0,250,-9
120,37,11,16,259,-9,10,0,250,-9
120,38,11,16,259,-8,11,24,251,-8
120,39,11,16,259,-8,11,24,251,-8
120,40,11,17,258,9,11,8,267,9
120,41,11,17,258,9,11,8,267,9
120,42,11,16,259,8,11,8,267,8
120,43,11,16,259,8,11,8,267,8
120,44,11,19,256,3,11,16,259,3
120,45,11,19,256,3,11,16,259,3
120,46,11,17,258,0,11,17,258,0
120,47,11,17,258,0,11,17,258,0
120,48,11,16,259,0,11,16,259,0
120,49,11,16,259,0,11,16,259,0
120,50,11,17,258,-5,11,22,253,-5
120,51,11,17,258,-5,11,22,253,-5
120,52,11,18,257,7,11,11,264,7
120,53,11,18,257,7,11,11,264,7
120,54,11,15,260,3,11,12,263,3
120,55,11,15,260,3,11,12,263,3
120,56,11,17,258,10,11,7,268,10
120,57,11,17,258,10,11,7,268,10
120,58,11,18,257,-9,10,2,248,-9
120,59,11,18,257,-9,10,2,248,-9
120,60,11,17,258,-7,11,24,251,-7
120,61,11,17,258,-7,11,24,251,-7
120,62,11,15,260,-1,11,16,259,-1
120,63,11,15,260,-1,11,16,259,-1
120,64,11,17,258,9,11,8,267,9
120,65,11,17,258,9,11,8,267,9
120,66,11,14,261,3,11,11,264,3
120,67,11,14,261,3,11,11,264,3
120,68,11,22,253,0,11,22,253,0
120,69,11,22,253,0,11,22,253,0
120,70,11,18,257,0,11,18,257,0
120,71,11,18,257,0,11,18,257,0
120,72,11,16,259,4,11,12,263,4
120,73,11,16,259,4,11,12,263,4
120,74,11,17,258,4,11,13,262,4
120,75,11,17,258,4,11,13,262,4
120,76,11,17,258,8,11,9,266,8
120,77,11,17,258,8,11,9,266,8
120,78,11,17,258,8,11,9,266,8
120,79,11,17,258,8,11,9,266,8
120,80,11,19,256,0,11,19,256,0
120,81,11,19,256,0,11,19,256,0
120,82,11,17,258,-7,11,24,251,-7
120,83,11,17,258,-7,11,24,251,-7
120,84,11,15,260,2,11,13,262,2
120,85,11,15,260,2,11,13,262,2
120,86,11,15,260,6,11,9,266,6
120,87,11,15,260,6,11,9,266,6
120,88,11,17,258,-9,10,1,249,-9
120,89,11,17,258,-9,10,1,249,-9
120,90,11,14,261,2,11,12,263,2
120,91,11,14,261,2,11,12,263,2
120,92,11,17,258,10,11,7,268,10
120,93,11,17,258,10,11,7,268,10
120,94,11,18,257,3,11,15,260,3
120,95,11,18,257,3,11,15,260,3
121,0,13,22,303,0,13,22,303,0
121,1,13,22,303,0,13,22,303,0
121,2,13,22,303,0,13,22,303,0
121,3,13,22,303,0,13,22,303,0
121,4,13,22,303,0,13,22,303,0
121,5,13,22,303,0,13,22,303,0
121,6,13,22,303,0,13,22,303,0
121,7,13,22,303,0,13,22,303,0
121,8,13,22,303,0,13,22,303,0
121,9,13,22,303,0,13,22,303,0
121,10,13,22,303,0,13,22,303,0
121,11,13,22,303,0,13,22,303,0
121,12,10,17,233,7,10,10,240,7
121,13,10,17,233,7,10,10,240,7
121,14,10,16,234,-6,10,22,228,-6
121,15,10,16,234,-6,10,22,228,-6
121,16,10,16,234,-8,10,24,226,-8
121,17,10,16,234,-8,10,24,226,-8
121,18,10,15,235,-7,10,22,228,-7
121,19,10,15,235,-7,10,22,228,-7
121,20,10,17,233,1,10,16,234,1
121,21,10,17,233,1,10,16,234,1
121,22,10,15,235,-6,10,21,229,-6
121,23,10,15,235,-6,10,21,229,-6
121,24,10,14,236,-3,10,17,233,-3
121,25,10,14,236,-3,10,17,233,-3
121,26,10,14,236,-4,10,18,232,-4
121,27,10,14,236,-4,10,18,232,-4
121,28,10,15,235,8,10,7,243,8
121,29,10,15,235,8,10,7,243,8
121,30,10,14,236,9,10,5,245,9
121,31,10,14,236,9,10,5,245,9
121,32,10,16,234,9,10,7,243,9
121,33,10,16,234,9,10,7,243,9
121,34,10,15,235,8,10,7,243,8
121,35,10,15,235,8,10,7,243,8
121,36,10,17,233,7,10,10,240,7
121,37,10,17,233,7,10,10,240,7
121,38,10,15,235,-4,10,19,231,-4
121,39,10,15,235,-4,10,19,231,-4
121,40,10,15,235,7,10,8,242,7
121,41,10,15,235,7,10,8,242,7
121,42,10,16,234,1,10,15,235,1
121,43,10,16,234,1,10,15,235,1
121,44,10,16,234,-4,10,20,230,-4
121,45,10,16,234,-4,10,20,230,-4
121,46,10,18,232,-7,9,0,225,-7
121,47,10,18,232,-7,9,0,225,-7
121,48,10,16,234,-3,10,19,231,-3
121,49,10,15,235,-3,10,18,232,-3
121,50,10,13,237,1,10,12,238,1
121,51,10,14,236,1,10,13,237,1
121,52,10,16,234,-7,10,23,227,-7
121,53,10,15,235,-7,10,22,228,-7
121,54,10,13,237,-7,10,20,230,-7
121,55,10,13,237,-7,10,20,230,-7
121,56,10,16,234,-2,10,18,232,-2
121,57,10,16,234,-2,10,18,232,-2
121,58,10,17,233,5,10,12,238,5
121,59,10,18,232,5,10,13,237,5
121,60,10,5,245,0,10,5,245,0
121,61,10,5,245,0,10,5,245,0
121,62,10,14,236,9,10,5,245,9
121,63,10,14,236,9,10,5,245,9
121,64,10,16,234,0,10,16,234,0
121,65,10,16,234,0,10,16,234,0
121,66,10,14,236,1,10,13,237,1
121,67,10,14,236,1,10,13,237,1
121,68,10,16,234,0,10,16,234,0
121,69,10,16,234,0,10,16,234,0
121,70,10,5,245,0,10,5,245,0
121,71,10,5,245,0,10,5,245,0
121,72,10,14,236,1,10,13,237,1
121,73,10,14,236,1,10,13,237,1
121,74,10,16,234,-6,10,22,228,-6
121,75,10,16,234,-6,10,22,228,-6
121,76,10,16,234,7,10,9,241,7
121,77,10,16,234,7,10,9,241,7
121,78,10,16,234,-10,9,1,224,-10
121,79,10,16,234,-10,9,1,224,-10
121,80,10,4,246,0,10,4,246,0
121,81,10,4,246,0,10,4,246,0
121,82,10,16,234,8,10,8,242,8
121,83,10,16,234,8,10,8,242,8
121,84,10,17,233,-2,10,19,231,-2
121,85,10,17,233,-2,10,19,231,-2
121,86,10,17,233,7,10,10,240,7
121,87,10,17,233,7,10,10,240,7
121,88,10,16,234,-4,10,20,230,-4
121,89,10,16,234,-4,10,20,230,-4
121,90,10,15,235,7,10,8,242,7
121,91,10,15,235,7,10,8,242,7
121,92,10,18,232,-10,9,3,222,-10
121,93,10,18,232,-10,9,3,222,-10
121,94,10,15,235,-1,10,16,234,-1
121,95,10,15,235,-1,10,16,234,-1
122,0,13,22,303,0,13,22,303,0
122,1,13,22,303,0,13,22,303,0
122,2,13,22,303,0,13,22,303,0
122,3,13,22,303,0,13,22,303,0
122,4,13,22,303,0,13,22,303,0
122,5,13,22,303,0,13,22,303,0
122,6,13,22,303,0,13,22,303,0
122,7,13,22,303,0,13,22,303,0
122,8,13,22,303,0,13,22,303,0
122,9,13,22,303,0,13,22,303,0
122,10,13,22,303,0,13,22,303,0
122,11,13,22,303,0,13,22,303,0
122,12,10,16,234,6,10,10,240,6
122,13,10,16,234,6,10,10,240,6
122,14,10,15,235,-1,10,16,234,-1
122,15,10,15,235,-1,10,16,234,-1
122,16,10,16,234,1,10,15,235,1
122,17,10,16,234,1,10,15,235,1
122,18,10,16,234,2,10,14,236,2
122,19,10,16,234,2,10,14,236,2
122,20,10,19,231,2,10,17,233,2
122,21,10,19,231,2,10,17,233,2
122,22,10,16,234,9,10,7,243,9
122,23,10,16,234,9,10,7,243,9
122,24,11,2,273,0,11,2,273,0
122,25,11,2,273,0,11,2,273,0
122,26,11,2,273,0,11,2,273,0
122,27,11,2,273,0,11,2,273,0
122,28,11,2,273,0,11,2,273,0
122,29,11,2,273,0,11,2,273,0
122,30,10,18,232,-6,10,24,226,-6
122,31,10,18,232,-6,10,24,226,-6
122,32,10,18,232,4,10,14,236,4
122,33,10,18,232,4,10,14,236,4
122,34,10,19,231,-3,10,22,228,-3
122,35,10,19,231,-3,10,22,228,-3
122,36,10,17,233,9,10,8,242,9
122,37,10,17,233,9,10,8,242,9
122,38,10,17,233,-3,10,20,230,-3
122,39,10,17,233,-3,10,20,230,-3
122,40,10,18,232,-8,9,1,224,-8
122,41,10,18,232,-8,9,1,224,-8
122,42,10,17,233,-9,9,1,224,-9
122,43,10,17,233,-9,9,1,224,-9
122,44,10,21,229,6,10,15,235,6
122,45,10,21,229,6,10,15,235,6
122,46,10,19,231,-8,9,2,223,-8
122,47,10,19,231,-8,9,2,223,-8
122,48,10,16,234,-2,10,18,232,-2
122,49,10,16,234,-2,10,18,232,-2
122,50,10,18,232,-9,9,2,223,-9
122,51,10,18,232,-9,9,2,223,-9
122,52,10,20,230,2,10,18,232,2
122,53,10,20,230,2,10,18,232,2
122,54,10,18,232,9,10,9,241,9
122,55,10,18,232,9,10,9,241,9
122,56,10,19,231,3,10,16,234,3
122,57,10,19,231,3,10,16,234,3
122,58,10,20,230,-10,9,5,220,-10
122,59,10,20,230,-10,9,5,220,-10
122,60,10,16,234,-1,10,17,233,-1
122,61,10,16,234,-1,10,17,233,-1
122,62,10,17,233,1,10,16,234,1
122,63,10,17,233,1,10,16,234,1
122,64,10,17,233,-9,9,1,224,-9
122,65,10,16,234,-9,9,0,225,-9
122,66,10,17,233,-8,9,0,225,-8
122,67,10,17,233,-8,9,0,225,-8
122,68,10,19,231,5,10,14,236,5
122,69,10,19,231,5,10,14,236,5
122,70,10,19,231,0,10,19,231,0
122,71,10,18,232,0,10,18,232,0
122,72,10,17,233,5,10,12,238,5
122,73,10,17,233,5,10,12,238,5
122,74,10,18,232,-3,10,21,229,-3
122,75,10,18,232,-3,10,21,229,-3
122,76,10,18,232,-3,10,21,229,-3
122,77,10,18,232,-3,10,21,229,-3
122,78,10,18,232,-4,10,22,228,-4
122,79,10,18,232,-4,10,22,228,-4
122,80,10,19,231,-1,10,20,230,-1
122,81,10,19,231,-1,10,20,230,-1
122,82,10,19,231,3,10,16,234,3
122,83,10,19,231,3,10,16,234,3
122,84,10,17,233,-1,10,18,232,-1
122,85,10,17,233,-1,10,18,232,-1
122,86,10,14,236,-1,10,15,235,-1
122,87,10,14,236,-1,10,15,235,-1
122,88,10,19,231,-3,10,22,228,-3
122,89,10,19,231,-3,10,22,228,-3
122,90,10,15,235,6,10,9,241,6
122,91,10,15,235,6,10,9,241,6
122,92,10,19,231,-2,10,21,229,-2
122,93,10,19,231,-2,10,21,229,-2
122,94,10,18,232,-2,10,20,230,-2
122,95,10,18,232,-2,10,20,230,-2
123,0,14,23,327,0,14,23,327,0
123,1,14,23,327,0,14,23,327,0
123,2,14,23,327,0,14,23,327,0
123,3,14,23,327,0,14,23,327,0
123,4,14,23,327,0,14,23,327,0
123,5,14,23,327,0,14,23,327,0
123,6,14,23,327,0,14,23,327,0
123,7,14,23,327,0,14,23,327,0
123,8,14,23,327,0,14,23,327,0
123,9,14,23,327,0,14,23,327,0
123,10,14,23,327,0,14,23,327,0
123,11,14,23,327,0,14,23,327,0
123,12,11,13,262,3,11,10,265,3
123,13,11,13,262,3,11,10,265,3
123,14,11,13,262,3,11,10,265,3
123,15,11,13,262,3,11,10,265,3
123,16,11,16,259,6,11,10,265,6
123,17,11,16,259,6,11,10,265,6
123,18,11,15,260,2,11,13,262,2
123,19,11,15,260,2,11,13,262,2
123,20,11,14,261,-6,11,20,255,-6
123,21,11,14,261,-6,11,20,255,-6
123,22,11,15,260,-8,11,23,252,-8
123,23,11,15,260,-8,11,23,252,-8
123,24,11,14,261,-1,11,15,260,-1
123,25,11,14,261,-1,11,15,260,-1
123,26,11,14,261,-9,11,23,252,-9
123,27,11,14,261,-9,11,23,252,-9
123,28,11,17,258,8,11,9,266,8
123,29,11,17,258,8,11,9,266,8
123,30,11,14,261,-8,11,22,253,-8
123,31,11,14,261,-8,11,22,253,-8
123,32,11,18,257,6,11,12,263,6
123,33,11,18,257,6,11,12,263,6
123,34,11,17,258,3,11,14,261,3
123,35,11,17,258,3,11,14,261,3
123,36,11,15,260,8,11,7,268,8
123,37,11,15,260,8,11,7,268,8
123,38,11,13,262,-1,11,14,261,-1
123,39,11,13,262,-1,11,14,261,-1
123,40,11,14,261,-8,11,22,253,-8
123,41,11,14,261,-8,11,22,253,-8
123,42,11,15,260,-6,11,21,254,-6
123,43,11,15,260,-6,11,21,254,-6
123,44,11,16,259,-4,11,20,255,-4
123,45,11,16,259,-4,11,20,255,-4
123,46,11,13,262,6,11,7,268,6
123,47,11,14,261,6,11,8,267,6
123,48,11,18,257,2,11,16,259,2
123,49,11,18,257,2,11,16,259,2
123,50,11,15,260,-9,11,24,251,-9
123,51,11,15,260,-9,11,24,251,-9
123,52,11,14,261,-8,11,22,253,-8
123,53,11,14,261,-8,11,22,253,-8
123,54,11,15,260,-8,11,23,252,-8
123,55,11,15,260,-8,11,23,252,-8
123,56,11,16,259,9,11,7,268,9
123,57,11,16,259,9,11,7,268,9
123,58,11,16,259,4,11,12,263,4
123,59,11,16,259,4,11,12,263,4
123,60,11,16,259,4,11,12,263,4
123,61,11,16,259,4,11,12,263,4
123,62,11,13,262,-6,11,19,256,-6
123,63,11,13,262,-6,11,19,256,-6
123,64,11,14,261,10,11,4,271,10
123,65,11,14,261,10,11,4,271,10
123,66,11,15,260,10,11,5,270,10
123,67,11,15,260,10,11,5,270,10
123,68,11,16,259,4,11,12,263,4
123,69,11,16,259,4,11,12,263,4
123,70,11,16,259,-2,11,18,257,-2
123,71,11,16,259,-2,11,18,257,-2
123,72,11,16,259,1,11,15,260,1
123,73,11,16,259,1,11,15,260,1
123,74,11,14,261,-2,11,16,259,-2
123,75,11,14,261,-2,11,16,259,-2
123,76,11,15,260,-3,11,18,257,-3
123,77,11,15,260,-3,11,18,257,-3
123,78,11,15,260,10,11,5,270,10
123,79,11,15,260,10,11,5,270,10
123,80,11,18,257,-5,11,23,252,-5
123,81,11,17,258,-5,11,22,253,-5
123,82,11,15,260,-9,11,24,251,-9
123,83,11,14,261,-9,11,23,252,-9
123,84,11,15,260,3,11,12,263,3
123,85,11,15,260,3,11,12,263,3
123,86,11,15,260,-2,11,17,258,-2
123,87,11,15,260,-2,11,17,258,-2
123,88,11,16,259,1,11,15,260,1
123,89,11,16,259,1,11,15,260,1
123,90,11,14,261,5,11,9,266,5
123,91,11,14,261,5,11,9,266,5
123,92,11,16,259,-6,11,22,253,-6
123,93,11,16,259,-6,11,22,253,-6
123,94,11,17,258,1,11,16,259,1
123,95,11,17,258,1,11,16,259,1
124,0,11,14,261,0,11,14,261,0
124,1,11,14,261,0,11,14,261,0
124,2,11,12,263,-3,11,15,260,-3
124,3,11,12,263,-3,11,15,260,-3
124,4,11,14,261,-6,11,20,255,-6
124,5,11,14,261,-6,11,20,255,-6
124,6,11,12,263,-7,11,19,256,-7
124,7,11,12,263,-7,11,19,256,-7
124,8,11,15,260,2,11,13,262,2
124,9,11,15,260,2,11,13,262,2
124,10,11,13,262,-5,11,18,257,-5
124,11,11,13,262,-5,11,18,257,-5
124,12,14,23,327,0,14,23,327,0
124,13,14,23,327,0,14,23,327,0
124,14,14,23,327,0,14,23,327,0
124,15,14,23,327,0,14,23,327,0
124,16,14,23,327,0,14,23,327,0
124,17,14,23,327,0,14,23,327,0
124,18,14,23,327,0,14,23,327,0
124,19,14,23,327,0,14,23,327,0
124,20,14,23,327,0,14,23,327,0
124,21,14,23,327,0,14,23,327,0
124,22,14,23,327,0,14,23,327,0
124,23,14,23,327,0,14,23,327,0
124,24,12,2,298,0,12,2,298,0
124,25,12,2,298,0,12,2,298,0
124,26,12,2,298,0,12,2,298,0
124,27,12,2,298,0,12,2,298,0
124,28,12,2,298,0,12,2,298,0
124,29,12,2,298,0,12,2,298,0
124,30,11,13,262,-3,11,16,259,-3
124,31,11,13,262,-3,11,16,259,-3
124,32,11,16,259,9,11,7,268,9
124,33,11,16,259,9,11,7,268,9
124,34,11,16,259,0,11,16,259,0
124,35,11,16,259,0,11,16,259,0
124,36,11,14,261,1,11,13,262,1
124,37,11,14,261,1,11,13,262,1
124,38,11,14,261,0,11,14,261,0
124,39,11,14,261,0,11,14,261,0
124,40,11,16,259,4,11,12,263,4
124,41,11,16,259,4,11,12,263,4
124,42,11,14,261,-9,11,23,252,-9
124,43,11,14,261,-9,11,23,252,-9
124,44,11,17,258,7,11,10,265,7
124,45,11,17,258,7,11,10,265,7
124,46,11,17,258,10,11,7,268,10
124,47,11,17,258,10,11,7,268,10
124,48,11,17,258,-6,11,23,252,-6
124,49,11,17,258,-6,11,23,252,-6
124,50,11,14,261,4,11,10,265,4
124,51,11,14,261,4,11,10,265,4
124,52,11,16,259,-6,11,22,253,-6
124,53,11,16,259,-6,11,22,253,-6
124,54,11,12,263,2,11,10,265,2
124,55,11,12,263,2,11,10,265,2
124,56,11,16,259,-8,11,24,251,-8
124,57,11,16,259,-8,11,24,251,-8
124,58,11,14,261,-3,11,17,258,-3
124,59,11,14,261,-3,11,17,258,-3
124,60,11,15,260,6,11,9,266,6
124,61,11,15,260,6,11,9,266,6
124,62,11,15,260,0,11,15,260,0
124,63,11,15,260,0,11,15,260,0
124,64,11,14,261,6,11,8,267,6
124,65,11,14,261,6,11,8,267,6
124,66,11,14,261,10,11,4,271,10
124,67,11,14,261,10,11,4,271,10
124,68,11,18,257,-9,10,2,248,-9
124,69,11,18,257,-9,10,2,248,-9
124,70,11,16,259,-4,11,20,255,-4
124,71,11,16,259,-4,11,20,255,-4
124,72,11,15,260,0,11,15,260,0
124,73,11,15,260,0,11,15,260,0
124,74,11,16,259,4,11,12,263,4
124,75,11,16,259,4,11,12,263,4
124,76,11,17,258,-4,11,21,254,-4
124,77,11,17,258,-4,11,21,254,-4
124,78,11,16,259,4,11,12,263,4
124,79,11,16,259,4,11,12,263,4
124,80,11,17,258,-7,11,24,251,-7
124,81,11,17,258,-7,11,24,251,-7
124,82,11,17,258,2,11,15,260,2
124,83,11,17,258,2,11,15,260,2
124,84,11,14,261,3,11,11,264,3
124,85,11,14,261,3,11,11,264,3
124,86,11,15,260,2,11,13,262,2
124,87,11,15,260,2,11,13,262,2
124,88,11,14,261,-6,11,20,255,-6
124,89,11,14,261,-6,11,20,255,-6
124,90,11,14,261,-6,11,20,255,-6
124,91,11,14,261,-6,11,20,255,-6
124,92,11,18,257,6,11,12,263,6
124,93,11,17,258,6,11,11,264,6
124,94,11,16,259,10,11,6,269,10
124,95,11,16,259,10,11,6,269,10
125,0,15,23,352,0,15,23,352,0
125,1,15,23,352,0,15,23,352,0
125,2,15,23,352,0,15,23,352,0
125,3,15,23,352,0,15,23,352,0
125,4,15,23,352,0,15,23,352,0
125,5,15,23,352,0,15,23,352,0
125,6,15,23,352,0,15,23,352,0
125,7,15,23,352,0,15,23,352,0
125,8,15,23,352,0,15,23,352,0
125,9,15,23,352,0,15,23,352,0
125,10,15,23,352,0,15,23,352,0
125,11,15,23,352,0,15,23,352,0
125,12,12,15,285,-7,12,22,278,-7
125,13,12,15,285,-7,12,22,278,-7
125,14,12,17,283,10,12,7,293,10
125,15,12,17,283,10,12,7,293,10
125,16,12,17,283,0,12,17,283,0
125,17,12,17,283,0,12,17,283,0
125,18,12,14,286,-4,12,18,282,-4
125,19,12,14,286,-4,12,18,282,-4
125,20,12,17,283,6,12,11,289,6
125,21,12,17,283,6,12,11,289,6
125,22,12,16,284,-7,12,23,277,-7
125,23,12,16,284,-7,12,23,277,-7
125,24,12,17,283,9,12,8,292,9
125,25,12,17,283,9,12,8,292,9
125,26,12,17,283,-7,12,24,276,-7
125,27,12,17,283,-7,12,24,276,-7
125,28,12,17,283,8,12,9,291,8
125,29,12,17,283,8,12,9,291,8
125,30,12,16,284,3,12,13,287,3
125,31,12,16,284,3,12,13,287,3
125,32,12,19,281,5,12,14,286,5
125,33,12,19,281,5,12,14,286,5
125,34,12,17,283,-8,11,0,275,-8
125,35,12,17,283,-8,11,0,275,-8
125,36,12,14,286,-10,12,24,276,-10
125,37,12,14,286,-10,12,24,276,-10
125,38,12,15,285,-2,12,17,283,-2
125,39,12,15,285,-2,12,17,283,-2
125,40,12,17,283,-6,12,23,277,-6
125,41,12,17,283,-6,12,23,277,-6
125,42,12,17,283,-4,12,21,279,-4
125,43,12,17,283,-4,12,21,279,-4
125,44,12,18,282,-10,11,3,272,-10
125,45,12,18,282,-10,11,3,272,-10
125,46,12,16,284,9,12,7,293,9
125,47,12,16,284,9,12,7,293,9
125,48,12,5,295,0,12,5,295,0
125,49,12,5,295,0,12,5,295,0
125,50,12,12,288,5,12,7,293,5
125,51,12,13,287,5,12,8,292,5
125,52,12,16,284,-10,11,1,274,-10
125,53,12,16,284,-10,11,1,274,-10
125,54,12,15,285,5,12,10,290,5
125,55,12,15,285,5,12,10,290,5
125,56,12,16,284,7,12,9,291,7
125,57,12,16,284,7,12,9,291,7
125,58,12,4,296,0,12,4,296,0
125,59,12,4,296,0,12,4,296,0
125,60,12,19,281,0,12,19,281,0
125,61,12,19,281,0,12,19,281,0
125,62,12,17,283,8,12,9,291,8
125,63,12,17,283,8,12,9,291,8
125,64,12,17,283,9,12,8,292,9
125,65,12,17,283,9,12,8,292,9
125,66,12,15,285,4,12,11,289,4
125,67,12,15,285,4,12,11,289,4
125,68,12,19,281,-3,12,22,278,-3
125,69,12,19,281,-3,12,22,278,-3
125,70,12,18,282,-9,11,2,273,-9
125,71,12,18,282,-9,11,2,273,-9
125,72,12,18,282,-4,12,22,278,-4
125,73,12,18,282,-4,12,22,278,-4
125,74,12,19,281,7,12,12,288,7
125,75,12,19,281,7,12,12,288,7
125,76,12,19,281,2,12,17,283,2
125,77,12,19,281,2,12,17,283,2
125,78,12,16,284,-2,12,18,282,-2
125,79,12,16,284,-2,12,18,282,-2
125,80,12,19,281,2,12,17,283,2
125,81,12,19,281,2,12,17,283,2
125,82,12,17,283,9,12,8,292,9
125,83,12,17,283,9,12,8,292,9
125,84,12,17,283,-4,12,21,279,-4
125,85,12,17,283,-4,12,21,279,-4
125,86,12,15,285,2,12,13,287,2
125,87,12,15,285,2,12,13,287,2
125,88,12,6,294,0,12,6,294,0
125,89,12,6,294,0,12,6,294,0
125,90,12,17,283,1,12,16,284,1
125,91,12,17,283,1,12,16,284,1
125,92,12,15,285,-4,12,19,281,-4
125,93,12,15,285,-4,12,19,281,-4
125,94,12,17,283,-2,12,19,281,-2
125,95,12,17,283,-2,12,19,281,-2
126,0,12,15,285,6,12,9,291,6
126,1,12,15,285,6,12,9,291,6
126,2,12,15,285,9,12,6,294,9
126,3,12,15,285,9,12,6,294,9
126,4,12,16,284,6,12,10,290,6
126,5,12,16,284,6,12,10,290,6
126,6,12,8,292,0,12,8,292,0
126,7,12,8,292,0,12,8,292,0
126,8,12,8,292,0,12,8,292,0
126,9,12,8,292,0,12,8,292,0
126,10,12,7,293,0,12,7,293,0
126,11,12,7,293,0,12,7,293,0
126,12,12,16,284,9,12,7,293,9
126,13,12,16,284,9,12,7,293,9
126,14,12,5,295,0,12,5,295,0
126,15,12,5,295,0,12,5,295,0
126,16,12,15,285,7,12,8,292,7
126,17,12,15,285,7,12,8,292,7
126,18,12,13,287,-9,12,22,278,-9
126,19,12,13,287,-9,12,22,278,-9
126,20,12,5,295,0,12,5,295,0
126,21,12,5,295,0,12,5,295,0
126,22,12,16,284,-2,12,18,282,-2
126,23,12,16,284,-2,12,18,282,-2
126,24,12,15,285,-2,12,17,283,-2
126,25,12,15,285,-2,12,17,283,-2
126,26,12,14,286,9,12,5,295,9
126,27,12,14,286,9,12,5,295,9
126,28,12,16,284,-4,12,20,280,-4
126,29,12,16,284,-4,12,20,280,-4
126,30,12,17,283,-3,12,20,280,-3
126,31,12,17,283,-3,12,20,280,-3
126,32,12,19,281,7,12,12,288,7
126,33,12,19,281,7,12,12,288,7
126,34,12,16,284,-9,11,0,275,-9
126,35,12,16,284,-9,11,0,275,-9
126,36,12,16,284,6,12,10,290,6
126,37,12,16,284,6,12,10,290,6
126,38,12,17,283,-8,11,0,275,-8
126,39,12,17,283,-8,11,0,275,-8
126,40,12,16,284,-3,12,19,281,-3
126,41,12,16,284,-3,12,19,281,-3
126,42,12,17,283,-7,12,24,276,-7
126,43,12,17,283,-7,12,24,276,-7
126,44,12,19,281,8,12,11,289,8
126,45,12,19,281,8,12,11,289,8
126,46,12,19,281,7,12,12,288,7
126,47,12,19,281,7,12,12,288,7
126,48,15,24,351,0,15,24,351,0
126,49,15,24,351,0,15,24,351,0
126,50,15,24,351,0,15,24,351,0
126,51,15,24,351,0,15,24,351,0
126,52,15,24,351,0,15,24,351,0
126,53,15,24,351,0,15,24,351,0
126,54,15,24,351,0,15,24,351,0
126,55,15,24,351,0,15,24,351,0
126,56,15,24,351,0,15,24,351,0
126,57,15,24,351,0,15,24,351,0
126,58,15,24,351,0,15,24,351,0
126,59,15,24,351,0,15,24,351,0
126,60,12,4,296,0,12,4,296,0
126,61,12,4,296,0,12,4,296,0
126,62,12,15,285,-7,12,22,278,-7
126,63,12,15,285,-7,12,22,278,-7
126,64,12,17,283,3,12,14,286,3
126,65,12,17,283,3,12,14,286,3
126,66,12,16,284,-1,12,17,283,-1
126,67,12,16,284,-1,12,17,283,-1
126,68,12,19,281,0,12,19,281,0
126,69,12,19,281,0,12,19,281,0
126,70,12,19,281,7,12,12,288,7
126,71,12,19,281,7,12,12,288,7
126,72,13,3,322,0,13,3,322,0
126,73,13,3,322,0,13,3,322,0
126,74,13,3,322,0,13,3,322,0
126,75,13,3,322,0,13,3,322,0
126,76,13,3,322,0,13,3,322,0
126,77,13,3,322,0,13,3,322,0
126,78,12,17,283,-8,11,0,275,-8
126,79,12,17,283,-8,11,0,275,-8
126,80,12,16,284,7,12,9,291,7
126,81,12,16,284,7,12,9,291,7
126,82,12,16,284,9,12,7,293,9
126,83,12,16,284,9,12,7,293,9
126,84,12,15,285,4,12,11,289,4
126,85,12,15,285,4,12,11,289,4
126,86,12,17,283,2,12,15,285,2
126,87,12,17,283,2,12,15,285,2
126,88,12,17,283,-5,12,22,278,-5
126,89,12,17,283,-5,12,22,278,-5
126,90,12,15,285,-9,12,24,276,-9
126,91,12,15,285,-9,12,24,276,-9
126,92,12,19,281,-8,11,2,273,-8
126,93,12,19,281,-8,11,2,273,-8
126,94,12,19,281,-5,12,24,276,-5
126,95,12,19,281,-5,12,24,276,-5
127,0,15,23,352,0,15,23,352,0
127,1,15,23,352,0,15,23,352,0
127,2,15,23,352,0,15,23,352,0
127,3,15,23,352,0,15,23,352,0
127,4,15,23,352,0,15,23,352,0
127,5,15,23,352,0,15,23,352,0
127,6,15,23,352,0,15,23,352,0
127,7,15,23,352,0,15,23,352,0
127,8,15,23,352,0,15,23,352,0
127,9,15,23,352,0,15,23,352,0
127,10,15,23,352,0,15,23,352,0
127,11,15,23,352,0,15,23,352,0
127,12,12,19,281,-7,11,1,274,-7
127,13,12,19,281,-7,11,1,274,-7
127,14,12,18,282,-10,11,3,272,-10
127,15,12,18,282,-10,11,3,272,-10
127,16,12,17,283,-5,12,22,278,-5
127,17,12,17,283,-5,12,22,278,-5
127,18,12,18,282,0,12,18,282,0
127,19,12,18,282,0,12,18,282,0
127,20,12,19,281,-10,11,4,271,-10
127,21,12,19,281,-10,11,4,271,-10
127,22,13,13,312,0,13,13,312,0
127,23,13,13,312,0,13,13,312,0
127,24,12,18,282,7,12,11,289,7
127,25,12,18,282,7,12,11,289,7
127,26,12,18,282,10,12,8,292,10
127,27,12,18,282,10,12,8,292,10
127,28,12,18,282,6,12,12,288,6
127,29,12,18,282,6,12,12,288,6
127,30,12,18,282,-6,12,24,276,-6
127,31,12,18,282,-6,12,24,276,-6
127,32,12,20,280,-6,11,1,274,-6
127,33,12,20,280,-6,11,1,274,-6
127,34,13,14,311,0,13,14,311,0
127,35,13,14,311,0,13,14,311,0
127,36,12,18,282,3,12,15,285,3
127,37,12,18,282,3,12,15,285,3
127,38,12,6,294,0,12,6,294,0
127,39,12,6,294,0,12,6,294,0
127,40,12,19,281,-3,12,22,278,-3
127,41,12,19,281,-3,12,22,278,-3
127,42,12,20,280,-4,12,24,276,-4
127,43,12,20,280,-4,12,24,276,-4
127,44,12,19,281,-3,12,22,278,-3
127,45,12,19,281,-3,12,22,278,-3
127,46,12,19,281,-5,12,24,276,-5
127,47,12,19,281,-5,12,24,276,-5
127,48,12,17,283,1,12,16,284,1
127,49,12,17,283,1,12,16,284,1
127,50,12,7,293,0,12,7,293,0
127,51,12,7,293,0,12,7,293,0
127,52,12,19,281,0,12,19,281,0
127,53,12,19,281,0,12,19,281,0
127,54,12,19,281,-4,12,23,277,-4
127,55,12,19,281,-4,12,23,277,-4
127,56,12,19,281,-10,11,4,271,-10
127,57,12,19,281,-10,11,4,271,-10
127,58,12,20,280,10,12,10,290,10
127,59,12,20,280,10,12,10,290,10
127,60,12,17,283,9,12,8,292,9
127,61,12,17,283,9,12,8,292,9
127,62,12,16,284,-7,12,23,277,-7
127,63,12,16,284,-7,12,23,277,-7
127,64,12,19,281,-5,12,24,276,-5
127,65,12,19,281,-5,12,24,276,-5
127,66,12,18,282,-7,11,0,275,-7
127,67,12,18,282,-7,11,0,275,-7
127,68,12,21,279,2,12,19,281,2
127,69,12,21,279,2,12,19,281,2
127,70,13,14,311,0,13,14,311,0
127,71,13,14,311,0,13,14,311,0
127,72,12,18,282,-8,11,1,274,-8
127,73,12,18,282,-8,11,1,274,-8
127,74,12,18,282,3,12,15,285,3
127,75,12,18,282,3,12,15,285,3
127,76,12,19,281,10,12,9,291,10
127,77,12,19,281,10,12,9,291,10
127,78,12,20,280,-2,12,22,278,-2
127,79,12,19,281,-2,12,21,279,-2
127,80,12,20,280,-5,11,0,275,-5
127,81,12,19,281,-5,12,24,276,-5
127,82,12,20,280,0,12,20,280,0
127,83,12,20,280,0,12,20,280,0
127,84,12,17,283,8,12,9,291,8
127,85,12,17,283,8,12,9,291,8
127,86,12,17,283,9,12,8,292,9
127,87,12,17,283,9,12,8,292,9
127,88,12,18,282,-5,12,23,277,-5
127,89,12,18,282,-5,12,23,277,-5
127,90,12,8,292,0,12,8,292,0
127,91,12,8,292,0,12,8,292,0
127,92,12,20,280,5,12,15,285,5
127,93,12,20,280,5,12,15,285,5
127,94,12,19,281,1,12,18,282,1
127,95,12,19,281,1,12,18,282,1
128,0,15,23,352,0,15,23,352,0
128,1,15,23,352,0,15,23,352,0
128,2,15,23,352,0,15,23,352,0
128,3,15,23,352,0,15,23,352,0
128,4,15,23,352,0,15,23,352,0
128,5,15,23,352,0,15,23,352,0
128,6,15,23,352,0,15,23,352,0
128,7,15,23,352,0,15,23,352,0
128,8,15,23,352,0,15,23,352,0
128,9,15,23,352,0,15,23,352,0
128,10,15,23,352,0,15,23,352,0
128,11,15,23,352,0,15,23,352,0
128,12,12,16,284,-1,12,17,283,-1
128,13,12,16,284,-1,12,17,283,-1
128,14,12,15,285,1,12,14,286,1
128,15,12,15,285,1,12,14,286,1
128,16,12,17,283,2,12,15,285,2
128,17,12,17,283,2,12,15,285,2
128,18,12,15,285,9,12,6,294,9
128,19,12,15,285,9,12,6,294,9
128,20,12,18,282,9,12,9,291,9
128,21,12,18,282,9,12,9,291,9
128,22,12,17,283,-8,11,0,275,-8
128,23,12,17,283,-8,11,0,275,-8
128,24,12,16,284,-10,11,1,274,-10
128,25,12,16,284,-10,11,1,274,-10
128,26,12,14,286,-7,12,21,279,-7
128,27,12,14,286,-7,12,21,279,-7
128,28,12,15,285,0,12,15,285,0
128,29,12,15,285,0,12,15,285,0
128,30,12,16,284,-4,12,20,280,-4
128,31,12,16,284,-4,12,20,280,-4
128,32,12,17,283,-3,12,20,280,-3
128,33,12,17,283,-3,12,20,280,-3
128,34,12,16,284,5,12,11,289,5
128,35,12,16,284,5,12,11,289,5
128,36,12,19,281,-7,11,1,274,-7
128,37,12,18,282,-7,11,0,275,-7
128,38,12,19,281,-2,12,21,279,-2
128,39,12,18,282,-2,12,20,280,-2
128,40,12,16,284,4,12,12,288,4
128,41,12,17,283,4,12,13,287,4
128,42,12,15,285,0,12,15,285,0
128,43,12,15,285,0,12,15,285,0
128,44,12,19,281,1,12,18,282,1
128,45,12,19,281,1,12,18,282,1
128,46,12,18,282,5,12,13,287,5
128,47,12,17,283,5,12,12,288,5
128,48,12,16,284,-10,11,1,274,-10
128,49,12,16,284,-10,11,1,274,-10
128,50,12,16,284,9,12,7,293,9
128,51,12,16,284,9,12,7,293,9
128,52,12,17,283,8,12,9,291,8
128,53,12,17,283,8,12,9,291,8
128,54,12,16,284,6,12,10,290,6
128,55,12,16,284,6,12,10,290,6
128,56,12,18,282,3,12,15,285,3
128,57,12,18,282,3,12,15,285,3
128,58,12,17,283,-3,12,20,280,-3
128,59,12,17,283,-3,12,20,280,-3
128,60,12,17,283,4,12,13,287,4
128,61,12,17,283,4,12,13,287,4
128,62,12,15,285,8,12,7,293,8
128,63,12,15,285,8,12,7,293,8
128,64,12,17,283,3,12,14,286,3
128,65,12,17,283,3,12,14,286,3
128,66,12,16,284,-8,12,24,276,-8
128,67,12,16,284,-8,12,24,276,-8
128,68,12,19,281,2,12,17,283,2
128,69,12,19,281,2,12,17,283,2
128,70,12,17,283,3,12,14,286,3
128,71,12,17,283,3,12,14,286,3
128,72,12,16,284,-7,12,23,277,-7
128,73,12,16,284,-7,12,23,277,-7
128,74,12,15,285,0,12,15,285,0
128,75,12,15,285,0,12,15,285,0
128,76,12,16,284,0,12,16,284,0
128,77,12,16,284,0,12,16,284,0
128,78,12,18,282,5,12,13,287,5
128,79,12,18,282,5,12,13,287,5
128,80,12,16,284,9,12,7,293,9
128,81,12,16,284,9,12,7,293,9
128,82,12,17,283,-4,12,21,279,-4
128,83,12,17,283,-4,12,21,279,-4
128,84,13,3,322,0,13,3,322,0
128,85,13,3,322,0,13,3,322,0
128,86,13,3,322,0,13,3,322,0
128,87,13,3,322,0,13,3,322,0
128,88,13,3,322,0,13,3,322,0
128,89,13,3,322,0,13,3,322,0
128,90,12,16,284,-7,12,23,277,-7
128,91,12,16,284,-7,12,23,277,-7
128,92,12,17,283,-5,12,22,278,-5
128,93,12,17,283,-5,12,22,278,-5
128,94,12,15,285,-5,12,20,280,-5
128,95,12,15,285,-5,12,20,280,-5
129,0,15,23,352,0,15,23,352,0
129,1,15,23,352,0,15,23,352,0
129,2,15,23,352,0,15,23,352,0
129,3,15,23,352,0,15,23,352,0
129,4,15,23,352,0,15,23,352,0
129,5,15,23,352,0,15,23,352,0
129,6,15,23,352,0,15,23,352,0
129,7,15,23,352,0,15,23,352,0
129,8,15,23,352,0,15,23,352,0
129,9,15,23,352,0,15,23,352,0
129,10,15,23,352,0,15,23,352,0
129,11,15,23,352,0,15,23,352,0
129,12,12,16,284,-2,12,18,282,-2
129,13,12,16,284,-2,12,18,282,-2
129,14,12,16,284,8,12,8,292,8
129,15,12,16,284,8,12,8,292,8
129,16,12,16,284,10,12,6,294,10
129,17,12,16,284,10,12,6,294,10
129,18,12,14,286,-8,12,22,278,-8
129,19,12,14,286,-8,12,22,278,-8
129,20,12,17,283,-10,11,2,273,-10
129,21,12,17,283,-10,11,2,273,-10
129,22,12,17,283,2,12,15,285,2
129,23,12,17,283,2,12,15,285,2
129,24,12,17,283,-4,12,21,279,-4
129,25,12,17,283,-4,12,21,279,-4
129,26,12,15,285,-7,12,22,278,-7
129,27,12,15,285,-7,12,22,278,-7
129,28,12,16,284,-4,12,20,280,-4
129,29,12,16,284,-4,12,20,280,-4
129,30,12,5,295,0,12,5,295,0
129,31,12,5,295,0,12,5,295,0
129,32,12,5,295,0,12,5,295,0
129,33,12,5,295,0,12,5,295,0
129,34,12,4,296,0,12,4,296,0
129,35,12,4,296,0,12,4,296,0
129,36,12,14,286,9,12,5,295,9
129,37,12,14,286,9,12,5,295,9
129,38,12,14,286,-8,12,22,278,-8
129,39,12,14,286,-8,12,22,278,-8
129,40,12,17,283,-3,12,20,280,-3
129,41,12,17,283,-3,12,20,280,-3
129,42,12,14,286,7,12,7,293,7
129,43,12,14,286,7,12,7,293,7
129,44,12,17,283,2,12,15,285,2
129,45,12,17,283,2,12,15,285,2
129,46,12,17,283,-1,12,18,282,-1
129,47,12,17,283,-1,12,18,282,-1
129,48,12,16,284,-10,11,1,274,-10
129,49,12,15,285,-10,11,0,275,-10
129,50,12,15,285,-4,12,19,281,-4
129,51,12,14,286,-4,12,18,282,-4
129,52,12,18,282,4,12,14,286,4
129,53,12,18,282,4,12,14,286,4
129,54,12,15,285,-9,12,24,276,-9
129,55,12,16,284,-9,11,0,275,-9
129,56,12,19,281,-6,11,0,275,-6
129,57,12,19,281,-6,11,0,275,-6
129,58,12,16,284,-7,12,23,277,-7
129,59,12,16,284,-7,12,23,277,-7
129,60,12,16,284,-1,12,17,283,-1
129,61,12,16,284,-1,12,17,283,-1
129,62,12,15,285,-9,12,24,276,-9
129,63,12,15,285,-9,12,24,276,-9
129,64,12,15,285,3,12,12,288,3
129,65,12,15,285,3,12,12,288,3
129,66,12,14,286,9,12,5,295,9
129,67,12,14,286,9,12,5,295,9
129,68,12,18,282,-6,12,24,276,-6
129,69,12,18,282,-6,12,24,276,-6
129,70,12,16,284,2,12,14,286,2
129,71,12,16,284,2,12,14,286,2
129,72,12,16,284,-9,11,0,275,-9
129,73,12,16,284,-9,11,0,275,-9
129,74,12,15,285,4,12,11,289,4
129,75,12,15,285,4,12,11,289,4
129,76,12,16,284,-7,12,23,277,-7
129,77,12,16,284,-7,12,23,277,-7
129,78,12,15,285,10,12,5,295,10
129,79,12,15,285,10,12,5,295,10
129,80,12,19,281,-8,11,2,273,-8
129,81,12,19,281,-8,11,2,273,-8
129,82,12,19,281,-2,12,21,279,-2
129,83,12,19,281,-2,12,21,279,-2
129,84,12,16,284,5,12,11,289,5
129,85,12,16,284,5,12,11,289,5
129,86,12,16,284,-3,12,19,281,-3
129,87,12,16,284,-3,12,19,281,-3
129,88,12,18,282,-1,12,19,281,-1
129,89,12,18,282,-1,12,19,281,-1
129,90,12,16,284,-3,12,19,281,-3
129,91,12,16,284,-3,12,19,281,-3
129,92,12,18,282,5,12,13,287,5
129,93,12,18,282,5,12,13,287,5
129,94,12,15,285,3,12,12,288,3
129,95,12,15,285,3,12,12,288,3
130,0,14,22,328,0,14,22,328,0
130,1,14,22,328,0,14,22,328,0
130,2,14,22,328,0,14,22,328,0
130,3,14,22,328,0,14,22,328,0
130,4,14,22,328,0,14,22,328,0
130,5,14,22,328,0,14,22,328,0
130,6,14,22,328,0,14,22,328,0
130,7,14,22,328,0,14,22,328,0
130,8,14,22,328,0,14,22,328,0
130,9,14,22,328,0,14,22,328,0
130,10,14,22,328,0,14,22,328,0
130,11,14,22,328,0,14,22,328,0
130,12,12,3,297,0,12,3,297,0
130,13,12,3,297,0,12,3,297,0
130,14,12,3,297,0,12,3,297,0
130,15,12,3,297,0,12,3,297,0
130,16,12,3,297,0,12,3,297,0
130,17,12,3,297,0,12,3,297,0
130,18,11,18,257,1,11,17,258,1
130,19,11,18,257,1,11,17,258,1
130,20,11,20,255,4,11,16,259,4
130,21,11,20,255,4,11,16,259,4
130,22,11,18,257,-9,10,2,248,-9
130,23,11,18,257,-9,10,2,248,-9
130,24,11,19,256,2,11,17,258,2
130,25,11,19,256,2,11,17,258,2
130,26,11,18,257,-9,10,2,248,-9
130,27,11,18,257,-9,10,2,248,-9
130,28,11,20,255,-7,10,2,248,-7
130,29,11,20,255,-7,10,2,248,-7
130,30,11,18,257,-9,10,2,248,-9
130,31,11,18,257,-9,10,2,248,-9
130,32,11,21,254,0,11,21,254,0
130,33,11,21,254,0,11,21,254,0
130,34,11,19,256,8,11,11,264,8
130,35,11,19,256,8,11,11,264,8
130,36,11,17,258,-6,11,23,252,-6
130,37,11,17,258,-6,11,23,252,-6
130,38,11,18,257,10,11,8,267,10
130,39,11,18,257,10,11,8,267,10
130,40,11,18,257,-4,11,22,253,-4
130,41,11,18,257,-4,11,22,253,-4
130,42,11,18,257,-4,11,22,253,-4
130,43,11,18,257,-4,11,22,253,-4
130,44,11,19,256,-7,10,1,249,-7
130,45,11,19,256,-7,10,1,249,-7
130,46,11,18,257,-5,11,23,252,-5
130,47,11,18,257,-5,11,23,252,-5
130,48,11,18,257,10,11,8,267,10
130,49,11,18,257,10,11,8,267,10
130,50,11,18,257,-5,11,23,252,-5
130,51,11,18,257,-5,11,23,252,-5
130,52,11,19,256,0,11,19,256,0
130,53,11,19,256,0,11,19,256,0
130,54,11,16,259,4,11,12,263,4
130,55,11,16,259,4,11,12,263,4
130,56,11,19,256,6,11,13,262,6
130,57,11,19,256,6,11,13,262,6
130,58,11,18,257,-4,11,22,253,-4
130,59,11,18,257,-4,11,22,253,-4
130,60,11,19,256,-9,10,3,247,-9
130,61,11,19,256,-9,10,3,247,-9
130,62,11,17,258,8,11,9,266,8
130,63,11,17,258,8,11,9,266,8
130,64,11,18,257,-10,10,3,247,-10
130,65,11,18,257,-10,10,3,247,-10
130,66,11,16,259,1,11,15,260,1
130,67,11,16,259,1,11,15,260,1
130,68,11,19,256,-6,10,0,250,-6
130,69,11,19,256,-6,10,0,250,-6
130,70,11,16,259,0,11,16,259,0
130,71,11,16,259,0,11,16,259,0
130,72,11,18,257,1,11,17,258,1
130,73,11,18,257,1,11,17,258,1
130,74,11,17,258,-7,11,24,251,-7
130,75,11,17,258,-7,11,24,251,-7
130,76,11,20,255,10,11,10,265,10
130,77,11,20,255,10,11,10,265,10
130,78,11,16,259,1,11,15,260,1
130,79,11,16,259,1,11,15,260,1
130,80,11,19,256,3,11,16,259,3
130,81,11,19,256,3,11,16,259,3
130,82,11,18,257,-6,11,24,251,-6
130,83,11,18,257,-6,11,24,251,-6
130,84,11,18,257,7,11,11,264,7
130,85,11,18,257,7,11,11,264,7
130,86,11,17,258,-6,11,23,252,-6
130,87,11,17,258,-6,11,23,252,-6
130,88,11,18,257,-9,10,2,248,-9
130,89,11,18,257,-9,10,2,248,-9
130,90,11,17,258,6,11,11,264,6
130,91,11,17,258,6,11,11,264,6
130,92,11,20,255,4,11,16,259,4
130,93,11,20,255,4,11,16,259,4
130,94,11,19,256,-1,11,20,255,-1
130,95,11,19,256,-1,11,20,255,-1
131,0,14,23,327,0,14,23,327,0
131,1,14,23,327,0,14,23,327,0
131,2,14,23,327,0,14,23,327,0
131,3,14,23,327,0,14,23,327,0
131,4,14,23,327,0,14,23,327,0
131,5,14,23,327,0,14,23,327,0
131,6,14,23,327,0,14,23,327,0
131,7,14,23,327,0,14,23,327,0
131,8,14,23,327,0,14,23,327,0
131,9,14,23,327,0,14,23,327,0
131,10,14,23,327,0,14,23,327,0
131,11,14,23,327,0,14,23,327,0
131,12,11,15,260,-1,11,16,259,-1
131,13,11,15,260,-1,11,16,259,-1
131,14,11,15,260,0,11,15,260,0
131,15,11,15,260,0,11,15,260,0
131,16,11,15,260,-3,11,18,257,-3
131,17,11,16,259,-3,11,19,256,-3
131,18,11,13,262,-7,11,20,255,-7
131,19,11,14,261,-7,11,21,254,-7
131,20,11,18,257,4,11,14,261,4
131,21,11,18,257,4,11,14,261,4
131,22,11,15,260,-5,11,20,255,-5
131,23,11,15,260,-5,11,20,255,-5
131,24,11,16,259,-4,11,20,255,-4
131,25,11,16,259,-4,11,20,255,-4
131,26,11,15,260,7,11,8,267,7
131,27,11,15,260,7,11,8,267,7
131,28,11,15,260,-2,11,17,258,-2
131,29,11,15,260,-2,11,17,258,-2
131,30,11,5,270,0,11,5,270,0
131,31,11,5,270,0,11,5,270,0
131,32,11,18,257,7,11,11,264,7
131,33,11,18,257,7,11,11,264,7
131,34,11,16,259,9,11,7,268,9
131,35,11,16,259,9,11,7,268,9
131,36,11,17,258,0,11,17,258,0
131,37,11,17,258,0,11,17,258,0
131,38,11,16,259,-4,11,20,255,-4
131,39,11,16,259,-4,11,20,255,-4
131,40,11,18,257,4,11,14,261,4
131,41,11,18,257,4,11,14,261,4
131,42,11,5,270,0,11,5,270,0
131,43,11,5,270,0,11,5,270,0
131,44,11,17,258,-1,11,18,257,-1
131,45,11,17,258,-1,11,18,257,-1
131,46,11,17,258,-10,10,2,248,-10
131,47,11,17,258,-10,10,2,248,-10
131,48,11,4,271,0,11,4,271,0
131,49,11,4,271,0,11,4,271,0
131,50,11,5,270,0,11,5,270,0
131,51,11,5,270,0,11,5,270,0
131,52,11,5,270,0,11,5,270,0
131,53,11,5,270,0,11,5,270,0
131,54,11,14,261,-2,11,16,259,-2
131,55,11,14,261,-2,11,16,259,-2
131,56,11,18,257,-4,11,22,253,-4
131,57,11,18,257,-4,11,22,253,-4
131,58,11,18,257,-1,11,19,256,-1
131,59,11,18,257,-1,11,19,256,-1
131,60,11,18,257,7,11,11,264,7
131,61,11,18,257,7,11,11,264,7
131,62,11,14,261,4,11,10,265,4
131,63,11,14,261,4,11,10,265,4
131,64,11,5,270,0,11,5,270,0
131,65,11,5,270,0,11,5,270,0
131,66,11,15,260,-5,11,20,255,-5
131,67,11,15,260,-5,11,20,255,-5
131,68,11,4,271,0,11,4,271,0
131,69,11,4,271,0,11,4,271,0
131,70,11,16,259,-5,11,21,254,-5
131,71,11,16,259,-5,11,21,254,-5
131,72,11,16,259,10,11,6,269,10
131,73,11,16,259,10,11,6,269,10
131,74,11,15,260,5,11,10,265,5
131,75,11,16,259,5,11,11,264,5
131,76,11,15,260,-5,11,20,255,-5
131,77,11,16,259,-5,11,21,254,-5
131,78,11,16,259,-10,10,1,249,-10
131,79,11,16,259,-10,10,1,249,-10
131,80,11,18,257,-10,10,3,247,-10
131,81,11,17,258,-10,10,2,248,-10
131,82,11,17,258,6,11,11,264,6
131,83,11,16,259,6,11,10,265,6
131,84,11,17,258,-4,11,21,254,-4
131,85,11,17,258,-4,11,21,254,-4
131,86,11,6,269,0,11,6,269,0
131,87,11,6,269,0,11,6,269,0
131,88,11,6,269,0,11,6,269,0
131,89,11,6,269,0,11,6,269,0
131,90,11,17,258,-8,10,0,250,-8
131,91,11,17,258,-8,10,0,250,-8
131,92,11,5,270,0,11,5,270,0
131,93,11,5,270,0,11,5,270,0
131,94,11,17,258,7,11,10,265,7
131,95,11,17,258,7,11,10,265,7
132,0,15,23,352,0,15,23,352,0
132,1,15,23,352,0,15,23,352,0
132,2,15,23,352,0,15,23,352,0
132,3,15,23,352,0,15,23,352,0
132,4,15,23,352,0,15,23,352,0
132,5,15,23,352,0,15,23,352,0
132,6,15,23,352,0,15,23,352,0
132,7,15,23,352,0,15,23,352,0
132,8,15,23,352,0,15,23,352,0
132,9,15,23,352,0,15,23,352,0
132,10,15,23,352,0,15,23,352,0
132,11,15,23,352,0,15,23,352,0
132,12,12,17,283,-1,12,18,282,-1
132,13,12,17,283,-1,12,18,282,-1
132,14,12,5,295,0,12,5,295,0
132,15,12,5,295,0,12,5,295,0
132,16,12,5,295,0,12,5,295,0
132,17,12,5,295,0,12,5,295,0
132,18,12,15,285,3,12,12,288,3
132,19,12,15,285,3,12,12,288,3
132,20,12,16,284,-5,12,21,279,-5
132,21,12,16,284,-5,12,21,279,-5
132,22,12,4,296,0,12,4,296,0
132,23,12,4,296,0,12,4,296,0
132,24,12,5,295,0,12,5,295,0
132,25,12,5,295,0,12,5,295,0
132,26,12,15,285,9,12,6,294,9
132,27,12,15,285,9,12,6,294,9
132,28,12,4,296,0,12,4,296,0
132,29,12,5,295,0,12,5,295,0
132,30,12,4,296,0,12,4,296,0
132,31,12,4,296,0,12,4,296,0
132,32,12,16,284,4,12,12,288,4
132,33,12,16,284,4,12,12,288,4
132,34,12,16,284,10,12,6,294,10
132,35,12,16,284,10,12,6,294,10
132,36,12,6,294,0,12,6,294,0
132,37,12,5,295,0,12,5,295,0
132,38,12,16,284,-4,12,20,280,-4
132,39,12,16,284,-4,12,20,280,-4
132,40,12,5,295,0,12,5,295,0
132,41,12,6,294,0,12,6,294,0
132,42,12,17,283,-3,12,20,280,-3
132,43,12,17,283,-3,12,20,280,-3
132,44,12,6,294,0,12,6,294,0
132,45,12,5,295,0,12,5,295,0
132,46,12,17,283,8,12,9,291,8
132,47,12,16,284,8,12,8,292,8
132,48,12,6,294,0,12,6,294,0
132,49,12,6,294,0,12,6,294,0
132,50,12,6,294,0,12,6,294,0
132,51,12,6,294,0,12,6,294,0
132,52,12,16,284,-2,12,18,282,-2
132,53,12,16,284,-2,12,18,282,-2
132,54,12,6,294,0,12,6,294,0
132,55,12,6,294,0,12,6,294,0
132,56,12,20,280,10,12,10,290,10
132,57,12,20,280,10,12,10,290,10
132,58,12,17,283,8,12,9,291,8
132,59,12,17,283,8,12,9,291,8
132,60,13,3,322,0,13,3,322,0
132,61,13,3,322,0,13,3,322,0
132,62,13,3,322,0,13,3,322,0
132,63,13,3,322,0,13,3,322,0
132,64,13,3,322,0,13,3,322,0
132,65,13,3,322,0,13,3,322,0
132,66,12,18,282,4,12,14,286,4
132,67,12,18,282,4,12,14,286,4
132,68,12,20,280,0,12,20,280,0
132,69,12,20,280,0,12,20,280,0
132,70,12,17,283,2,12,15,285,2
132,71,12,17,283,2,12,15,285,2
132,72,12,6,294,0,12,6,294,0
132,73,12,6,294,0,12,6,294,0
132,74,12,5,295,0,12,5,295,0
132,75,12,5,295,0,12,5,295,0
132,76,12,17,283,8,12,9,291,8
132,77,12,17,283,8,12,9,291,8
132,78,12,15,285,9,12,6,294,9
132,79,12,15,285,9,12,6,294,9
132,80,12,5,295,0,12,5,295,0
132,81,12,5,295,0,12,5,295,0
132,82,12,17,283,-4,12,21,279,-4
132,83,12,17,283,-4,12,21,279,-4
132,84,12,17,283,6,12,11,289,6
132,85,12,17,283,6,12,11,289,6
132,86,12,17,283,2,12,15,285,2
132,87,12,17,283,2,12,15,285,2
132,88,12,16,284,2,12,14,286,2
132,89,12,16,284,2,12,14,286,2
132,90,12,15,285,-8,12,23,277,-8
132,91,12,15,285,-8,12,23,277,-8
132,92,12,16,284,-8,12,24,276,-8
132,93,12,16,284,-8,12,24,276,-8
132,94,12,15,285,10,12,5,295,10
132,95,12,15,285,10,12,5,295,10
133,0,15,23,352,0,15,23,352,0
133,1,15,23,352,0,15,23,352,0
133,2,15,23,352,0,15,23,352,0
133,3,15,23,352,0,15,23,352,0
133,4,15,23,352,0,15,23,352,0
133,5,15,23,352,0,15,23,352,0
133,6,15,23,352,0,15,23,352,0
133,7,15,23,352,0,15,23,352,0
133,8,15,23,352,0,15,23,352,0
133,9,15,23,352,0,15,23,352,0
133,10,15,23,352,0,15,23,352,0
133,11,15,23,352,0,15,23,352,0
133,12,12,17,283,-8,11,0,275,-8
133,13,12,17,283,-8,11,0,275,-8
133,14,12,16,284,7,12,9,291,7
133,15,12,16,284,7,12,9,291,7
133,16,12,16,284,7,12,9,291,7
133,17,12,16,284,7,12,9,291,7
133,18,12,4,296,0,12,4,296,0
133,19,12,4,296,0,12,4,296,0
133,20,12,16,284,4,12,12,288,4
133,21,12,16,284,4,12,12,288,4
133,22,12,17,283,-2,12,19,281,-2
133,23,12,17,283,-2,12,19,281,-2
133,24,12,5,295,0,12,5,295,0
133,25,12,5,295,0,12,5,295,0
133,26,12,4,296,0,12,4,296,0
133,27,12,4,296,0,12,4,296,0
133,28,12,4,296,0,12,4,296,0
133,29,12,4,296,0,12,4,296,0
133,30,12,16,284,-8,12,24,276,-8
133,31,12,16,284,-8,12,24,276,-8
133,32,12,19,281,10,12,9,291,10
133,33,12,19,281,10,12,9,291,10
133,34,12,16,284,-8,12,24,276,-8
133,35,12,16,284,-8,12,24,276,-8
133,36,12,17,283,-3,12,20,280,-3
133,37,12,17,283,-3,12,20,280,-3
133,38,12,4,296,0,12,4,296,0
133,39,12,4,296,0,12,4,296,0
133,40,12,16,284,-3,12,19,281,-3
133,41,12,16,284,-3,12,19,281,-3
133,42,12,16,284,-10,11,1,274,-10
133,43,12,16,284,-10,11,1,274,-10
133,44,12,16,284,-8,12,24,276,-8
133,45,12,16,284,-8,12,24,276,-8
133,46,12,15,285,4,12,11,289,4
133,47,12,15,285,4,12,11,289,4
133,48,12,5,295,0,12,5,295,0
133,49,12,5,295,0,12,5,295,0
133,50,12,6,294,0,12,6,294,0
133,51,12,6,294,0,12,6,294,0
133,52,12,6,294,0,12,6,294,0
133,53,12,6,294,0,12,6,294,0
133,54,12,6,294,0,12,6,294,0
133,55,12,6,294,0,12,6,294,0
133,56,12,19,281,-6,11,0,275,-6
133,57,12,19,281,-6,11,0,275,-6
133,58,12,6,294,0,12,6,294,0
133,59,12,5,295,0,12,5,295,0
133,60,12,6,294,0,12,6,294,0
133,61,12,6,294,0,12,6,294,0
133,62,12,17,283,10,12,7,293,10
133,63,12,17,283,10,12,7,293,10
133,64,12,6,294,0,12,6,294,0
133,65,12,6,294,0,12,6,294,0
133,66,12,17,283,5,12,12,288,5
133,67,12,17,283,5,12,12,288,5
133,68,12,5,295,0,12,5,295,0
133,69,12,5,295,0,12,5,295,0
133,70,12,17,283,5,12,12,288,5
133,71,12,17,283,5,12,12,288,5
133,72,12,17,283,3,12,14,286,3
133,73,12,17,283,3,12,14,286,3
133,74,12,16,284,-4,12,20,280,-4
133,75,12,16,284,-4,12,20,280,-4
133,76,12,17,283,4,12,13,287,4
133,77,12,17,283,4,12,13,287,4
133,78,12,6,294,0,12,6,294,0
133,79,12,6,294,0,12,6,294,0
133,80,12,19,281,3,12,16,284,3
133,81,12,19,281,3,12,16,284,3
133,82,12,6,294,0,12,6,294,0
133,83,12,6,294,0,12,6,294,0
133,84,12,18,282,-6,12,24,276,-6
133,85,12,18,282,-6,12,24,276,-6
133,86,12,15,285,6,12,9,291,6
133,87,12,15,285,6,12,9,291,6
133,88,12,17,283,9,12,8,292,9
133,89,12,17,283,9,12,8,292,9
133,90,12,6,294,0,12,6,294,0
133,91,12,6,294,0,12,6,294,0
133,92,12,6,294,0,12,6,294,0
133,93,12,6,294,0,12,6,294,0
133,94,12,6,294,0,12,6,294,0
133,95,12,6,294,0,12,6,294,0
134,0,12,15,285,5,12,10,290,5
134,1,12,15,285,5,12,10,290,5
134,2,12,15,285,5,12,10,290,5
134,3,12,17,283,9,12,8,292,9
134,4,12,17,283,9,12,8,292,9
134,5,12,17,283,9,12,8,292,9
134,6,12,15,285,-2,12,17,283,-2
134,7,12,15,285,-2,12,17,283,-2
134,8,12,15,285,-2,12,17,283,-2
134,9,12,15,285,5,12,10,290,5
134,10,12,15,285,5,12,10,290,5
134,11,12,15,285,5,12,10,290,5
134,12,15,23,352,0,15,23,352,0
134,13,15,23,352,0,15,23,352,0
134,14,15,23,352,0,15,23,352,0
134,15,15,23,352,0,15,23,352,0
134,16,15,23,352,0,15,23,352,0
134,17,15,23,352,0,15,23,352,0
134,18,15,23,352,0,15,23,352,0
134,19,15,23,352,0,15,23,352,0
134,20,15,23,352,0,15,23,352,0
134,21,15,23,352,0,15,23,352,0
134,22,15,23,352,0,15,23,352,0
134,23,15,23,352,0,15,23,352,0
134,24,15,23,352,0,15,23,352,0
134,25,15,23,352,0,15,23,352,0
134,26,15,23,352,0,15,23,352,0
134,27,15,23,352,0,15,23,352,0
134,28,15,23,352,0,15,23,352,0
134,29,15,23,352,0,15,23,352,0
134,30,15,23,352,0,15,23,352,0
134,31,15,23,352,0,15,23,352,0
134,32,15,23,352,0,15,23,352,0
134,33,15,23,352,0,15,23,352,0
134,34,15,23,352,0,15,23,352,0
134,35,15,23,352,0,15,23,352,0
134,36,12,18,282,-10,11,3,272,-10
134,37,12,18,282,-10,11,3,272,-10
134,38,12,18,282,-10,11,3,272,-10
134,39,12,17,283,-4,12,21,279,-4
134,40,12,17,283,-4,12,21,279,-4
134,41,12,17,283,-4,12,21,279,-4
134,42,12,20,280,7,12,13,287,7
134,43,12,20,280,7,12,13,287,7
134,44,12,20,280,7,12,13,287,7
134,45,12,20,280,-10,11,5,270,-10
134,46,12,20,280,-10,11,5,270,-10
134,47,12,20,280,-10,11,5,270,-10
134,48,12,19,281,6,12,13,287,6
134,49,12,19,281,6,12,13,287,6
134,50,12,19,281,6,12,13,287,6
134,51,12,18,282,-3,12,21,279,-3
134,52,12,18,282,-3,12,21,279,-3
134,53,12,18,282,-3,12,21,279,-3
134,54,12,17,283,-9,11,1,274,-9
134,55,12,17,283,-9,11,1,274,-9
134,56,12,17,283,-9,11,1,274,-9
134,57,12,20,280,3,12,17,283,3
134,58,12,20,280,3,12,17,283,3
134,59,12,20,280,3,12,17,283,3
134,60,12,19,281,-5,12,24,276,-5
134,61,12,19,281,-5,12,24,276,-5
134,62,12,19,281,-5,12,24,276,-5
134,63,12,17,283,3,12,14,286,3
134,64,12,17,283,3,12,14,286,3
134,65,12,17,283,3,12,14,286,3
134,66,12,21,279,7,12,14,286,7
134,67,12,21,279,7,12,14,286,7
134,68,12,21,279,7,12,14,286,7
134,69,12,17,283,5,12,12,288,5
134,70,12,17,283,5,12,12,288,5
134,71,12,17,283,5,12,12,288,5
134,72,12,19,281,2,12,17,283,2
134,73,12,19,281,2,12,17,283,2
134,74,12,19,281,2,12,17,283,2
134,75,12,18,282,-2,12,20,280,-2
134,76,12,18,282,-2,12,20,280,-2
134,77,12,18,282,-2,12,20,280,-2
134,78,12,20,280,9,12,11,289,9
134,79,12,20,280,9,12,11,289,9
134,80,12,21,279,9,12,12,288,9
134,81,12,16,284,3,12,13,287,3
134,82,12,16,284,3,12,13,287,3
134,83,12,17,283,3,12,14,286,3
134,84,12,16,284,-9,11,0,275,-9
134,85,12,16,284,-9,11,0,275,-9
134,86,12,16,284,-9,11,0,275,-9
134,87,12,16,284,7,12,9,291,7
134,88,12,17,283,7,12,10,290,7
134,89,12,17,283,7,12,10,290,7
134,90,12,18,282,-9,11,2,273,-9
134,91,12,18,282,-9,11,2,273,-9
134,92,12,18,282,-9,11,2,273,-9
134,93,12,19,281,6,12,13,287,6
134,94,12,19,281,6,12,13,287,6
134,95,12,19,281,6,12,13,287,6
135,0,15,23,352,0,15,23,352,0
135,1,15,23,352,0,15,23,352,0
135,2,15,23,352,0,15,23,352,0
135,3,15,23,352,0,15,23,352,0
135,4,15,23,352,0,15,23,352,0
135,5,15,23,352,0,15,23,352,0
135,6,15,23,352,0,15,23,352,0
135,7,15,23,352,0,15,23,352,0
135,8,15,23,352,0,15,23,352,0
135,9,15,23,352,0,15,23,352,0
135,10,15,23,352,0,15,23,352,0
135,11,15,23,352,0,15,23,352,0
135,12,12,13,287,-9,12,22,278,-9
135,13,12,13,287,-9,12,22,278,-9
135,14,12,13,287,-9,12,22,278,-9
135,15,12,11,289,0,12,11,289,0
135,16,12,11,289,0,12,11,289,0
135,17,12,11,289,0,12,11,289,0
135,18,12,11,289,0,12,11,289,0
135,19,12,11,289,0,12,11,289,0
135,20,12,11,289,0,12,11,289,0
135,21,12,15,285,1,12,14,286,1
135,22,12,15,285,1,12,14,286,1
135,23,12,15,285,1,12,14,286,1
135,24,12,11,289,0,12,11,289,0
135,25,12,11,289,0,12,11,289,0
135,26,12,11,289,0,12,11,289,0
135,27,12,17,283,-6,12,23,277,-6
135,28,12,17,283,-6,12,23,277,-6
135,29,12,17,283,-6,12,23,277,-6
135,30,12,11,289,0,12,11,289,0
135,31,12,11,289,0,12,11,289,0
135,32,12,11,289,0,12,11,289,0
135,33,12,15,285,-10,11,0,275,-10
135,34,12,15,285,-10,11,0,275,-10
135,35,12,15,285,-10,11,0,275,-10
135,36,12,11,289,0,12,11,289,0
135,37,12,11,289,0,12,11,289,0
135,38,12,11,289,0,12,11,289,0
135,39,12,14,286,-9,12,23,277,-9
135,40,12,14,286,-9,12,23,277,-9
135,41,12,14,286,-9,12,23,277,-9
135,42,12,15,285,4,12,11,289,4
135,43,12,15,285,4,12,11,289,4
135,44,12,15,285,4,12,11,289,4
135,45,12,11,289,0,12,11,289,0
135,46,12,11,289,0,12,11,289,0
135,47,12,11,289,0,12,11,289,0
135,48,12,21,279,0,12,21,279,0
135,49,12,21,279,0,12,21,279,0
135,50,12,21,279,0,12,21,279,0
135,51,12,16,284,-8,12,24,276,-8
135,52,12,16,284,-8,12,24,276,-8
135,53,12,16,284,-8,12,24,276,-8
135,54,12,11,289,0,12,11,289,0
135,55,12,11,289,0,12,11,289,0
135,56,12,11,289,0,12,11,289,0
135,57,12,11,289,0,12,11,289,0
135,58,12,11,289,0,12,11,289,0
135,59,12,11,289,0,12,11,289,0
135,60,12,16,284,6,12,10,290,6
135,61,12,16,284,6,12,10,290,6
135,62,12,16,284,6,12,10,290,6
135,63,12,17,283,7,12,10,290,7
135,64,12,17,283,7,12,10,290,7
135,65,12,17,283,7,12,10,290,7
135,66,12,17,283,10,12,7,293,10
135,67,12,17,283,10,12,7,293,10
135,68,12,17,283,10,12,7,293,10
135,69,12,11,289,0,12,11,289,0
135,70,12,11,289,0,12,11,289,0
135,71,12,11,289,0,12,11,289,0
135,72,13,5,320,0,13,5,320,0
135,73,13,5,320,0,13,5,320,0
135,74,13,5,320,0,13,5,320,0
135,75,13,5,320,0,13,5,320,0
135,76,13,5,320,0,13,5,320,0
135,77,13,5,320,0,13,5,320,0
135,78,13,5,320,0,13,5,320,0
135,79,13,5,320,0,13,5,320,0
135,80,13,5,320,0,13,5,320,0
135,81,13,5,320,0,13,5,320,0
135,82,13,5,320,0,13,5,320,0
135,83,13,4,321,0,13,4,321,0
135,84,12,15,285,2,12,13,287,2
135,85,12,15,285,2,12,13,287,2
135,86,12,15,285,2,12,13,287,2
135,87,12,17,283,-8,11,0,275,-8
135,88,12,17,283,-8,11,0,275,-8
135,89,12,17,283,-8,11,0,275,-8
135,90,12,16,284,-5,12,21,279,-5
135,91,12,16,284,-5,12,21,279,-5
135,92,12,16,284,-5,12,21,279,-5
135,93,12,17,283,7,12,10,290,7
135,94,12,17,283,7,12,10,290,7
135,95,12,17,283,7,12,10,290,7
136,0,11,17,258,-5,11,22,253,-5
136,1,11,17,258,-5,11,22,253,-5
136,2,11,17,258,-5,11,22,253,-5
136,3,11,16,259,-5,11,21,254,-5
136,4,11,16,259,-5,11,21,254,-5
136,5,11,16,259,-5,11,21,254,-5
136,6,11,18,257,9,11,9,266,9
136,7,11,18,257,9,11,9,266,9
136,8,11,18,257,9,11,9,266,9
136,9,11,18,257,0,11,18,257,0
136,10,11,19,256,0,11,19,256,0
136,11,11,18,257,0,11,18,257,0
136,12,14,23,327,0,14,23,327,0
136,13,14,23,327,0,14,23,327,0
136,14,14,23,327,0,14,23,327,0
136,15,14,23,327,0,14,23,327,0
136,16,14,23,327,0,14,23,327,0
136,17,14,23,327,0,14,23,327,0
136,18,14,23,327,0,14,23,327,0
136,19,14,23,327,0,14,23,327,0
136,20,14,23,327,0,14,23,327,0
136,21,14,23,327,0,14,23,327,0
136,22,14,23,327,0,14,23,327,0
136,23,14,23,327,0,14,23,327,0
136,24,11,15,260,3,11,12,263,3
136,25,11,15,260,3,11,12,263,3
136,26,11,15,260,3,11,12,263,3
136,27,11,15,260,-7,11,22,253,-7
136,28,11,15,260,-7,11,22,253,-7
136,29,11,15,260,-7,11,22,253,-7
136,30,11,19,256,10,11,9,266,10
136,31,11,19,256,10,11,9,266,10
136,32,11,19,256,10,11,9,266,10
136,33,11,17,258,0,11,17,258,0
136,34,11,17,258,0,11,17,258,0
136,35,11,17,258,0,11,17,258,0
136,36,11,14,261,7,11,7,268,7
136,37,11,14,261,7,11,7,268,7
136,38,11,14,261,7,11,7,268,7
136,39,11,15,260,-10,10,0,250,-10
136,40,11,15,260,-10,10,0,250,-10
136,41,11,15,260,-10,10,0,250,-10
136,42,11,16,259,-9,10,0,250,-9
136,43,11,16,259,-9,10,0,250,-9
136,44,11,16,259,-9,10,0,250,-9
136,45,11,19,256,6,11,13,262,6
136,46,11,19,256,6,11,13,262,6
136,47,11,19,256,6,11,13,262,6
136,48,11,19,256,-5,11,24,251,-5
136,49,11,18,257,-5,11,23,252,-5
136,50,11,18,257,-5,11,23,252,-5
136,51,11,16,259,-6,11,22,253,-6
136,52,11,16,259,-6,11,22,253,-6
136,53,11,16,259,-6,11,22,253,-6
136,54,11,16,259,-3,11,19,256,-3
136,55,11,17,258,-3,11,20,255,-3
136,56,11,16,259,-3,11,19,256,-3
136,57,11,19,256,-4,11,23,252,-4
136,58,11,19,256,-4,11,23,252,-4
136,59,11,20,255,-4,11,24,251,-4
136,60,11,17,258,-1,11,18,257,-1
136,61,11,17,258,-1,11,18,257,-1
136,62,11,17,258,-1,11,18,257,-1
136,63,11,16,259,4,11,12,263,4
136,64,11,16,259,4,11,12,263,4
136,65,11,16,259,4,11,12,263,4
136,66,11,19,256,-9,10,3,247,-9
136,67,11,19,256,-9,10,3,247,-9
136,68,11,19,256,-9,10,3,247,-9
136,69,11,20,255,8,11,12,263,8
136,70,11,20,255,8,11,12,263,8
136,71,11,19,256,8,11,11,264,8
136,72,11,19,256,7,11,12,263,7
136,73,11,19,256,7,11,12,263,7
136,74,11,19,256,7,11,12,263,7
136,75,11,16,259,0,11,16,259,0
136,76,11,16,259,0,11,16,259,0
136,77,11,16,259,0,11,16,259,0
136,78,11,19,256,7,11,12,263,7
136,79,11,19,256,7,11,12,263,7
136,80,11,19,256,7,11,12,263,7
136,81,11,16,259,3,11,13,262,3
136,82,11,16,259,3,11,13,262,3
136,83,11,16,259,3,11,13,262,3
136,84,14,23,327,0,14,23,327,0
136,85,14,23,327,0,14,23,327,0
136,86,14,23,327,0,14,23,327,0
136,87,14,23,327,0,14,23,327,0
136,88,14,23,327,0,14,23,327,0
136,89,14,23,327,0,14,23,327,0
136,90,14,23,327,0,14,23,327,0
136,91,14,23,327,0,14,23,327,0
136,92,14,23,327,0,14,23,327,0
136,93,14,23,327,0,14,23,327,0
136,94,14,23,327,0,14,23,327,0
136,95,14,23,327,0,14,23,327,0
137,0,11,17,258,0,11,17,258,0
137,1,11,17,258,0,11,17,258,0
137,2,11,17,258,0,11,17,258,0
137,3,11,17,258,0,11,17,258,0
137,4,11,17,258,0,11,17,258,0
137,5,11,17,258,0,11,17,258,0
137,6,11,18,257,0,11,18,257,0
137,7,11,18,257,0,11,18,257,0
137,8,11,18,257,0,11,18,257,0
137,9,11,16,259,0,11,16,259,0
137,10,11,16,259,0,11,16,259,0
137,11,11,16,259,0,11,16,259,0
137,12,14,22,328,0,14,22,328,0
137,13,14,22,328,0,14,22,328,0
137,14,14,22,328,0,14,22,328,0
137,15,14,22,328,0,14,22,328,0
137,16,14,22,328,0,14,22,328,0
137,17,14,22,328,0,14,22,328,0
137,18,14,22,328,0,14,22,328,0
137,19,14,22,328,0,14,22,328,0
137,20,14,22,328,0,14,22,328,0
137,21,14,22,328,0,14,22,328,0
137,22,14,22,328,0,14,22,328,0
137,23,14,22,328,0,14,22,328,0
137,24,14,23,327,0,14,23,327,0
137,25,14,23,327,0,14,23,327,0
137,26,14,23,327,0,14,23,327,0
137,27,14,23,327,0,14,23,327,0
137,28,14,23,327,0,14,23,327,0
137,29,14,23,327,0,14,23,327,0
137,30,14,23,327,0,14,23,327,0
137,31,14,23,327,0,14,23,327,0
137,32,14,23,327,0,14,23,327,0
137,33,14,23,327,0,14,23,327,0
137,34,14,23,327,0,14,23,327,0
137,35,14,23,327,0,14,23,327,0
137,36,11,15,260,0,11,15,260,0
137,37,11,15,260,0,11,15,260,0
137,38,11,15,260,0,11,15,260,0
137,39,11,17,258,0,11,17,258,0
137,40,11,17,258,0,11,17,258,0
137,41,11,17,258,0,11,17,258,0
137,42,11,21,254,9,11,12,263,9
137,43,11,21,254,9,11,12,263,9
137,44,11,21,254,9,11,12,263,9
137,45,11,21,254,7,11,14,261,7
137,46,11,21,254,7,11,14,261,7
137,47,11,21,254,7,11,14,261,7
137,48,11,17,258,-3,11,20,255,-3
137,49,11,17,258,-3,11,20,255,-3
137,50,11,16,259,-3,11,19,256,-3
137,51,11,17,258,-10,10,2,248,-10
137,52,11,17,258,-10,10,2,248,-10
137,53,11,17,258,-10,10,2,248,-10
137,54,11,15,260,2,11,13,262,2
137,55,11,15,260,2,11,13,262,2
137,56,11,15,260,2,11,13,262,2
137,57,11,19,256,-5,11,24,251,-5
137,58,11,19,256,-5,11,24,251,-5
137,59,11,8,267,-5,11,13,262,-5
137,60,11,13,262,6,11,7,268,6
137,61,11,13,262,6,11,7,268,6
137,62,11,13,262,6,11,7,268,6
137,63,11,17,258,9,11,8,267,9
137,64,11,17,258,9,11,8,267,9
137,65,11,17,258,9,11,8,267,9
137,66,11,18,257,-5,11,23,252,-5
137,67,11,18,257,-5,11,23,252,-5
137,68,11,18,257,-5,11,23,252,-5
137,69,11,17,258,-9,10,1,249,-9
137,70,11,17,258,-9,10,1,249,-9
137,71,11,17,258,-9,10,1,249,-9
137,72,11,18,257,4,11,14,261,4
137,73,11,18,257,4,11,14,261,4
137,74,11,18,257,4,11,14,261,4
137,75,11,18,257,6,11,12,263,6
137,76,11,18,257,6,11,12,263,6
137,77,11,18,257,6,11,12,263,6
137,78,11,16,259,8,11,8,267,8
137,79,11,16,259,8,11,8,267,8
137,80,11,16,259,8,11,8,267,8
137,81,11,9,266,0,11,9,266,0
137,82,11,9,266,0,11,9,266,0
137,83,11,9,266,0,11,9,266,0
137,84,11,17,258,0,11,17,258,0
137,85,11,17,258,0,11,17,258,0
137,86,11,17,258,0,11,17,258,0
137,87,11,16,259,-1,11,17,258,-1
137,88,11,16,259,-1,11,17,258,-1
137,89,11,16,259,-1,11,17,258,-1
137,90,11,18,257,0,11,18,257,0
137,91,11,18,257,0,11,18,257,0
137,92,11,18,257,0,11,18,257,0
137,93,11,16,259,0,11,16,259,0
137,94,11,16,259,0,11,16,259,0
137,95,11,16,259,0,11,16,259,0
138,0,14,23,327,0,14,23,327,0
138,1,14,23,327,0,14,23,327,0
138,2,12,19,281,-1,12,20,280,-1
138,3,12,19,281,-1,12,20,280,-1
138,4,12,19,281,10,12,9,291,10
138,5,12,19,281,10,12,9,291,10
138,6,12,15,285,4,12,11,289,4
138,7,12,15,285,4,12,11,289,4
138,8,12,21,279,-9,11,5,270,-9
138,9,12,21,279,-9,11,5,270,-9
138,10,12,10,290,-4,12,14,286,-4
138,11,12,10,290,-4,12,14,286,-4
138,12,14,23,327,0,14,23,327,0
138,13,14,23,327,0,14,23,327,0
138,14,12,15,285,6,12,9,291,6
138,15,12,15,285,6,12,9,291,6
138,16,12,17,283,2,12,15,285,2
138,17,12,17,283,2,12,15,285,2
138,18,12,15,285,-5,12,20,280,-5
138,19,12,15,285,-5,12,20,280,-5
138,20,12,18,282,0,12,18,282,0
138,21,12,18,282,0,12,18,282,0
138,22,12,19,281,-8,11,2,273,-8
138,23,12,19,281,-8,11,2,273,-8
138,24,14,23,327,0,14,23,327,0
138,25,14,23,327,0,14,23,327,0
138,26,12,19,281,-2,12,21,279,-2
138,27,12,19,281,-2,12,21,279,-2
138,28,12,16,284,1,12,15,285,1
138,29,12,16,284,1,12,15,285,1
138,30,12,17,283,-2,12,19,281,-2
138,31,12,17,283,-2,12,19,281,-2
138,32,12,17,283,2,12,15,285,2
138,33,12,17,283,2,12,15,285,2
138,34,12,16,284,8,12,8,292,8
138,35,12,16,284,8,12,8,292,8
138,36,14,23,327,0,14,23,327,0
138,37,14,23,327,0,14,23,327,0
138,38,12,16,284,10,12,6,294,10
138,39,12,16,284,10,12,6,294,10
138,40,12,15,285,-1,12,16,284,-1
138,41,12,15,285,-1,12,16,284,-1
138,42,12,15,285,-6,12,21,279,-6
138,43,12,15,285,-6,12,21,279,-6
138,44,12,18,282,-1,12,19,281,-1
138,45,12,18,282,-1,12,19,281,-1
138,46,12,18,282,-1,12,19,281,-1
138,47,12,18,282,-1,12,19,281,-1
138,48,12,4,296,0,12,4,296,0
138,49,12,4,296,0,12,4,296,0
138,50,11,15,260,-6,11,21,254,-6
138,51,11,15,260,-6,11,21,254,-6
138,52,11,16,259,1,11,15,260,1
138,53,11,16,259,1,11,15,260,1
138,54,11,15,260,-8,11,23,252,-8
138,55,11,15,260,-8,11,23,252,-8
138,56,11,17,258,-8,10,0,250,-8
138,57,11,17,258,-8,10,0,250,-8
138,58,11,16,259,8,11,8,267,8
138,59,11,16,259,8,11,8,267,8
138,60,11,17,258,-1,11,18,257,-1
138,61,11,17,258,-1,11,18,257,-1
138,62,11,16,259,3,11,13,262,3
138,63,11,16,259,3,11,13,262,3
138,64,11,14,261,4,11,10,265,4
138,65,11,14,261,4,11,10,265,4
138,66,11,15,260,9,11,6,269,9
138,67,11,15,260,9,11,6,269,9
138,68,11,16,259,1,11,15,260,1
138,69,11,16,259,1,11,15,260,1
138,70,12,4,296,0,12,4,296,0
138,71,12,3,297,0,12,3,297,0
138,72,12,4,296,0,12,4,296,0
138,73,12,4,296,0,12,4,296,0
138,74,11,13,262,1,11,12,263,1
138,75,11,13,262,1,11,12,263,1
138,76,11,16,259,8,11,8,267,8
138,77,11,16,259,4,11,12,263,4
138,78,11,16,259,8,11,8,267,8
138,79,11,16,259,4,11,12,263,4
138,80,11,14,261,-10,11,24,251,-10
138,81,11,14,261,-10,11,24,251,-10
138,82,11,18,257,5,11,13,262,5
138,83,11,18,257,5,11,13,262,5
138,84,11,16,259,4,11,12,263,4
138,85,11,16,259,4,11,12,263,4
138,86,11,15,260,-9,11,24,251,-9
138,87,11,15,260,-9,11,24,251,-9
138,88,11,17,258,9,11,8,267,9
138,89,11,17,258,9,11,8,267,9
138,90,11,15,260,-3,11,18,257,-3
138,91,11,15,260,-3,11,18,257,-3
138,92,11,18,257,3,11,15,260,3
138,93,11,18,257,3,11,15,260,3
138,94,12,4,296,0,12,4,296,0
138,95,12,4,296,0,12,4,296,0
139,0,10,16,234,-2,10,18,232,-2
139,1,10,15,235,-2,10,17,233,-2
139,2,10,15,235,-2,10,17,233,-2
139,3,10,14,236,-4,10,18,232,-4
139,4,10,14,236,-4,10,18,232,-4
139,5,10,14,236,-4,10,18,232,-4
139,6,10,15,235,10,10,5,245,10
139,7,10,15,235,10,10,5,245,10
139,8,10,15,235,10,10,5,245,10
139,9,10,17,233,-3,10,20,230,-3
139,10,10,17,233,-3,10,20,230,-3
139,11,10,18,232,-3,10,21,229,-3
139,12,13,22,303,0,13,22,303,0
139,13,13,22,303,0,13,22,303,0
139,14,13,22,303,0,13,22,303,0
139,15,13,22,303,0,13,22,303,0
139,16,13,22,303,0,13,22,303,0
139,17,13,22,303,0,13,22,303,0
139,18,13,22,303,0,13,22,303,0
139,19,13,22,303,0,13,22,303,0
139,20,13,22,303,0,13,22,303,0
139,21,13,22,303,0,13,22,303,0
139,22,13,22,303,0,13,22,303,0
139,23,13,22,303,0,13,22,303,0
139,24,13,23,302,0,13,23,302,0
139,25,13,23,302,0,13,23,302,0
139,26,13,23,302,0,13,23,302,0
139,27,13,23,302,0,13,23,302,0
139,28,13,23,302,0,13,23,302,0
139,29,13,23,302,0,13,23,302,0
139,30,13,23,302,0,13,23,302,0
139,31,13,23,302,0,13,23,302,0
139,32,13,23,302,0,13,23,302,0
139,33,13,23,302,0,13,23,302,0
139,34,13,23,302,0,13,23,302,0
139,35,13,23,302,0,13,23,302,0
139,36,10,16,234,10,10,6,244,10
139,37,10,16,234,10,10,6,244,10
139,38,10,16,234,10,10,6,244,10
139,39,10,15,235,-1,10,16,234,-1
139,40,10,15,235,-1,10,16,234,-1
139,41,10,15,235,-1,10,16,234,-1
139,42,10,18,232,0,10,18,232,0
139,43,10,18,232,0,10,18,232,0
139,44,10,18,232,0,10,18,232,0
139,45,10,17,233,4,10,13,237,4
139,46,10,17,233,4,10,13,237,4
139,47,10,17,233,4,10,13,237,4
139,48,10,10,240,0,10,10,240,0
139,49,11,12,263,0,11,12,263,0
139,50,10,10,240,0,10,10,240,0
139,51,10,15,235,2,10,13,237,2
139,52,10,15,235,2,10,13,237,2
139,53,10,15,235,2,10,13,237,2
139,54,10,17,233,3,10,14,236,3
139,55,10,17,233,3,10,14,236,3
139,56,10,17,233,3,10,14,236,3
139,57,10,18,232,6,10,12,238,6
139,58,10,18,232,6,10,12,238,6
139,59,10,18,232,6,10,12,238,6
139,60,10,15,235,0,10,15,235,0
139,61,10,14,236,0,10,14,236,0
139,62,10,14,236,0,10,14,236,0
139,63,10,14,236,8,10,6,244,8
139,64,10,14,236,8,10,6,244,8
139,65,10,14,236,8,10,6,244,8
139,66,10,17,233,5,10,12,238,5
139,67,10,17,233,5,10,12,238,5
139,68,10,17,233,5,10,12,238,5
139,69,10,18,232,-10,9,3,222,-10
139,70,10,18,232,-10,9,3,222,-10
139,71,10,19,231,-10,9,4,221,-10
139,72,10,15,235,8,10,7,243,8
139,73,10,15,235,8,10,7,243,8
139,74,10,15,235,8,10,7,243,8
139,75,10,17,233,-10,9,2,223,-10
139,76,10,17,233,-10,9,2,223,-10
139,77,10,17,233,-10,9,2,223,-10
139,78,10,18,232,5,10,13,237,5
139,79,10,18,232,5,10,13,237,5
139,80,10,18,232,5,10,13,237,5
139,81,10,15,235,4,10,11,239,4
139,82,10,15,235,4,10,11,239,4
139,83,10,15,235,4,10,11,239,4
139,84,10,17,233,-4,10,21,229,-4
139,85,10,17,233,-4,10,21,229,-4
139,86,10,17,233,-4,10,21,229,-4
139,87,10,15,235,7,10,8,242,7
139,88,10,15,235,7,10,8,242,7
139,89,10,15,235,7,10,8,242,7
139,90,10,15,235,4,10,11,239,4
139,91,10,15,235,4,10,11,239,4
139,92,10,15,235,4,10,11,239,4
139,93,10,16,234,-1,10,17,233,-1
139,94,10,16,234,-1,10,17,233,-1
139,95,10,16,234,-1,10,17,233,-1
140,0,10,14,236,-8,10,22,228,-8
140,1,10,14,236,-8,10,22,228,-8
140,2,10,14,236,-8,10,22,228,-8
140,3,10,16,234,5,10,11,239,5
140,4,10,16,234,5,10,11,239,5
140,5,10,16,234,5,10,11,239,5
140,6,10,16,234,-3,10,19,231,-3
140,7,10,16,234,-3,10,19,231,-3
140,8,10,16,234,-3,10,19,231,-3
140,9,10,18,232,6,10,12,238,6
140,10,10,18,232,6,10,12,238,6
140,11,10,18,232,6,10,12,238,6
140,12,13,22,303,0,13,22,303,0
140,13,13,22,303,0,13,22,303,0
140,14,13,22,303,0,13,22,303,0
140,15,13,22,303,0,13,22,303,0
140,16,13,22,303,0,13,22,303,0
140,17,13,22,303,0,13,22,303,0
140,18,13,22,303,0,13,22,303,0
140,19,13,22,303,0,13,22,303,0
140,20,13,22,303,0,13,22,303,0
140,21,13,22,303,0,13,22,303,0
140,22,13,22,303,0,13,22,303,0
140,23,13,22,303,0,13,22,303,0
140,24,13,22,303,0,13,22,303,0
140,25,13,22,303,0,13,22,303,0
140,26,13,22,303,0,13,22,303,0
140,27,13,22,303,0,13,22,303,0
140,28,13,22,303,0,13,22,303,0
140,29,13,22,303,0,13,22,303,0
140,30,13,22,303,0,13,22,303,0
140,31,13,22,303,0,13,22,303,0
140,32,13,22,303,0,13,22,303,0
140,33,13,22,303,0,13,22,303,0
140,34,13,22,303,0,13,22,303,0
140,35,13,22,303,0,13,22,303,0
140,36,10,15,235,4,10,11,239,4
140,37,10,15,235,4,10,11,239,4
140,38,10,15,235,4,10,11,239,4
140,39,10,17,233,-8,9,0,225,-8
140,40,10,17,233,-8,9,0,225,-8
140,41,10,17,233,-8,9,0,225,-8
140,42,10,17,233,3,10,14,236,3
140,43,10,17,233,3,10,14,236,3
140,44,10,17,233,3,10,14,236,3
140,45,10,19,231,10,10,9,241,10
140,46,10,19,231,10,10,9,241,10
140,47,10,19,231,10,10,9,241,10
140,48,10,15,235,8,10,7,243,8
140,49,10,15,235,8,10,7,243,8
140,50,10,15,235,8,10,7,243,8
140,51,10,15,235,-10,9,0,225,-10
140,52,10,15,235,-10,9,0,225,-10
140,53,10,15,235,-10,9,0,225,-10
140,54,10,17,233,-9,9,1,224,-9
140,55,10,17,233,-9,9,1,224,-9
140,56,10,17,233,-9,9,1,224,-9
140,57,10,18,232,4,10,14,236,4
140,58,10,18,232,4,10,14,236,4
140,59,10,18,232,4,10,14,236,4
140,60,10,18,232,9,10,9,241,9
140,61,10,18,232,9,10,9,241,9
140,62,10,18,232,9,10,9,241,9
140,63,10,16,234,-10,9,1,224,-10
140,64,10,16,234,-10,9,1,224,-10
140,65,10,16,234,-10,9,1,224,-10
140,66,10,17,233,0,10,17,233,0
140,67,10,17,233,0,10,17,233,0
140,68,10,17,233,0,10,17,233,0
140,69,10,18,232,9,10,9,241,9
140,70,10,18,232,9,10,9,241,9
140,71,10,18,232,9,10,9,241,9
140,72,10,14,236,5,10,9,241,5
140,73,10,14,236,5,10,9,241,5
140,74,10,14,236,5,10,9,241,5
140,75,10,18,232,5,10,13,237,5
140,76,10,17,233,5,10,12,238,5
140,77,10,17,233,5,10,12,238,5
140,78,10,20,230,-3,10,23,227,-3
140,79,10,21,229,-3,10,24,226,-3
140,80,10,20,230,-3,10,23,227,-3
140,81,10,19,231,-6,9,0,225,-6
140,82,10,19,231,-6,9,0,225,-6
140,83,10,19,231,-6,9,0,225,-6
140,84,10,18,232,9,10,9,241,9
140,85,10,18,232,9,10,9,241,9
140,86,10,18,232,9,10,9,241,9
140,87,10,15,235,5,10,10,240,5
140,88,10,15,235,5,10,10,240,5
140,89,10,15,235,5,10,10,240,5
140,90,10,18,232,-6,10,24,226,-6
140,91,10,18,232,-6,10,24,226,-6
140,92,10,18,232,-6,10,24,226,-6
140,93,10,17,233,-7,10,24,226,-7
140,94,10,17,233,-7,10,24,226,-7
140,95,10,17,233,-7,10,24,226,-7
141,0,12,2,298,0,12,2,298,0
141,1,12,2,298,0,12,2,298,0
141,2,11,12,263,9,11,3,272,9
141,3,11,12,263,9,11,3,272,9
141,4,11,13,262,7,11,6,269,7
141,5,11,13,262,7,11,6,269,7
141,6,11,14,261,-5,11,19,256,-5
141,7,11,14,261,-5,11,19,256,-5
141,8,11,15,260,10,11,5,270,10
141,9,11,15,260,10,11,5,270,10
141,10,11,15,260,-1,11,16,259,-1
141,11,11,15,260,-1,11,16,259,-1
141,12,12,2,298,0,12,2,298,0
141,13,12,2,298,0,12,2,298,0
141,14,11,15,260,-3,11,18,257,-3
141,15,11,15,260,-3,11,18,257,-3
141,16,11,13,262,3,11,10,265,3
141,17,11,13,262,3,11,10,265,3
141,18,11,14,261,4,11,10,265,4
141,19,11,14,261,4,11,10,265,4
141,20,11,16,259,-6,11,22,253,-6
141,21,11,16,259,-6,11,22,253,-6
141,22,11,14,261,0,11,14,261,0
141,23,11,14,261,0,11,14,261,0
141,24,12,2,298,0,12,2,298,0
141,25,12,2,298,0,12,2,298,0
141,26,11,15,260,-8,11,23,252,-8
141,27,11,15,260,-8,11,23,252,-8
141,28,11,16,259,-2,11,18,257,-2
141,29,11,16,259,-2,11,18,257,-2
141,30,11,14,261,7,11,7,268,7
141,31,11,14,261,7,11,7,268,7
141,32,11,15,260,-7,11,22,253,-7
141,33,11,15,260,-7,11,22,253,-7
141,34,11,16,259,-4,11,20,255,-4
141,35,11,16,259,-4,11,20,255,-4
141,36,12,12,288,0,12,12,288,0
141,37,12,12,288,0,12,12,288,0
141,38,11,12,263,-10,11,22,253,-10
141,39,11,12,263,-10,11,22,253,-10
141,40,11,16,259,-5,11,21,254,-5
141,41,11,16,259,-5,11,21,254,-5
141,42,11,15,260,7,11,8,267,7
141,43,11,15,260,7,11,8,267,7
141,44,11,15,260,4,11,11,264,4
141,45,11,15,260,4,11,11,264,4
141,46,11,15,260,-4,11,19,256,-4
141,47,11,15,260,-4,11,19,256,-4
141,48,14,23,327,0,14,23,327,0
141,49,14,23,327,0,14,23,327,0
141,50,10,14,236,-10,10,24,226,-10
141,51,10,14,236,-10,10,24,226,-10
141,52,10,18,232,10,10,8,242,10
141,53,10,18,232,10,10,8,242,10
141,54,10,15,235,3,10,12,238,3
141,55,10,15,235,3,10,12,238,3
141,56,10,17,233,-2,10,19,231,-2
141,57,10,17,233,-2,10,19,231,-2
141,58,10,17,233,-4,10,21,229,-4
141,59,10,17,233,-4,10,21,229,-4
141,60,14,23,327,0,14,23,327,0
141,61,14,23,327,0,14,23,327,0
141,62,10,15,235,6,10,9,241,6
141,63,10,15,235,6,10,9,241,6
141,64,10,16,234,7,10,9,241,7
141,65,10,16,234,7,10,9,241,7
141,66,10,17,233,7,10,10,240,7
141,67,10,17,233,7,10,10,240,7
141,68,10,16,234,-9,9,0,225,-9
141,69,10,16,234,-9,9,0,225,-9
141,70,10,18,232,2,10,16,234,2
141,71,10,18,232,2,10,16,234,2
141,72,14,24,326,0,14,24,326,0
141,73,14,24,326,0,14,24,326,0
141,74,10,17,233,-8,9,0,225,-8
141,75,10,17,233,-8,9,0,225,-8
141,76,10,17,233,3,10,14,236,3
141,77,10,16,234,3,10,13,237,3
141,78,10,18,232,0,10,18,232,0
141,79,10,18,232,0,10,18,232,0
141,80,10,18,232,9,10,9,241,9
141,81,10,18,232,9,10,9,241,9
141,82,10,18,232,2,10,16,234,2
141,83,10,18,232,2,10,16,234,2
141,84,14,24,326,0,14,24,326,0
141,85,14,24,326,0,14,24,326,0
141,86,10,16,234,-1,10,17,233,-1
141,87,10,16,234,-1,10,17,233,-1
141,88,10,16,234,4,10,12,238,4
141,89,10,16,234,4,10,12,238,4
141,90,10,16,234,4,10,12,238,4
141,91,10,16,234,4,10,12,238,4
141,92,10,18,232,-9,9,2,223,-9
141,93,10,18,232,-9,9,2,223,-9
141,94,10,17,233,-3,10,20,230,-3
141,95,10,17,233,-3,10,20,230,-3
142,0,12,17,283,4,12,13,287,4
142,1,12,18,282,4,12,14,286,4
142,2,12,17,283,4,12,13,287,4
142,3,12,18,282,4,12,14,286,4
142,4,12,17,283,4,12,13,287,4
142,5,12,17,283,4,12,13,287,4
142,6,12,17,283,-1,12,18,282,-1
142,7,12,17,283,-1,12,18,282,-1
142,8,12,17,283,-1,12,18,282,-1
142,9,12,16,284,-4,12,20,280,-4
142,10,12,16,284,-4,12,20,280,-4
142,11,12,16,284,-4,12,20,280,-4
142,12,15,23,352,0,15,23,352,0
142,13,15,23,352,0,15,23,352,0
142,14,15,23,352,0,15,23,352,0
142,15,15,23,352,0,15,23,352,0
142,16,15,23,352,0,15,23,352,0
142,17,15,23,352,0,15,23,352,0
142,18,15,23,352,0,15,23,352,0
142,19,15,23,352,0,15,23,352,0
142,20,15,23,352,0,15,23,352,0
142,21,15,23,352,0,15,23,352,0
142,22,15,23,352,0,15,23,352,0
142,23,15,23,352,0,15,23,352,0
142,24,15,23,352,0,15,23,352,0
142,25,15,23,352,0,15,23,352,0
142,26,15,23,352,0,15,23,352,0
142,27,15,23,352,0,15,23,352,0
142,28,15,23,352,0,15,23,352,0
142,29,15,23,352,0,15,23,352,0
142,30,15,23,352,0,15,23,352,0
142,31,15,23,352,0,15,23,352,0
142,32,15,23,352,0,15,23,352,0
142,33,15,23,352,0,15,23,352,0
142,34,15,23,352,0,15,23,352,0
142,35,15,23,352,0,15,23,352,0
142,36,12,18,282,-2,12,20,280,-2
142,37,12,18,282,-2,12,20,280,-2
142,38,12,18,282,-2,12,20,280,-2
142,39,12,19,281,1,12,18,282,1
142,40,12,19,281,1,12,18,282,1
142,41,12,19,281,1,12,18,282,1
142,42,12,18,282,-10,11,3,272,-10
142,43,12,18,282,-10,11,3,272,-10
142,44,12,18,282,-10,11,3,272,-10
142,45,12,18,282,-7,11,0,275,-7
142,46,12,18,282,-7,11,0,275,-7
142,47,12,18,282,-7,11,0,275,-7
142,48,12,17,283,2,12,15,285,2
142,49,12,17,283,2,12,15,285,2
142,50,12,17,283,2,12,15,285,2
142,51,12,18,282,5,12,13,287,5
142,52,12,18,282,5,12,13,287,5
142,53,12,18,282,5,12,13,287,5
142,54,12,18,282,3,12,15,285,3
142,55,12,18,282,3,12,15,285,3
142,56,12,18,282,3,12,15,285,3
142,57,12,17,283,0,12,17,283,0
142,58,12,17,283,0,12,17,283,0
142,59,12,17,283,0,12,17,283,0
142,60,12,19,281,8,12,11,289,8
142,61,12,19,281,8,12,11,289,8
142,62,12,19,281,8,12,11,289,8
142,63,12,16,284,4,12,12,288,4
142,64,12,16,284,4,12,12,288,4
142,65,12,16,284,4,12,12,288,4
142,66,12,20,280,2,12,18,282,2
142,67,12,20,280,2,12,18,282,2
142,68,12,20,280,2,12,18,282,2
142,69,12,19,281,-6,11,0,275,-6
142,70,12,19,281,-6,11,0,275,-6
142,71,12,19,281,-6,11,0,275,-6
142,72,12,15,285,9,12,6,294,9
142,73,12,15,285,9,12,6,294,9
142,74,12,15,285,9,12,6,294,9
142,75,12,15,285,0,12,15,285,0
142,76,12,15,285,0,12,15,285,0
142,77,12,15,285,0,12,15,285,0
142,78,12,18,282,4,12,14,286,4
142,79,12,18,282,4,12,14,286,4
142,80,12,18,282,4,12,14,286,4
142,81,12,17,283,7,12,10,290,7
142,82,12,17,283,7,12,10,290,7
142,83,12,17,283,7,12,10,290,7
142,84,12,17,283,-6,12,23,277,-6
142,85,12,17,283,-6,12,23,277,-6
142,86,12,17,283,-6,12,23,277,-6
142,87,12,16,284,-5,12,21,279,-5
142,88,12,16,284,-5,12,21,279,-5
142,89,12,16,284,-5,12,21,279,-5
142,90,12,20,280,-9,11,4,271,-9
142,91,12,20,280,-9,11,4,271,-9
142,92,12,20,280,-9,11,4,271,-9
142,93,12,20,280,-10,11,5,270,-10
142,94,12,20,280,-10,11,5,270,-10
142,95,12,20,280,-10,11,5,270,-10
143,0,12,15,285,10,12,5,295,10
143,1,12,15,285,10,12,5,295,10
143,2,12,15,285,10,12,5,295,10
143,3,12,17,283,7,12,10,290,7
143,4,12,17,283,7,12,10,290,7
143,5,12,17,283,7,12,10,290,7
143,6,12,17,283,9,12,8,292,9
143,7,12,17,283,9,12,8,292,9
143,8,12,17,283,9,12,8,292,9
143,9,12,15,285,-8,12,23,277,-8
143,10,12,15,285,-8,12,23,277,-8
143,11,12,15,285,-8,12,23,277,-8
143,12,15,23,352,0,15,23,352,0
143,13,15,23,352,0,15,23,352,0
143,14,15,23,352,0,15,23,352,0
143,15,15,23,352,0,15,23,352,0
143,16,15,23,352,0,15,23,352,0
143,17,15,23,352,0,15,23,352,0
143,18,15,23,352,0,15,23,352,0
143,19,15,23,352,0,15,23,352,0
143,20,15,23,352,0,15,23,352,0
143,21,15,23,352,0,15,23,352,0
143,22,15,23,352,0,15,23,352,0
143,23,15,23,352,0,15,23,352,0
143,24,15,23,352,0,15,23,352,0
143,25,15,23,352,0,15,23,352,0
143,26,15,23,352,0,15,23,352,0
143,27,15,23,352,0,15,23,352,0
143,28,15,23,352,0,15,23,352,0
143,29,15,23,352,0,15,23,352,0
143,30,15,23,352,0,15,23,352,0
143,31,15,23,352,0,15,23,352,0
143,32,15,23,352,0,15,23,352,0
143,33,15,23,352,0,15,23,352,0
143,34,15,23,352,0,15,23,352,0
143,35,15,23,352,0,15,23,352,0
143,36,12,18,282,1,12,17,283,1
143,37,12,18,282,1,12,17,283,1
143,38,12,18,282,1,12,17,283,1
143,39,12,17,283,5,12,12,288,5
143,40,12,17,283,5,12,12,288,5
143,41,12,17,283,5,12,12,288,5
143,42,12,16,284,10,12,6,294,10
143,43,12,16,284,10,12,6,294,10
143,44,12,16,284,10,12,6,294,10
143,45,12,17,283,9,12,8,292,9
143,46,12,17,283,9,12,8,292,9
143,47,12,17,283,9,12,8,292,9
143,48,12,17,283,-7,12,24,276,-7
143,49,12,17,283,-7,12,24,276,-7
143,50,12,17,283,-7,12,24,276,-7
143,51,12,17,283,-4,12,21,279,-4
143,52,12,17,283,-4,12,21,279,-4
143,53,12,17,283,-4,12,21,279,-4
143,54,12,16,284,-1,12,17,283,-1
143,55,12,16,284,-1,12,17,283,-1
143,56,12,16,284,-1,12,17,283,-1
143,57,12,19,281,8,12,11,289,8
143,58,12,19,281,8,12,11,289,8
143,59,12,19,281,8,12,11,289,8
143,60,12,16,284,7,12,9,291,7
143,61,12,16,284,7,12,9,291,7
143,62,12,16,284,7,12,9,291,7
143,63,12,16,284,-6,12,22,278,-6
143,64,12,15,285,-6,12,21,279,-6
143,65,12,16,284,-6,12,22,278,-6
143,66,12,16,284,2,12,14,286,2
143,67,12,16,284,2,12,14,286,2
143,68,12,16,284,2,12,14,286,2
143,69,12,16,284,-3,12,19,281,-3
143,70,12,16,284,-3,12,19,281,-3
143,71,12,16,284,-3,12,19,281,-3
143,72,12,19,281,0,12,19,281,0
143,73,12,19,281,0,12,19,281,0
143,74,12,19,281,0,12,19,281,0
143,75,12,16,284,-9,11,0,275,-9
143,76,12,16,284,-9,11,0,275,-9
143,77,12,16,284,-9,11,0,275,-9
143,78,12,20,280,-1,12,21,279,-1
143,79,12,20,280,-1,12,21,279,-1
143,80,12,20,280,-1,12,21,279,-1
143,81,12,19,281,1,12,18,282,1
143,82,12,19,281,1,12,18,282,1
143,83,12,19,281,1,12,18,282,1
143,84,12,18,282,-2,12,20,280,-2
143,85,12,18,282,-2,12,20,280,-2
143,86,12,18,282,-2,12,20,280,-2
143,87,12,15,285,-8,12,23,277,-8
143,88,12,15,285,-8,12,23,277,-8
143,89,12,15,285,-8,12,23,277,-8
143,90,12,17,283,3,12,14,286,3
143,91,12,17,283,3,12,14,286,3
143,92,12,17,283,3,12,14,286,3
143,93,12,17,283,-3,12,20,280,-3
143,94,12,17,283,-3,12,20,280,-3
143,95,12,17,283,-3,12,20,280,-3
144,0,15,23,352,0,15,23,352,0
144,1,15,23,352,0,15,23,352,0
144,2,11,19,256,1,11,18,257,1
144,3,11,19,256,1,11,18,257,1
144,4,11,17,258,-9,10,1,249,-9
144,5,11,17,258,-9,10,1,249,-9
144,6,11,17,258,8,11,9,266,8
144,7,11,17,258,8,11,9,266,8
144,8,11,18,257,0,11,18,257,0
144,9,11,18,257,0,11,18,257,0
144,10,11,18,257,6,11,12,263,6
144,11,11,18,257,6,11,12,263,6
144,12,15,23,352,0,15,23,352,0
144,13,15,23,352,0,15,23,352,0
144,14,11,17,258,-8,10,0,250,-8
144,15,11,17,258,-8,10,0,250,-8
144,16,11,19,256,8,11,11,264,8
144,17,11,19,256,8,11,11,264,8
144,18,11,16,259,5,11,11,264,5
144,19,11,16,259,5,11,11,264,5
144,20,11,19,256,-2,11,21,254,-2
144,21,11,19,256,-2,11,21,254,-2
144,22,11,20,255,3,11,17,258,3
144,23,11,20,255,3,11,17,258,3
144,24,15,24,351,0,15,24,351,0
144,25,15,24,351,0,15,24,351,0
144,26,11,17,258,-4,11,21,254,-4
144,27,11,17,258,-4,11,21,254,-4
144,28,11,16,259,10,11,6,269,10
144,29,11,16,259,10,11,6,269,10
144,30,11,16,259,-1,11,17,258,-1
144,31,11,16,259,-1,11,17,258,-1
144,32,11,18,257,7,11,11,264,7
144,33,11,18,257,7,11,11,264,7
144,34,11,17,258,-2,11,19,256,-2
144,35,11,17,258,-2,11,19,256,-2
144,36,15,24,351,0,15,24,351,0
144,37,15,24,351,0,15,24,351,0
144,38,11,18,257,-9,10,2,248,-9
144,39,11,18,257,-9,10,2,248,-9
144,40,11,18,257,-4,11,22,253,-4
144,41,11,18,257,-4,11,22,253,-4
144,42,11,19,256,2,11,17,258,2
144,43,11,19,256,2,11,17,258,2
144,44,11,20,255,9,11,11,264,9
144,45,11,20,255,9,11,11,264,9
144,46,11,19,256,-5,11,24,251,-5
144,47,11,19,256,-5,11,24,251,-5
144,48,13,4,321,0,13,4,321,0
144,49,13,4,321,0,13,4,321,0
144,50,12,17,283,7,12,10,290,7
144,51,12,17,283,7,12,10,290,7
144,52,12,18,282,-9,11,2,273,-9
144,53,12,18,282,-9,11,2,273,-9
144,54,12,17,283,1,12,16,284,1
144,55,12,17,283,1,12,16,284,1
144,56,12,20,280,4,12,16,284,4
144,57,12,20,280,4,12,16,284,4
144,58,12,20,280,-1,12,21,279,-1
144,59,12,20,280,-1,12,21,279,-1
144,60,13,4,321,0,13,4,321,0
144,61,13,4,321,0,13,4,321,0
144,62,12,18,282,6,12,12,288,6
144,63,12,18,282,6,12,12,288,6
144,64,12,16,284,8,12,8,292,8
144,65,12,16,284,8,12,8,292,8
144,66,12,17,283,4,12,13,287,4
144,67,12,17,283,4,12,13,287,4
144,68,12,20,280,-4,12,24,276,-4
144,69,12,20,280,-4,12,24,276,-4
144,70,12,17,283,-5,12,22,278,-5
144,71,12,17,283,-5,12,22,278,-5
144,72,13,5,320,0,13,5,320,0
144,73,13,5,320,0,13,5,320,0
144,74,12,19,281,-6,11,0,275,-6
144,75,12,19,281,-6,11,0,275,-6
144,76,12,20,280,0,12,20,280,0
144,77,12,20,280,0,12,20,280,0
144,78,12,18,282,-6,12,24,276,-6
144,79,12,18,282,-6,12,24,276,-6
144,80,12,20,280,-2,12,22,278,-2
144,81,12,19,281,-2,12,21,279,-2
144,82,12,20,280,6,12,14,286,6
144,83,12,20,280,6,12,14,286,6
144,84,13,5,320,0,13,5,320,0
144,85,13,5,320,0,13,5,320,0
144,86,12,19,281,6,12,13,287,6
144,87,12,20,280,6,12,14,286,6
144,88,12,19,281,-3,12,22,278,-3
144,89,12,19,281,-3,12,22,278,-3
144,90,12,16,284,-3,12,19,281,-3
144,91,12,16,284,-3,12,19,281,-3
144,92,12,16,284,-10,11,1,274,-10
144,93,12,16,284,-10,11,1,274,-10
144,94,12,20,280,8,12,12,288,8
144,95,12,20,280,8,12,12,288,8
145,0,11,16,259,-6,11,22,253,-6
145,1,11,16,259,-6,11,22,253,-6
145,2,11,16,259,-6,11,22,253,-6
145,3,11,16,259,7,11,9,266,7
145,4,11,16,259,7,11,9,266,7
145,5,11,16,259,7,11,9,266,7
145,6,11,14,261,7,11,7,268,7
145,7,11,14,261,7,11,7,268,7
145,8,11,14,261,7,11,7,268,7
145,9,11,14,261,-2,11,16,259,-2
145,10,11,14,261,-2,11,16,259,-2
145,11,11,14,261,-2,11,16,259,-2
145,12,14,22,328,0,14,22,328,0
145,13,14,22,328,0,14,22,328,0
145,14,14,22,328,0,14,22,328,0
145,15,14,22,328,0,14,22,328,0
145,16,14,22,328,0,14,22,328,0
145,17,14,22,328,0,14,22,328,0
145,18,14,22,328,0,14,22,328,0
145,19,14,22,328,0,14,22,328,0
145,20,14,22,328,0,14,22,328,0
145,21,14,22,328,0,14,22,328,0
145,22,14,22,328,0,14,22,328,0
145,23,14,22,328,0,14,22,328,0
145,24,14,23,327,0,14,23,327,0
145,25,14,23,327,0,14,23,327,0
145,26,14,23,327,0,14,23,327,0
145,27,14,23,327,0,14,23,327,0
145,28,14,23,327,0,14,23,327,0
145,29,14,23,327,0,14,23,327,0
145,30,14,23,327,0,14,23,327,0
145,31,14,23,327,0,14,23,327,0
145,32,14,23,327,0,14,23,327,0
145,33,14,23,327,0,14,23,327,0
145,34,14,23,327,0,14,23,327,0
145,35,14,23,327,0,14,23,327,0
145,36,11,17,258,-2,11,19,256,-2
145,37,11,17,258,-2,11,19,256,-2
145,38,11,17,258,-2,11,19,256,-2
145,39,11,15,260,6,11,9,266,6
145,40,11,15,260,6,11,9,266,6
145,41,11,15,260,6,11,9,266,6
145,42,11,17,258,9,11,8,267,9
145,43,11,17,258,9,11,8,267,9
145,44,11,17,258,9,11,8,267,9
145,45,11,16,259,-8,11,24,251,-8
145,46,11,16,259,-8,11,24,251,-8
145,47,11,16,259,-8,11,24,251,-8
145,48,11,15,260,8,11,7,268,8
145,49,11,15,260,8,11,7,268,8
145,50,11,15,260,8,11,7,268,8
145,51,11,17,258,5,11,12,263,5
145,52,11,17,258,5,11,12,263,5
145,53,11,17,258,5,11,12,263,5
145,54,11,19,256,7,11,12,263,7
145,55,11,19,256,7,11,12,263,7
145,56,11,19,256,7,11,12,263,7
145,57,11,16,259,5,11,11,264,5
145,58,11,16,259,5,11,11,264,5
145,59,11,16,259,5,11,11,264,5
145,60,11,18,257,3,11,15,260,3
145,61,11,18,257,3,11,15,260,3
145,62,11,18,257,3,11,15,260,3
145,63,11,17,258,5,11,12,263,5
145,64,11,17,258,5,11,12,263,5
145,65,11,17,258,5,11,12,263,5
145,66,11,16,259,-7,11,23,252,-7
145,67,11,16,259,-7,11,23,252,-7
145,68,11,16,259,-7,11,23,252,-7
145,69,11,16,259,-10,10,1,249,-10
145,70,11,16,259,-10,10,1,249,-10
145,71,11,16,259,-10,10,1,249,-10
145,72,11,16,259,1,11,15,260,1
145,73,11,16,259,1,11,15,260,1
145,74,11,16,259,1,11,15,260,1
145,75,11,16,259,9,11,7,268,9
145,76,11,15,260,9,11,6,269,9
145,77,11,16,259,9,11,7,268,9
145,78,11,19,256,10,11,9,266,10
145,79,11,19,256,10,11,9,266,10
145,80,11,19,256,10,11,9,266,10
145,81,11,16,259,-3,11,19,256,-3
145,82,11,16,259,-3,11,19,256,-3
145,83,11,16,259,-3,11,19,256,-3
145,84,11,14,261,-6,11,20,255,-6
145,85,11,14,261,-6,11,20,255,-6
145,86,11,16,259,-2,11,18,257,-2
145,87,11,14,261,-6,11,20,255,-6
145,88,11,16,259,-2,11,18,257,-2
145,89,11,16,259,-2,11,18,257,-2
145,90,11,19,256,-8,10,2,248,-8
145,91,11,19,256,-8,10,2,248,-8
145,92,11,19,256,-8,10,2,248,-8
145,93,11,18,257,0,11,18,257,0
145,94,11,18,257,0,11,18,257,0
145,95,11,18,257,0,11,18,257,0
146,0,11,14,261,-6,11,20,255,-6
146,1,11,14,261,-6,11,20,255,-6
146,2,11,14,261,-6,11,20,255,-6
146,3,11,13,262,2,11,11,264,2
146,4,11,13,262,2,11,11,264,2
146,5,11,13,262,2,11,11,264,2
146,6,11,13,262,-2,11,15,260,-2
146,7,11,13,262,-2,11,15,260,-2
146,8,11,13,262,-2,11,15,260,-2
146,9,11,13,262,3,11,10,265,3
146,10,11,13,262,3,11,10,265,3
146,11,11,13,262,3,11,10,265,3
146,12,14,23,327,0,14,23,327,0
146,13,14,23,327,0,14,23,327,0
146,14,14,23,327,0,14,23,327,0
146,15,14,23,327,0,14,23,327,0
146,16,14,23,327,0,14,23,327,0
146,17,14,23,327,0,14,23,327,0
146,18,14,23,327,0,14,23,327,0
146,19,14,23,327,0,14,23,327,0
146,20,14,23,327,0,14,23,327,0
146,21,14,23,327,0,14,23,327,0
146,22,14,23,327,0,14,23,327,0
146,23,14,23,327,0,14,23,327,0
146,24,14,23,327,0,14,23,327,0
146,25,14,23,327,0,14,23,327,0
146,26,14,23,327,0,14,23,327,0
146,27,14,23,327,0,14,23,327,0
146,28,14,23,327,0,14,23,327,0
146,29,14,23,327,0,14,23,327,0
146,30,14,23,327,0,14,23,327,0
146,31,14,23,327,0,14,23,327,0
146,32,14,23,327,0,14,23,327,0
146,33,14,23,327,0,14,23,327,0
146,34,14,23,327,0,14,23,327,0
146,35,14,23,327,0,14,23,327,0
146,36,11,17,258,6,11,11,264,6
146,37,11,17,258,6,11,11,264,6
146,38,11,17,258,6,11,11,264,6
146,39,11,14,261,-6,11,20,255,-6
146,40,11,14,261,-6,11,20,255,-6
146,41,11,14,261,-6,11,20,255,-6
146,42,11,16,259,-6,11,22,253,-6
146,43,11,16,259,-6,11,22,253,-6
146,44,11,16,259,-6,11,22,253,-6
146,45,11,14,261,2,11,12,263,2
146,46,11,14,261,2,11,12,263,2
146,47,11,14,261,2,11,12,263,2
146,48,11,14,261,2,11,12,263,2
146,49,11,14,261,2,11,12,263,2
146,50,11,14,261,2,11,12,263,2
146,51,11,15,260,1,11,14,261,1
146,52,11,15,260,1,11,14,261,1
146,53,11,15,260,1,11,14,261,1
146,54,11,19,256,-4,11,23,252,-4
146,55,11,19,256,-4,11,23,252,-4
146,56,11,19,256,-4,11,23,252,-4
146,57,11,19,256,-3,11,22,253,-3
146,58,11,19,256,-3,11,22,253,-3
146,59,11,19,256,-3,11,22,253,-3
146,60,11,16,259,-4,11,20,255,-4
146,61,11,16,259,-4,11,20,255,-4
146,62,11,16,259,-4,11,20,255,-4
146,63,11,14,261,0,11,14,261,0
146,64,11,14,261,0,11,14,261,0
146,65,11,14,261,0,11,14,261,0
146,66,11,16,259,-8,11,24,251,-8
146,67,11,16,259,-8,11,24,251,-8
146,68,11,16,259,-8,11,24,251,-8
146,69,11,15,260,3,11,12,263,3
146,70,11,15,260,3,11,12,263,3
146,71,11,15,260,3,11,12,263,3
146,72,11,14,261,-8,11,22,253,-8
146,73,11,14,261,-8,11,22,253,-8
146,74,11,14,261,-8,11,22,253,-8
146,75,11,15,260,6,11,9,266,6
146,76,11,15,260,6,11,9,266,6
146,77,11,15,260,6,11,9,266,6
146,78,11,18,257,6,11,12,263,6
146,79,11,18,257,6,11,12,263,6
146,80,11,18,257,6,11,12,263,6
146,81,11,17,258,-1,11,18,257,-1
146,82,11,17,258,-1,11,18,257,-1
146,83,11,17,258,-1,11,18,257,-1
146,84,11,14,261,-9,11,23,252,-9
146,85,11,14,261,-9,11,23,252,-9
146,86,11,14,261,-9,11,23,252,-9
146,87,11,16,259,-4,11,20,255,-4
146,88,11,16,259,-4,11,20,255,-4
146,89,11,16,259,-4,11,20,255,-4
146,90,11,16,259,-6,11,22,253,-6
146,91,11,16,259,-6,11,22,253,-6
146,92,11,16,259,-6,11,22,253,-6
146,93,11,17,258,3,11,14,261,3
146,94,11,17,258,3,11,14,261,3
146,95,11,17,258,3,11,14,261,3
147,0,11,13,262,5,11,8,267,5
147,1,11,13,262,5,11,8,267,5
147,2,11,13,262,5,11,8,267,5
147,3,11,13,262,10,11,3,272,10
147,4,11,13,262,10,11,3,272,10
147,5,11,13,262,10,11,3,272,10
147,6,11,15,260,6,11,9,266,6
147,7,11,15,260,6,11,9,266,6
147,8,11,15,260,6,11,9,266,6
147,9,11,15,260,4,11,11,264,4
147,10,11,15,260,4,11,11,264,4
147,11,11,15,260,4,11,11,264,4
147,12,14,23,327,0,14,23,327,0
147,13,14,23,327,0,14,23,327,0
147,14,14,23,327,0,14,23,327,0
147,15,14,23,327,0,14,23,327,0
147,16,14,23,327,0,14,23,327,0
147,17,14,23,327,0,14,23,327,0
147,18,14,23,327,0,14,23,327,0
147,19,14,23,327,0,14,23,327,0
147,20,14,23,327,0,14,23,327,0
147,21,14,23,327,0,14,23,327,0
147,22,14,23,327,0,14,23,327,0
147,23,14,23,327,0,14,23,327,0
147,24,14,23,327,0,14,23,327,0
147,25,14,23,327,0,14,23,327,0
147,26,14,23,327,0,14,23,327,0
147,27,14,23,327,0,14,23,327,0
147,28,14,23,327,0,14,23,327,0
147,29,14,23,327,0,14,23,327,0
147,30,14,23,327,0,14,23,327,0
147,31,14,23,327,0,14,23,327,0
147,32,14,23,327,0,14,23,327,0
147,33,14,23,327,0,14,23,327,0
147,34,14,23,327,0,14,23,327,0
147,35,14,23,327,0,14,23,327,0
147,36,11,16,259,7,11,9,266,7
147,37,11,16,259,7,11,9,266,7
147,38,11,16,259,7,11,9,266,7
147,39,11,14,261,-7,11,21,254,-7
147,40,11,14,261,-7,11,21,254,-7
147,41,11,14,261,-7,11,21,254,-7
147,42,11,16,259,-10,10,1,249,-10
147,43,11,16,259,-10,10,1,249,-10
147,44,11,16,259,-10,10,1,249,-10
147,45,11,16,259,8,11,8,267,8
147,46,11,16,259,8,11,8,267,8
147,47,11,16,259,8,11,8,267,8
147,48,11,14,261,7,11,7,268,7
147,49,11,14,261,7,11,7,268,7
147,50,11,14,261,7,11,7,268,7
147,51,11,16,259,8,11,8,267,8
147,52,11,16,259,8,11,8,267,8
147,53,11,16,259,8,11,8,267,8
147,54,11,15,260,4,11,11,264,4
147,55,11,15,260,4,11,11,264,4
147,56,11,15,260,4,11,11,264,4
147,57,11,16,259,10,11,6,269,10
147,58,11,16,259,10,11,6,269,10
147,59,11,15,260,10,11,5,270,10
147,60,11,15,260,2,11,13,262,2
147,61,11,15,260,2,11,13,262,2
147,62,11,15,260,2,11,13,262,2
147,63,11,15,260,7,11,8,267,7
147,64,11,15,260,7,11,8,267,7
147,65,11,15,260,7,11,8,267,7
147,66,11,16,259,0,11,16,259,0
147,67,11,16,259,0,11,16,259,0
147,68,11,16,259,0,11,16,259,0
147,69,11,15,260,4,11,11,264,4
147,70,11,15,260,4,11,11,264,4
147,71,11,15,260,4,11,11,264,4
147,72,11,15,260,-2,11,17,258,-2
147,73,11,15,260,-2,11,17,258,-2
147,74,11,15,260,-2,11,17,258,-2
147,75,11,15,260,4,11,11,264,4
147,76,11,15,260,4,11,11,264,4
147,77,11,15,260,4,11,11,264,4
147,78,11,15,260,-2,11,17,258,-2
147,79,11,15,260,-2,11,17,258,-2
147,80,11,15,260,-2,11,17,258,-2
147,81,11,15,260,-3,11,18,257,-3
147,82,11,15,260,-3,11,18,257,-3
147,83,11,15,260,-3,11,18,257,-3
147,84,11,15,260,-1,11,16,259,-1
147,85,11,15,260,-1,11,16,259,-1
147,86,11,15,260,-1,11,16,259,-1
147,87,11,15,260,-4,11,19,256,-4
147,88,11,15,260,-4,11,19,256,-4
147,89,11,15,260,-4,11,19,256,-4
147,90,11,16,259,7,11,9,266,7
147,91,11,16,259,7,11,9,266,7
147,92,11,16,259,7,11,9,266,7
147,93,11,15,260,-3,11,18,257,-3
147,94,11,15,260,-3,11,18,257,-3
147,95,11,15,260,-3,11,18,257,-3
148,0,11,14,261,-1,11,15,260,-1
148,1,11,14,261,-1,11,15,260,-1
148,2,11,14,261,-1,11,15,260,-1
148,3,11,16,259,-1,11,17,258,-1
148,4,11,16,259,-1,11,17,258,-1
148,5,11,16,259,-1,11,17,258,-1
148,6,11,15,260,7,11,8,267,7
148,7,11,15,260,7,11,8,267,7
148,8,11,15,260,7,11,8,267,7
148,9,11,18,257,-10,10,3,247,-10
148,10,11,18,257,-10,10,3,247,-10
148,11,11,18,257,-10,10,3,247,-10
148,12,14,23,327,0,14,23,327,0
148,13,14,23,327,0,14,23,327,0
148,14,14,23,327,0,14,23,327,0
148,15,14,23,327,0,14,23,327,0
148,16,14,23,327,0,14,23,327,0
148,17,14,23,327,0,14,23,327,0
148,18,14,23,327,0,14,23,327,0
148,19,14,23,327,0,14,23,327,0
148,20,14,23,327,0,14,23,327,0
148,21,14,23,327,0,14,23,327,0
148,22,14,23,327,0,14,23,327,0
148,23,14,23,327,0,14,23,327,0
148,24,14,23,327,0,14,23,327,0
148,25,14,23,327,0,14,23,327,0
148,26,14,23,327,0,14,23,327,0
148,27,14,23,327,0,14,23,327,0
148,28,14,23,327,0,14,23,327,0
148,29,14,23,327,0,14,23,327,0
148,30,14,23,327,0,14,23,327,0
148,31,14,23,327,0,14,23,327,0
148,32,14,23,327,0,14,23,327,0
148,33,14,23,327,0,14,23,327,0
148,34,14,23,327,0,14,23,327,0
148,35,14,23,327,0,14,23,327,0
148,36,11,19,256,0,11,19,256,0
148,37,11,19,256,0,11,19,256,0
148,38,11,19,256,0,11,19,256,0
148,39,11,18,257,2,11,16,259,2
148,40,11,18,257,2,11,16,259,2
148,41,11,18,257,2,11,16,259,2
148,42,11,16,259,3,11,13,262,3
148,43,11,15,260,3,11,12,263,3
148,44,11,16,259,3,11,13,262,3
148,45,11,20,255,-4,11,24,251,-4
148,46,11,19,256,-4,11,23,252,-4
148,47,11,19,256,-4,11,23,252,-4
148,48,11,15,260,7,11,8,267,7
148,49,11,15,260,7,11,8,267,7
148,50,11,15,260,7,11,8,267,7
148,51,11,18,257,4,11,14,261,4
148,52,11,18,257,4,11,14,261,4
148,53,11,18,257,4,11,14,261,4
148,54,11,17,258,-9,10,1,249,-9
148,55,11,17,258,-9,10,1,249,-9
148,56,11,17,258,-9,10,1,249,-9
148,57,11,16,259,4,11,12,263,4
148,58,11,16,259,4,11,12,263,4
148,59,11,16,259,4,11,12,263,4
148,60,11,19,256,-6,10,0,250,-6
148,61,11,19,256,-6,10,0,250,-6
148,62,11,19,256,-6,10,0,250,-6
148,63,11,19,256,-3,11,22,253,-3
148,64,11,19,256,-3,11,22,253,-3
148,65,11,19,256,-3,11,22,253,-3
148,66,11,19,256,-3,11,22,253,-3
148,67,11,19,256,-3,11,22,253,-3
148,68,11,19,256,-3,11,22,253,-3
148,69,11,17,258,3,11,14,261,3
148,70,11,17,258,3,11,14,261,3
148,71,11,16,259,3,11,13,262,3
148,72,11,16,259,-2,11,18,257,-2
148,73,11,16,259,-2,11,18,257,-2
148,74,11,16,259,-2,11,18,257,-2
148,75,11,20,255,0,11,20,255,0
148,76,11,20,255,0,11,20,255,0
148,77,11,20,255,0,11,20,255,0
148,78,11,16,259,-8,11,24,251,-8
148,79,11,16,259,-8,11,24,251,-8
148,80,11,16,259,-8,11,24,251,-8
148,81,11,16,259,-7,11,23,252,-7
148,82,11,16,259,-7,11,23,252,-7
148,83,11,16,259,-7,11,23,252,-7
148,84,11,18,257,-10,10,3,247,-10
148,85,11,18,257,-10,10,3,247,-10
148,86,11,18,257,-10,10,3,247,-10
148,87,11,17,258,-6,11,23,252,-6
148,88,11,17,258,-6,11,23,252,-6
148,89,11,17,258,-6,11,23,252,-6
148,90,11,21,254,-1,11,22,253,-1
148,91,11,21,254,-1,11,22,253,-1
148,92,11,21,254,-1,11,22,253,-1
148,93,11,21,254,3,11,18,257,3
148,94,11,21,254,3,11,18,257,3
148,95,11,21,254,3,11,18,257,3
149,0,12,16,284,1,12,15,285,1
149,1,12,16,284,1,12,15,285,1
149,2,12,16,284,1,12,15,285,1
149,3,12,16,284,-5,12,21,279,-5
149,4,12,16,284,-5,12,21,279,-5
149,5,12,16,284,-5,12,21,279,-5
149,6,12,17,283,5,12,12,288,5
149,7,12,17,283,5,12,12,288,5
149,8,12,17,283,5,12,12,288,5
149,9,12,15,285,2,12,13,287,2
149,10,12,15,285,2,12,13,287,2
149,11,12,15,285,2,12,13,287,2
149,12,15,23,352,0,15,23,352,0
149,13,15,23,352,0,15,23,352,0
149,14,15,23,352,0,15,23,352,0
149,15,15,23,352,0,15,23,352,0
149,16,15,23,352,0,15,23,352,0
149,17,15,23,352,0,15,23,352,0
149,18,15,23,352,0,15,23,352,0
149,19,15,23,352,0,15,23,352,0
149,20,15,23,352,0,15,23,352,0
149,21,15,23,352,0,15,23,352,0
149,22,15,23,352,0,15,23,352,0
149,23,15,23,352,0,15,23,352,0
149,24,15,23,352,0,15,23,352,0
149,25,15,23,352,0,15,23,352,0
149,26,15,23,352,0,15,23,352,0
149,27,15,23,352,0,15,23,352,0
149,28,15,23,352,0,15,23,352,0
149,29,15,23,352,0,15,23,352,0
149,30,15,23,352,0,15,23,352,0
149,31,15,23,352,0,15,23,352,0
149,32,15,23,352,0,15,23,352,0
149,33,15,23,352,0,15,23,352,0
149,34,15,23,352,0,15,23,352,0
149,35,15,23,352,0,15,23,352,0
149,36,12,16,284,1,12,15,285,1
149,37,12,16,284,1,12,15,285,1
149,38,12,16,284,1,12,15,285,1
149,39,12,17,283,-5,12,22,278,-5
149,40,12,17,283,-5,12,22,278,-5
149,41,12,17,283,-5,12,22,278,-5
149,42,12,16,284,-7,12,23,277,-7
149,43,12,16,284,-7,12,23,277,-7
149,44,12,16,284,-7,12,23,277,-7
149,45,12,18,282,5,12,13,287,5
149,46,12,18,282,5,12,13,287,5
149,47,12,18,282,5,12,13,287,5
149,48,12,17,283,-2,12,19,281,-2
149,49,12,17,283,-2,12,19,281,-2
149,50,12,17,283,-2,12,19,281,-2
149,51,12,19,281,10,12,9,291,10
149,52,12,19,281,10,12,9,291,10
149,53,12,19,281,10,12,9,291,10
149,54,12,20,280,-7,11,2,273,-7
149,55,12,20,280,-7,11,2,273,-7
149,56,12,20,280,-7,11,2,273,-7
149,57,12,19,281,-9,11,3,272,-9
149,58,12,19,281,-9,11,3,272,-9
149,59,12,19,281,-9,11,3,272,-9
149,60,12,15,285,7,12,8,292,7
149,61,12,15,285,7,12,8,292,7
149,62,12,15,285,7,12,8,292,7
149,63,12,19,281,-2,12,21,279,-2
149,64,12,19,281,-2,12,21,279,-2
149,65,12,19,281,-2,12,21,279,-2
149,66,12,19,281,8,12,11,289,8
149,67,12,19,281,8,12,11,289,8
149,68,12,19,281,8,12,11,289,8
149,69,12,20,280,-5,11,0,275,-5
149,70,12,20,280,-5,11,0,275,-5
149,71,12,20,280,-5,11,0,275,-5
149,72,12,18,282,1,12,17,283,1
149,73,12,18,282,1,12,17,283,1
149,74,12,18,282,1,12,17,283,1
149,75,12,17,283,-8,11,0,275,-8
149,76,12,17,283,-8,11,0,275,-8
149,77,12,17,283,-8,11,0,275,-8
149,78,12,20,280,5,12,15,285,5
149,79,12,20,280,5,12,15,285,5
149,80,12,20,280,5,12,15,285,5
149,81,12,19,281,2,12,17,283,2
149,82,12,19,281,2,12,17,283,2
149,83,12,19,281,2,12,17,283,2
149,84,12,15,285,1,12,14,286,1
149,85,12,15,285,1,12,14,286,1
149,86,12,15,285,1,12,14,286,1
149,87,12,19,281,5,12,14,286,5
149,88,12,19,281,5,12,14,286,5
149,89,12,19,281,5,12,14,286,5
149,90,12,20,280,-3,12,23,277,-3
149,91,12,20,280,-3,12,23,277,-3
149,92,12,20,280,-3,12,23,277,-3
149,93,12,18,282,5,12,13,287,5
149,94,12,18,282,5,12,13,287,5
149,95,12,18,282,5,12,13,287,5
150,0,11,9,266,0,11,9,266,0
150,1,11,9,266,0,11,9,266,0
150,2,11,9,266,0,11,9,266,0
150,3,11,9,266,0,11,9,266,0
150,4,11,9,266,0,11,9,266,0
150,5,11,9,266,0,11,9,266,0
150,6,11,9,266,0,11,9,266,0
150,7,11,9,266,0,11,9,266,0
150,8,11,9,266,0,11,9,266,0
150,9,11,17,258,-9,10,1,249,-9
150,10,11,17,258,-9,10,1,249,-9
150,11,11,17,258,-9,10,1,249,-9
150,12,14,23,327,0,14,23,327,0
150,13,14,23,327,0,14,23,327,0
150,14,14,23,327,0,14,23,327,0
150,15,14,23,327,0,14,23,327,0
150,16,14,23,327,0,14,23,327,0
150,17,14,23,327,0,14,23,327,0
150,18,14,23,327,0,14,23,327,0
150,19,14,23,327,0,14,23,327,0
150,20,14,23,327,0,14,23,327,0
150,21,14,23,327,0,14,23,327,0
150,22,14,23,327,0,14,23,327,0
150,23,14,23,327,0,14,23,327,0
150,24,14,23,327,0,14,23,327,0
150,25,14,23,327,0,14,23,327,0
150,26,14,23,327,0,14,23,327,0
150,27,14,23,327,0,14,23,327,0
150,28,14,23,327,0,14,23,327,0
150,29,14,23,327,0,14,23,327,0
150,30,14,23,327,0,14,23,327,0
150,31,14,23,327,0,14,23,327,0
150,32,14,23,327,0,14,23,327,0
150,33,14,23,327,0,14,23,327,0
150,34,14,23,327,0,14,23,327,0
150,35,14,23,327,0,14,23,327,0
150,36,11,18,257,-10,10,3,247,-10
150,37,11,18,257,-10,10,3,247,-10
150,38,11,18,257,-10,10,3,247,-10
150,39,11,15,260,0,11,15,260,0
150,40,11,15,260,0,11,15,260,0
150,41,11,15,260,0,11,15,260,0
150,42,11,16,259,2,11,14,261,2
150,43,11,16,259,2,11,14,261,2
150,44,11,16,259,2,11,14,261,2
150,45,11,18,257,-8,10,1,249,-8
150,46,11,18,257,-8,10,1,249,-8
150,47,11,18,257,-8,10,1,249,-8
150,48,11,12,263,5,11,7,268,5
150,49,11,12,263,5,11,7,268,5
150,50,11,12,263,5,11,7,268,5
150,51,11,14,261,-7,11,21,254,-7
150,52,11,14,261,-7,11,21,254,-7
150,53,11,14,261,-7,11,21,254,-7
150,54,11,17,258,4,11,13,262,4
150,55,11,17,258,4,11,13,262,4
150,56,11,17,258,4,11,13,262,4
150,57,11,16,259,-4,11,20,255,-4
150,58,11,16,259,-4,11,20,255,-4
150,59,11,16,259,-4,11,20,255,-4
150,60,11,13,262,-1,11,14,261,-1
150,61,11,13,262,-1,11,14,261,-1
150,62,11,13,262,-1,11,14,261,-1
150,63,11,13,262,2,11,11,264,2
150,64,11,13,262,2,11,11,264,2
150,65,11,13,262,2,11,11,264,2
150,66,11,15,260,-6,11,21,254,-6
150,67,11,15,260,-6,11,21,254,-6
150,68,11,15,260,-6,11,21,254,-6
150,69,11,15,260,-7,11,22,253,-7
150,70,11,15,260,-7,11,22,253,-7
150,71,11,15,260,-7,11,22,253,-7
150,72,11,13,262,-10,11,23,252,-10
150,73,11,13,262,-10,11,23,252,-10
150,74,11,13,262,-10,11,23,252,-10
150,75,11,14,261,6,11,8,267,6
150,76,11,14,261,6,11,8,267,6
150,77,11,14,261,6,11,8,267,6
150,78,11,16,259,7,11,9,266,7
150,79,11,16,259,7,11,9,266,7
150,80,11,16,259,7,11,9,266,7
150,81,11,19,256,2,11,17,258,2
150,82,11,19,256,2,11,17,258,2
150,83,11,19,256,2,11,17,258,2
150,84,11,14,261,5,11,9,266,5
150,85,11,14,261,5,11,9,266,5
150,86,11,14,261,5,11,9,266,5
150,87,11,14,261,1,11,13,262,1
150,88,11,14,261,1,11,13,262,1
150,89,11,14,261,1,11,13,262,1
150,90,11,16,259,-1,11,17,258,-1
150,91,11,16,259,-1,11,17,258,-1
150,92,11,16,259,-1,11,17,258,-1
150,93,11,18,257,-3,11,21,254,-3
150,94,11,18,257,-3,11,21,254,-3
150,95,11,18,257,-3,11,21,254,-3
151,0,10,16,234,-1,10,17,233,-1
151,1,10,16,234,-1,10,17,233,-1
151,2,10,16,234,-1,10,17,233,-1
151,3,10,17,233,-10,9,2,223,-10
151,4,10,17,233,-10,9,2,223,-10
151,5,10,17,233,-10,9,2,223,-10
151,6,10,18,232,1,10,17,233,1
151,7,10,18,232,1,10,17,233,1
151,8,10,18,232,1,10,17,233,1
151,9,10,14,236,5,10,9,241,5
151,10,10,14,236,5,10,9,241,5
151,11,10,14,236,5,10,9,241,5
151,12,13,22,303,0,13,22,303,0
151,13,13,22,303,0,13,22,303,0
151,14,13,22,303,0,13,22,303,0
151,15,13,22,303,0,13,22,303,0
151,16,13,22,303,0,13,22,303,0
151,17,13,22,303,0,13,22,303,0
151,18,13,22,303,0,13,22,303,0
151,19,13,22,303,0,13,22,303,0
151,20,13,22,303,0,13,22,303,0
151,21,13,22,303,0,13,22,303,0
151,22,13,22,303,0,13,22,303,0
151,23,13,22,303,0,13,22,303,0
151,24,13,23,302,0,13,23,302,0
151,25,13,23,302,0,13,23,302,0
151,26,13,23,302,0,13,23,302,0
151,27,13,23,302,0,13,23,302,0
151,28,13,23,302,0,13,23,302,0
151,29,13,23,302,0,13,23,302,0
151,30,13,23,302,0,13,23,302,0
151,31,13,23,302,0,13,23,302,0
151,32,13,23,302,0,13,23,302,0
151,33,13,23,302,0,13,23,302,0
151,34,13,23,302,0,13,23,302,0
151,35,13,23,302,0,13,23,302,0
151,36,10,17,233,-4,10,21,229,-4
151,37,10,17,233,-4,10,21,229,-4
151,38,10,17,233,-4,10,21,229,-4
151,39,10,14,236,9,10,5,245,9
151,40,10,14,236,9,10,5,245,9
151,41,10,14,236,9,10,5,245,9
151,42,10,15,235,-8,10,23,227,-8
151,43,10,15,235,-8,10,23,227,-8
151,44,10,15,235,-8,10,23,227,-8
151,45,10,16,234,-6,10,22,228,-6
151,46,10,16,234,-6,10,22,228,-6
151,47,10,16,234,-6,10,22,228,-6
151,48,10,15,235,-7,10,22,228,-7
151,49,10,15,235,-7,10,22,228,-7
151,50,10,15,235,-7,10,22,228,-7
151,51,10,18,232,6,10,12,238,6
151,52,10,18,232,6,10,12,238,6
151,53,10,18,232,6,10,12,238,6
151,54,10,18,232,10,10,8,242,10
151,55,10,18,232,10,10,8,242,10
151,56,10,18,232,10,10,8,242,10
151,57,10,16,234,-4,10,20,230,-4
151,58,10,16,234,-4,10,20,230,-4
151,59,10,16,234,-4,10,20,230,-4
151,60,10,18,232,9,10,9,241,9
151,61,10,18,232,9,10,9,241,9
151,62,10,18,232,9,10,9,241,9
151,63,10,16,234,8,10,8,242,8
151,64,10,16,234,8,10,8,242,8
151,65,10,16,234,8,10,8,242,8
151,66,10,19,231,-2,10,21,229,-2
151,67,10,19,231,-2,10,21,229,-2
151,68,10,19,231,-2,10,21,229,-2
151,69,10,18,232,-10,9,3,222,-10
151,70,10,18,232,-10,9,3,222,-10
151,71,10,18,232,-10,9,3,222,-10
151,72,10,15,235,2,10,13,237,2
151,73,10,16,234,2,10,14,236,2
151,74,10,15,235,9,10,6,244,9
151,75,10,16,234,2,10,14,236,2
151,76,10,15,235,9,10,6,244,9
151,77,10,14,236,9,10,5,245,9
151,78,10,18,232,3,10,15,235,3
151,79,10,17,233,3,10,14,236,3
151,80,10,18,232,3,10,15,235,3
151,81,10,15,235,0,10,15,235,0
151,82,10,15,235,0,10,15,235,0
151,83,10,15,235,0,10,15,235,0
151,84,10,14,236,2,10,12,238,2
151,85,10,15,235,2,10,13,237,2
151,86,10,15,235,2,10,13,237,2
151,87,10,16,234,9,10,7,243,9
151,88,10,16,234,9,10,7,243,9
151,89,10,16,234,9,10,7,243,9
151,90,10,18,232,8,10,10,240,8
151,91,10,18,232,8,10,10,240,8
151,92,10,18,232,8,10,10,240,8
151,93,10,18,232,-7,9,0,225,-7
151,94,10,18,232,-7,9,0,225,-7
151,95,10,18,232,-7,9,0,225,-7
152,0,11,17,258,1,11,16,259,1
152,1,11,17,258,1,11,16,259,1
152,2,11,17,258,1,11,16,259,1
152,3,11,17,258,-3,11,20,255,-3
152,4,11,17,258,-3,11,20,255,-3
152,5,11,17,258,-3,11,20,255,-3
152,6,11,15,260,0,11,15,260,0
152,7,11,15,260,0,11,15,260,0
152,8,11,15,260,0,11,15,260,0
152,9,11,15,260,-7,11,22,253,-7
152,10,11,15,260,-7,11,22,253,-7
152,11,11,15,260,-7,11,22,253,-7
152,12,14,23,327,0,14,23,327,0
152,13,14,23,327,0,14,23,327,0
152,14,14,23,327,0,14,23,327,0
152,15,14,23,327,0,14,23,327,0
152,16,14,23,327,0,14,23,327,0
152,17,14,23,327,0,14,23,327,0
152,18,14,23,327,0,14,23,327,0
152,19,14,23,327,0,14,23,327,0
152,20,14,23,327,0,14,23,327,0
152,21,14,23,327,0,14,23,327,0
152,22,14,23,327,0,14,23,327,0
152,23,14,23,327,0,14,23,327,0
152,24,14,23,327,0,14,23,327,0
152,25,14,23,327,0,14,23,327,0
152,26,14,23,327,0,14,23,327,0
152,27,14,23,327,0,14,23,327,0
152,28,14,23,327,0,14,23,327,0
152,29,14,23,327,0,14,23,327,0
152,30,14,23,327,0,14,23,327,0
152,31,14,23,327,0,14,23,327,0
152,32,14,23,327,0,14,23,327,0
152,33,14,23,327,0,14,23,327,0
152,34,14,23,327,0,14,23,327,0
152,35,14,23,327,0,14,23,327,0
152,36,11,15,260,1,11,14,261,1
152,37,11,15,260,1,11,14,261,1
152,38,11,15,260,1,11,14,261,1
152,39,11,16,259,1,11,15,260,1
152,40,11,16,259,1,11,15,260,1
152,41,11,16,259,1,11,15,260,1
152,42,11,19,256,-6,10,0,250,-6
152,43,11,19,256,-6,10,0,250,-6
152,44,11,19,256,-6,10,0,250,-6
152,45,11,19,256,-5,11,24,251,-5
152,46,11,19,256,-5,11,24,251,-5
152,47,11,19,256,-5,11,24,251,-5
152,48,11,16,259,2,11,14,261,2
152,49,11,16,259,2,11,14,261,2
152,50,11,16,259,2,11,14,261,2
152,51,11,19,256,0,11,19,256,0
152,52,11,19,256,0,11,19,256,0
152,53,11,19,256,0,11,19,256,0
152,54,11,19,256,6,11,13,262,6
152,55,11,19,256,6,11,13,262,6
152,56,11,19,256,6,11,13,262,6
152,57,11,16,259,6,11,10,265,6
152,58,11,16,259,6,11,10,265,6
152,59,11,16,259,6,11,10,265,6
152,60,11,16,259,1,11,15,260,1
152,61,11,16,259,1,11,15,260,1
152,62,11,16,259,1,11,15,260,1
152,63,11,18,257,10,11,8,267,10
152,64,11,18,257,10,11,8,267,10
152,65,11,18,257,10,11,8,267,10
152,66,11,19,256,-9,10,3,247,-9
152,67,11,19,256,-9,10,3,247,-9
152,68,11,19,256,-9,10,3,247,-9
152,69,11,18,257,-7,10,0,250,-7
152,70,11,18,257,-7,10,0,250,-7
152,71,11,18,257,-7,10,0,250,-7
152,72,11,18,257,6,11,12,263,6
152,73,11,18,257,6,11,12,263,6
152,74,11,18,257,6,11,12,263,6
152,75,11,16,259,2,11,14,261,2
152,76,11,16,259,2,11,14,261,2
152,77,11,16,259,2,11,14,261,2
152,78,11,18,257,1,11,17,258,1
152,79,11,18,257,1,11,17,258,1
152,80,11,18,257,1,11,17,258,1
152,81,11,19,256,-2,11,21,254,-2
152,82,11,19,256,-2,11,21,254,-2
152,83,11,19,256,-2,11,21,254,-2
152,84,11,19,256,7,11,12,263,7
152,85,11,19,256,7,11,12,263,7
152,86,11,19,256,7,11,12,263,7
152,87,11,15,260,0,11,15,260,0
152,88,11,15,260,0,11,15,260,0
152,89,11,15,260,0,11,15,260,0
152,90,11,17,258,-2,11,19,256,-2
152,91,11,17,258,-2,11,19,256,-2
152,92,11,17,258,-2,11,19,256,-2
152,93,11,15,260,8,11,7,268,8
152,94,11,15,260,8,11,7,268,8
152,95,11,15,260,8,11,7,268,8
153,0,12,15,285,5,12,10,290,5
153,1,12,15,285,5,12,10,290,5
153,2,12,15,285,5,12,10,290,5
153,3,12,15,285,5,12,10,290,5
153,4,12,15,285,5,12,10,290,5
153,5,12,15,285,5,12,10,290,5
153,6,12,16,284,-6,12,22,278,-6
153,7,12,17,283,-6,12,23,277,-6
153,8,12,17,283,-6,12,23,277,-6
153,9,12,15,285,10,12,5,295,10
153,10,12,16,284,10,12,6,294,10
153,11,12,16,284,10,12,6,294,10
153,12,15,23,352,0,15,23,352,0
153,13,15,23,352,0,15,23,352,0
153,14,15,23,352,0,15,23,352,0
153,15,15,23,352,0,15,23,352,0
153,16,15,23,352,0,15,23,352,0
153,17,15,23,352,0,15,23,352,0
153,18,15,23,352,0,15,23,352,0
153,19,15,23,352,0,15,23,352,0
153,20,15,23,352,0,15,23,352,0
153,21,15,23,352,0,15,23,352,0
153,22,15,23,352,0,15,23,352,0
153,23,15,23,352,0,15,23,352,0
153,24,15,23,352,0,15,23,352,0
153,25,15,23,352,0,15,23,352,0
153,26,15,23,352,0,15,23,352,0
153,27,15,23,352,0,15,23,352,0
153,28,15,23,352,0,15,23,352,0
153,29,15,23,352,0,15,23,352,0
153,30,15,23,352,0,15,23,352,0
153,31,15,23,352,0,15,23,352,0
153,32,15,23,352,0,15,23,352,0
153,33,15,23,352,0,15,23,352,0
153,34,15,23,352,0,15,23,352,0
153,35,15,23,352,0,15,23,352,0
153,36,12,20,280,-2,12,22,278,-2
153,37,12,20,280,-2,12,22,278,-2
153,38,12,20,280,-2,12,22,278,-2
153,39,12,17,283,-10,11,2,273,-10
153,40,12,17,283,-10,11,2,273,-10
153,41,12,17,283,-10,11,2,273,-10
153,42,12,18,282,-4,12,22,278,-4
153,43,12,18,282,-4,12,22,278,-4
153,44,12,18,282,-4,12,22,278,-4
153,45,12,20,280,-6,11,1,274,-6
153,46,12,20,280,-6,11,1,274,-6
153,47,12,20,280,-6,11,1,274,-6
153,48,12,18,282,-6,12,24,276,-6
153,49,12,17,283,-6,12,23,277,-6
153,50,12,17,283,-6,12,23,277,-6
153,51,12,16,284,7,12,9,291,7
153,52,12,16,284,7,12,9,291,7
153,53,12,16,284,7,12,9,291,7
153,54,12,19,281,5,12,14,286,5
153,55,12,19,281,5,12,14,286,5
153,56,12,19,281,5,12,14,286,5
153,57,12,18,282,-1,12,19,281,-1
153,58,12,18,282,-1,12,19,281,-1
153,59,12,18,282,-1,12,19,281,-1
153,60,12,18,282,-5,12,23,277,-5
153,61,12,18,282,-5,12,23,277,-5
153,62,12,18,282,-5,12,23,277,-5
153,63,12,20,280,-7,11,2,273,-7
153,64,12,20,280,-7,11,2,273,-7
153,65,12,20,280,-7,11,2,273,-7
153,66,12,17,283,-5,12,22,278,-5
153,67,12,17,283,-5,12,22,278,-5
153,68,12,17,283,-5,12,22,278,-5
153,69,12,18,282,-5,12,23,277,-5
153,70,12,18,282,-5,12,23,277,-5
153,71,12,18,282,-5,12,23,277,-5
153,72,12,20,280,-7,11,2,273,-7
153,73,12,20,280,-7,11,2,273,-7
153,74,12,20,280,-7,11,2,273,-7
153,75,13,4,321,0,13,4,321,0
153,76,13,4,321,0,13,4,321,0
153,77,13,4,321,0,13,4,321,0
153,78,12,21,279,0,12,21,279,0
153,79,12,21,279,0,12,21,279,0
153,80,12,21,279,0,12,21,279,0
153,81,12,21,279,2,12,19,281,2
153,82,12,21,279,2,12,19,281,2
153,83,12,21,279,2,12,19,281,2
153,84,12,19,281,0,12,19,281,0
153,85,12,19,281,0,12,19,281,0
153,86,12,19,281,0,12,19,281,0
153,87,12,17,283,4,12,13,287,4
153,88,12,17,283,4,12,13,287,4
153,89,12,17,283,4,12,13,287,4
153,90,12,17,283,3,12,14,286,3
153,91,12,17,283,3,12,14,286,3
153,92,12,17,283,3,12,14,286,3
153,93,12,19,281,5,12,14,286,5
153,94,12,19,281,5,12,14,286,5
153,95,12,19,281,5,12,14,286,5
154,0,12,17,283,-1,12,18,282,-1
154,1,12,17,283,-1,12,18,282,-1
154,2,12,17,283,-1,12,18,282,-1
154,3,12,16,284,8,12,8,292,8
154,4,12,16,284,8,12,8,292,8
154,5,12,17,283,8,12,9,291,8
154,6,12,16,284,-8,12,24,276,-8
154,7,12,16,284,-8,12,24,276,-8
154,8,12,16,284,-8,12,24,276,-8
154,9,12,16,284,-8,12,24,276,-8
154,10,12,16,284,-8,12,24,276,-8
154,11,12,16,284,-8,12,24,276,-8
154,12,12,15,285,-7,12,22,278,-7
154,13,12,15,285,-7,12,22,278,-7
154,14,12,15,285,-7,12,22,278,-7
154,15,12,15,285,-2,12,17,283,-2
154,16,12,15,285,-2,12,17,283,-2
154,17,12,15,285,-2,12,17,283,-2
154,18,12,17,283,4,12,13,287,4
154,19,12,17,283,4,12,13,287,4
154,20,12,17,283,4,12,13,287,4
154,21,12,16,284,7,12,9,291,7
154,22,12,16,284,7,12,9,291,7
154,23,12,16,284,7,12,9,291,7
154,24,15,24,351,0,15,24,351,0
154,25,15,24,351,0,15,24,351,0
154,26,15,24,351,0,15,24,351,0
154,27,15,24,351,0,15,24,351,0
154,28,15,24,351,0,15,24,351,0
154,29,15,24,351,0,15,24,351,0
154,30,15,24,351,0,15,24,351,0
154,31,15,24,351,0,15,24,351,0
154,32,15,24,351,0,15,24,351,0
154,33,15,24,351,0,15,24,351,0
154,34,15,24,351,0,15,24,351,0
154,35,15,24,351,0,15,24,351,0
154,36,12,18,282,-10,11,3,272,-10
154,37,12,18,282,-10,11,3,272,-10
154,38,12,18,282,-10,11,3,272,-10
154,39,12,19,281,-7,11,1,274,-7
154,40,12,19,281,-7,11,1,274,-7
154,41,12,19,281,-7,11,1,274,-7
154,42,12,16,284,3,12,13,287,3
154,43,12,16,284,3,12,13,287,3
154,44,12,16,284,3,12,13,287,3
154,45,12,18,282,-3,12,21,279,-3
154,46,12,18,282,-3,12,21,279,-3
154,47,12,18,282,-3,12,21,279,-3
154,48,12,5,295,0,12,5,295,0
154,49,12,5,295,0,12,5,295,0
154,50,12,5,295,0,12,5,295,0
154,51,12,5,295,0,12,5,295,0
154,52,12,5,295,0,12,5,295,0
154,53,12,5,295,0,12,5,295,0
154,54,12,16,284,-3,12,19,281,-3
154,55,12,16,284,-3,12,19,281,-3
154,56,12,16,284,-3,12,19,281,-3
154,57,12,18,282,-2,12,20,280,-2
154,58,12,18,282,-2,12,20,280,-2
154,59,12,18,282,-2,12,20,280,-2
154,60,12,6,294,0,12,6,294,0
154,61,12,6,294,0,12,6,294,0
154,62,12,6,294,0,12,6,294,0
154,63,12,6,294,0,12,6,294,0
154,64,12,6,294,0,12,6,294,0
154,65,12,6,294,0,12,6,294,0
154,66,12,6,294,0,12,6,294,0
154,67,12,6,294,0,12,6,294,0
154,68,12,6,294,0,12,6,294,0
154,69,12,6,294,0,12,6,294,0
154,70,12,6,294,0,12,6,294,0
154,71,12,6,294,0,12,6,294,0
154,72,12,18,282,9,12,9,291,9
154,73,12,18,282,9,12,9,291,9
154,74,12,18,282,9,12,9,291,9
154,75,12,16,284,-5,12,21,279,-5
154,76,12,16,284,-5,12,21,279,-5
154,77,12,16,284,-5,12,21,279,-5
154,78,12,17,283,3,12,14,286,3
154,79,12,17,283,3,12,14,286,3
154,80,12,17,283,3,12,14,286,3
154,81,12,18,282,-3,12,21,279,-3
154,82,12,18,282,-3,12,21,279,-3
154,83,12,18,282,-3,12,21,279,-3
154,84,13,13,312,0,13,13,312,0
154,85,13,13,312,0,13,13,312,0
154,86,13,13,312,0,13,13,312,0
154,87,13,13,312,0,13,13,312,0
154,88,13,13,312,0,13,13,312,0
154,89,13,13,312,0,13,13,312,0
154,90,13,13,312,0,13,13,312,0
154,91,13,13,312,0,13,13,312,0
154,92,13,13,312,0,13,13,312,0
154,93,13,13,312,0,13,13,312,0
154,94,13,13,312,0,13,13,312,0
154,95,13,13,312,0,13,13,312,0
155,0,10,17,233,9,10,8,242,9
155,1,10,17,233,9,10,8,242,9
155,2,10,17,233,9,10,8,242,9
155,3,10,19,231,2,10,17,233,2
155,4,10,19,231,2,10,17,233,2
155,5,10,19,231,2,10,17,233,2
155,6,10,16,234,7,10,9,241,7
155,7,10,16,234,7,10,9,241,7
155,8,10,16,234,7,10,9,241,7
155,9,10,17,233,-5,10,22,228,-5
155,10,10,17,233,-5,10,22,228,-5
155,11,10,17,233,-5,10,22,228,-5
155,12,13,22,303,0,13,22,303,0
155,13,13,22,303,0,13,22,303,0
155,14,13,22,303,0,13,22,303,0
155,15,13,22,303,0,13,22,303,0
155,16,13,22,303,0,13,22,303,0
155,17,13,22,303,0,13,22,303,0
155,18,13,22,303,0,13,22,303,0
155,19,13,22,303,0,13,22,303,0
155,20,13,22,303,0,13,22,303,0
155,21,13,22,303,0,13,22,303,0
155,22,13,22,303,0,13,22,303,0
155,23,13,22,303,0,13,22,303,0
155,24,13,22,303,0,13,22,303,0
155,25,13,22,303,0,13,22,303,0
155,26,13,22,303,0,13,22,303,0
155,27,13,22,303,0,13,22,303,0
155,28,13,22,303,0,13,22,303,0
155,29,13,22,303,0,13,22,303,0
155,30,13,22,303,0,13,22,303,0
155,31,13,22,303,0,13,22,303,0
155,32,13,22,303,0,13,22,303,0
155,33,13,22,303,0,13,22,303,0
155,34,13,22,303,0,13,22,303,0
155,35,13,22,303,0,13,22,303,0
155,36,10,16,234,9,10,7,243,9
155,37,10,16,234,9,10,7,243,9
155,38,10,16,234,9,10,7,243,9
155,39,10,18,232,3,10,15,235,3
155,40,10,18,232,3,10,15,235,3
155,41,10,18,232,3,10,15,235,3
155,42,10,17,233,-6,10,23,227,-6
155,43,10,17,233,-6,10,23,227,-6
155,44,10,17,233,-6,10,23,227,-6
155,45,10,21,229,-4,9,0,225,-4
155,46,10,21,229,-4,9,0,225,-4
155,47,10,21,229,-4,9,0,225,-4
155,48,10,16,234,7,10,9,241,7
155,49,10,16,234,7,10,9,241,7
155,50,10,16,234,7,10,9,241,7
155,51,10,17,233,-4,10,21,229,-4
155,52,10,17,233,-4,10,21,229,-4
155,53,10,17,233,-4,10,21,229,-4
155,54,10,20,230,6,10,14,236,6
155,55,10,20,230,6,10,14,236,6
155,56,10,20,230,6,10,14,236,6
155,57,10,17,233,-4,10,21,229,-4
155,58,10,17,233,-4,10,21,229,-4
155,59,10,17,233,-4,10,21,229,-4
155,60,10,16,234,-2,10,18,232,-2
155,61,10,20,230,8,10,12,238,8
155,62,10,20,230,8,10,12,238,8
155,63,10,16,234,-7,10,23,227,-7
155,64,10,16,234,-7,10,23,227,-7
155,65,10,16,234,-7,10,23,227,-7
155,66,10,21,229,-8,9,4,221,-8
155,67,10,21,229,-8,9,4,221,-8
155,68,10,21,229,-8,9,4,221,-8
155,69,10,20,230,8,10,12,238,8
155,70,10,16,234,-2,10,18,232,-2
155,71,10,16,234,-2,10,18,232,-2
155,72,10,16,234,9,10,7,243,9
155,73,10,16,234,9,10,7,243,9
155,74,10,16,234,9,10,7,243,9
155,75,10,17,233,6,10,11,239,6
155,76,10,17,233,6,10,11,239,6
155,77,10,17,233,6,10,11,239,6
155,78,10,16,234,6,10,10,240,6
155,79,10,16,234,6,10,10,240,6
155,80,10,16,234,6,10,10,240,6
155,81,10,20,230,-3,10,23,227,-3
155,82,10,20,230,-3,10,23,227,-3
155,83,10,20,230,-3,10,23,227,-3
155,84,10,16,234,5,10,11,239,5
155,85,10,16,234,5,10,11,239,5
155,86,10,16,234,5,10,11,239,5
155,87,10,16,234,-1,10,17,233,-1
155,88,10,16,234,-1,10,17,233,-1
155,89,10,16,234,-1,10,17,233,-1
155,90,10,19,231,-7,9,1,224,-7
155,91,10,19,231,-7,9,1,224,-7
155,92,10,19,231,-7,9,1,224,-7
155,93,10,17,233,-2,10,19,231,-2
155,94,10,17,233,-2,10,19,231,-2
155,95,10,17,233,-2,10,19,231,-2
156,0,14,22,328,0,14,22,328,0
156,1,14,22,328,0,14,22,328,0
156,2,11,15,260,-4,11,19,256,-4
156,3,11,15,260,-4,11,19,256,-4
156,4,11,15,260,0,11,15,260,0
156,5,11,15,260,0,11,15,260,0
156,6,11,18,257,4,11,14,261,4
156,7,11,18,257,4,11,14,261,4
156,8,11,19,256,7,11,12,263,7
156,9,11,19,256,7,11,12,263,7
156,10,11,19,256,6,11,13,262,6
156,11,11,19,256,6,11,13,262,6
156,12,14,23,327,0,14,23,327,0
156,13,14,23,327,0,14,23,327,0
156,14,11,16,259,-2,11,18,257,-2
156,15,11,16,259,-2,11,18,257,-2
156,16,11,16,259,4,11,12,263,4
156,17,11,16,259,4,11,12,263,4
156,18,11,15,260,-1,11,16,259,-1
156,19,11,15,260,-1,11,16,259,-1
156,20,11,18,257,4,11,14,261,4
156,21,11,18,257,4,11,14,261,4
156,22,11,17,258,-1,11,18,257,-1
156,23,11,17,258,-1,11,18,257,-1
156,24,14,23,327,0,14,23,327,0
156,25,14,23,327,0,14,23,327,0
156,26,11,15,260,-6,11,21,254,-6
156,27,11,15,260,-6,11,21,254,-6
156,28,11,15,260,-10,10,0,250,-10
156,29,11,15,260,-10,10,0,250,-10
156,30,11,14,261,-1,11,15,260,-1
156,31,11,14,261,-1,11,15,260,-1
156,32,11,17,258,-5,11,22,253,-5
156,33,11,17,258,-5,11,22,253,-5
156,34,11,17,258,9,11,8,267,9
156,35,11,17,258,9,11,8,267,9
156,36,14,23,327,0,14,23,327,0
156,37,14,23,327,0,14,23,327,0
156,38,11,15,260,4,11,11,264,4
156,39,11,15,260,4,11,11,264,4
156,40,11,17,258,3,11,14,261,3
156,41,11,17,258,3,11,14,261,3
156,42,11,16,259,-3,11,19,256,-3
156,43,11,16,259,-3,11,19,256,-3
156,44,11,16,259,0,11,16,259,0
156,45,11,16,259,0,11,16,259,0
156,46,11,18,257,-2,11,20,255,-2
156,47,11,18,257,-2,11,20,255,-2
156,48,12,3,297,0,12,3,297,0
156,49,12,3,297,0,12,3,297,0
156,50,11,18,257,4,11,14,261,4
156,51,11,18,257,4,11,14,261,4
156,52,11,16,259,9,11,7,268,9
156,53,11,16,259,9,11,7,268,9
156,54,11,19,256,-3,11,22,253,-3
156,55,11,19,256,-3,11,22,253,-3
156,56,11,17,258,7,11,10,265,7
156,57,11,17,258,7,11,10,265,7
156,58,11,17,258,-8,10,0,250,-8
156,59,11,17,258,-8,10,0,250,-8
156,60,12,3,297,0,12,3,297,0
156,61,12,3,297,0,12,3,297,0
156,62,11,18,257,-7,10,0,250,-7
156,63,11,18,257,-7,10,0,250,-7
156,64,11,18,257,-1,11,19,256,-1
156,65,11,18,257,-1,11,19,256,-1
156,66,11,15,260,1,11,14,261,1
156,67,11,15,260,1,11,14,261,1
156,68,11,17,258,8,11,9,266,8
156,69,11,17,258,8,11,9,266,8
156,70,11,17,258,-8,10,0,250,-8
156,71,11,17,258,-8,10,0,250,-8
156,72,12,3,297,0,12,3,297,0
156,73,12,3,297,0,12,3,297,0
156,74,11,16,259,-8,11,24,251,-8
156,75,11,16,259,-8,11,24,251,-8
156,76,11,16,259,-5,11,21,254,-5
156,77,11,16,259,-5,11,21,254,-5
156,78,11,16,259,-3,11,19,256,-3
156,79,11,16,259,-3,11,19,256,-3
156,80,11,16,259,-9,10,0,250,-9
156,81,11,16,259,-9,10,0,250,-9
156,82,11,19,256,3,11,16,259,3
156,83,11,19,256,3,11,16,259,3
156,84,12,4,296,0,12,4,296,0
156,85,12,4,296,0,12,4,296,0
156,86,11,19,256,2,11,17,258,2
156,87,11,19,256,2,11,17,258,2
156,88,11,18,257,-7,10,0,250,-7
156,89,11,18,257,-7,10,0,250,-7
156,90,11,15,260,-10,10,0,250,-10
156,91,11,15,260,-10,10,0,250,-10
156,92,11,17,258,5,11,12,263,5
156,93,11,17,258,5,11,12,263,5
156,94,11,17,258,-8,10,0,250,-8
156,95,11,17,258,-8,10,0,250,-8
157,0,12,3,297,0,12,3,297,0
157,1,12,3,297,0,12,3,297,0
157,2,11,16,259,-2,11,18,257,-2
157,3,11,16,259,-2,11,18,257,-2
157,4,11,16,259,-5,11,21,254,-5
157,5,11,16,259,-5,11,21,254,-5
157,6,11,16,259,-5,11,21,254,-5
157,7,11,16,259,-5,11,21,254,-5
157,8,11,18,257,-5,11,23,252,-5
157,9,11,18,257,-5,11,23,252,-5
157,10,11,18,257,-3,11,21,254,-3
157,11,11,18,257,-3,11,21,254,-3
157,12,12,3,297,0,12,3,297,0
157,13,12,3,297,0,12,3,297,0
157,14,11,13,262,5,11,8,267,5
157,15,11,13,262,5,11,8,267,5
157,16,11,16,259,5,11,11,264,5
157,17,11,16,259,5,11,11,264,5
157,18,11,15,260,6,11,9,266,6
157,19,11,15,260,6,11,9,266,6
157,20,11,19,256,-10,10,4,246,-10
157,21,11,19,256,-10,10,4,246,-10
157,22,11,19,256,8,11,11,264,8
157,23,11,19,256,8,11,11,264,8
157,24,12,3,297,0,12,3,297,0
157,25,12,3,297,0,12,3,297,0
157,26,11,16,259,-5,11,21,254,-5
157,27,11,16,259,-5,11,21,254,-5
157,28,11,17,258,-6,11,23,252,-6
157,29,11,17,258,-6,11,23,252,-6
157,30,11,17,258,-2,11,19,256,-2
157,31,11,17,258,-2,11,19,256,-2
157,32,11,18,257,-2,11,20,255,-2
157,33,11,18,257,-2,11,20,255,-2
157,34,11,17,258,6,11,11,264,6
157,35,11,17,258,6,11,11,264,6
157,36,12,4,296,0,12,4,296,0
157,37,12,4,296,0,12,4,296,0
157,38,11,15,260,8,11,7,268,8
157,39,11,16,259,8,11,8,267,8
157,40,11,16,259,2,11,14,261,2
157,41,11,17,258,2,11,15,260,2
157,42,11,17,258,9,11,8,267,9
157,43,11,18,257,9,11,9,266,9
157,44,11,17,258,10,11,7,268,10
157,45,11,17,258,10,11,7,268,10
157,46,11,18,257,-6,11,24,251,-6
157,47,11,17,258,-6,11,23,252,-6
157,48,14,23,327,0,14,23,327,0
157,49,14,23,327,0,14,23,327,0
157,50,12,19,281,7,12,12,288,7
157,51,12,19,281,7,12,12,288,7
157,52,12,18,282,10,12,8,292,10
157,53,12,18,282,10,12,8,292,10
157,54,12,16,284,-8,12,24,276,-8
157,55,12,16,284,-8,12,24,276,-8
157,56,12,18,282,4,12,14,286,4
157,57,12,18,282,4,12,14,286,4
157,58,12,18,282,9,12,9,291,9
157,59,12,18,282,9,12,9,291,9
157,60,14,23,327,0,14,23,327,0
157,61,14,23,327,0,14,23,327,0
157,62,12,16,284,-9,11,0,275,-9
157,63,12,16,284,-9,11,0,275,-9
157,64,12,17,283,-7,12,24,276,-7
157,65,12,17,283,-7,12,24,276,-7
157,66,12,18,282,1,12,17,283,1
157,67,12,18,282,1,12,17,283,1
157,68,12,18,282,0,12,18,282,0
157,69,12,18,282,0,12,18,282,0
157,70,12,20,280,7,12,13,287,7
157,71,12,20,280,7,12,13,287,7
157,72,14,24,326,0,14,24,326,0
157,73,14,24,326,0,14,24,326,0
157,74,12,18,282,-4,12,22,278,-4
157,75,12,18,282,-4,12,22,278,-4
157,76,12,18,282,-2,12,20,280,-2
157,77,12,18,282,-2,12,20,280,-2
157,78,12,19,281,-5,12,24,276,-5
157,79,12,19,281,-5,12,24,276,-5
157,80,12,18,282,7,12,11,289,7
157,81,12,18,282,7,12,11,289,7
157,82,12,20,280,-4,12,24,276,-4
157,83,12,20,280,-4,12,24,276,-4
157,84,14,24,326,0,14,24,326,0
157,85,14,24,326,0,14,24,326,0
157,86,12,20,280,6,12,14,286,6
157,87,12,21,279,6,12,15,285,6
157,88,12,21,279,6,12,15,285,6
157,89,12,20,280,6,12,14,286,6
157,90,12,17,283,7,12,10,290,7
157,91,12,17,283,7,12,10,290,7
157,92,12,18,282,0,12,18,282,0
157,93,12,18,282,0,12,18,282,0
157,94,12,20,280,-7,11,2,273,-7
157,95,12,20,280,-7,11,2,273,-7
158,0,11,14,261,-4,11,18,257,-4
158,1,11,14,261,-4,11,18,257,-4
158,2,11,14,261,-4,11,18,257,-4
158,3,11,13,262,-6,11,19,256,-6
158,4,11,13,262,-6,11,19,256,-6
158,5,11,13,262,-6,11,19,256,-6
158,6,11,14,261,-1,11,15,260,-1
158,7,11,14,261,-1,11,15,260,-1
158,8,11,14,261,-1,11,15,260,-1
158,9,11,8,267,0,11,8,267,0
158,10,12,9,291,0,12,9,291,0
158,11,11,8,267,0,11,8,267,0
158,12,14,23,327,0,14,23,327,0
158,13,14,23,327,0,14,23,327,0
158,14,14,23,327,0,14,23,327,0
158,15,14,23,327,0,14,23,327,0
158,16,14,23,327,0,14,23,327,0
158,17,14,23,327,0,14,23,327,0
158,18,14,23,327,0,14,23,327,0
158,19,14,23,327,0,14,23,327,0
158,20,14,23,327,0,14,23,327,0
158,21,14,23,327,0,14,23,327,0
158,22,14,23,327,0,14,23,327,0
158,23,14,23,327,0,14,23,327,0
158,24,14,23,327,0,14,23,327,0
158,25,14,23,327,0,14,23,327,0
158,26,14,23,327,0,14,23,327,0
158,27,14,23,327,0,14,23,327,0
158,28,14,23,327,0,14,23,327,0
158,29,14,23,327,0,14,23,327,0
158,30,14,23,327,0,14,23,327,0
158,31,14,23,327,0,14,23,327,0
158,32,14,23,327,0,14,23,327,0
158,33,14,23,327,0,14,23,327,0
158,34,14,23,327,0,14,23,327,0
158,35,14,23,327,0,14,23,327,0
158,36,11,17,258,-7,11,24,251,-7
158,37,11,17,258,-7,11,24,251,-7
158,38,11,17,258,-7,11,24,251,-7
158,39,11,15,260,8,11,7,268,8
158,40,11,15,260,8,11,7,268,8
158,41,11,15,260,8,11,7,268,8
158,42,11,14,261,-5,11,19,256,-5
158,43,11,14,261,-5,11,19,256,-5
158,44,11,14,261,-5,11,19,256,-5
158,45,11,14,261,3,11,11,264,3
158,46,11,14,261,3,11,11,264,3
158,47,11,14,261,3,11,11,264,3
158,48,11,16,259,2,11,14,261,2
158,49,11,16,259,2,11,14,261,2
158,50,11,16,259,2,11,14,261,2
158,51,11,15,260,4,11,11,264,4
158,52,11,15,260,4,11,11,264,4
158,53,11,15,260,4,11,11,264,4
158,54,11,19,256,7,11,12,263,7
158,55,11,19,256,7,11,12,263,7
158,56,11,19,256,7,11,12,263,7
158,57,11,18,257,-9,10,2,248,-9
158,58,11,18,257,-9,10,2,248,-9
158,59,11,18,257,-9,10,2,248,-9
158,60,11,17,258,8,11,9,266,8
158,61,11,17,258,8,11,9,266,8
158,62,11,17,258,8,11,9,266,8
158,63,11,14,261,7,11,7,268,7
158,64,11,14,261,7,11,7,268,7
158,65,11,14,261,7,11,7,268,7
158,66,11,14,261,9,11,5,270,9
158,67,11,14,261,9,11,5,270,9
158,68,11,14,261,9,11,5,270,9
158,69,11,16,259,0,11,16,259,0
158,70,11,16,259,0,11,16,259,0
158,71,11,16,259,0,11,16,259,0
158,72,11,14,261,-7,11,21,254,-7
158,73,11,14,261,-7,11,21,254,-7
158,74,11,14,261,-7,11,21,254,-7
158,75,11,15,260,2,11,13,262,2
158,76,11,15,260,2,11,13,262,2
158,77,11,15,260,2,11,13,262,2
158,78,11,15,260,-2,11,17,258,-2
158,79,11,15,260,-2,11,17,258,-2
158,80,11,15,260,-2,11,17,258,-2
158,81,11,15,260,6,11,9,266,6
158,82,11,15,260,6,11,9,266,6
158,83,11,15,260,6,11,9,266,6
158,84,11,15,260,7,11,8,267,7
158,85,11,15,260,7,11,8,267,7
158,86,11,15,260,7,11,8,267,7
158,87,11,17,258,-4,11,21,254,-4
158,88,11,17,258,-4,11,21,254,-4
158,89,11,17,258,-4,11,21,254,-4
158,90,11,16,259,-6,11,22,253,-6
158,91,11,16,259,-6,11,22,253,-6
158,92,11,16,259,-6,11,22,253,-6
158,93,11,16,259,0,11,16,259,0
158,94,11,16,259,0,11,16,259,0
158,95,11,16,259,0,11,16,259,0
159,0,13,22,303,0,13,22,303,0
159,1,13,22,303,0,13,22,303,0
159,2,11,18,257,-5,11,23,252,-5
159,3,11,17,258,-5,11,22,253,-5
159,4,11,19,256,4,11,15,260,4
159,5,11,18,257,4,11,14,261,4
159,6,11,18,257,-5,11,23,252,-5
159,7,11,18,257,-5,11,23,252,-5
159,8,11,20,255,4,11,16,259,4
159,9,11,20,255,4,11,16,259,4
159,10,11,17,258,2,11,15,260,2
159,11,11,18,257,2,11,16,259,2
159,12,13,22,303,0,13,22,303,0
159,13,13,22,303,0,13,22,303,0
159,14,11,18,257,-8,10,1,249,-8
159,15,11,18,257,-8,10,1,249,-8
159,16,11,18,257,-8,10,1,249,-8
159,17,11,18,257,-8,10,1,249,-8
159,18,11,18,257,6,11,12,263,6
159,19,11,18,257,6,11,12,263,6
159,20,11,19,256,-4,11,23,252,-4
159,21,11,19,256,-4,11,23,252,-4
159,22,11,19,256,-2,11,21,254,-2
159,23,11,19,256,-2,11,21,254,-2
159,24,13,23,302,0,13,23,302,0
159,25,13,23,302,0,13,23,302,0
159,26,11,18,257,-8,10,1,249,-8
159,27,11,18,257,-8,10,1,249,-8
159,28,11,18,257,7,11,11,264,7
159,29,11,18,257,7,11,11,264,7
159,30,11,18,257,-6,11,24,251,-6
159,31,11,18,257,-6,11,24,251,-6
159,32,11,17,258,-9,10,1,249,-9
159,33,11,17,258,-9,10,1,249,-9
159,34,11,20,255,6,11,14,261,6
159,35,11,20,255,6,11,14,261,6
159,36,13,23,302,0,13,23,302,0
159,37,13,23,302,0,13,23,302,0
159,38,11,19,256,1,11,18,257,1
159,39,11,19,256,1,11,18,257,1
159,40,11,19,256,6,11,13,262,6
159,41,11,19,256,6,11,13,262,6
159,42,11,19,256,1,11,18,257,1
159,43,11,19,256,1,11,18,257,1
159,44,11,22,253,9,11,13,262,9
159,45,11,22,253,9,11,13,262,9
159,46,11,21,254,-8,10,4,246,-8
159,47,11,21,254,-8,10,4,246,-8
159,48,11,9,266,0,11,9,266,0
159,49,11,9,266,0,11,9,266,0
159,50,10,9,241,0,10,9,241,0
159,51,11,3,272,0,11,3,272,0
159,52,10,18,232,8,10,10,240,8
159,53,10,18,232,8,10,10,240,8
159,54,10,20,230,-10,9,5,220,-10
159,55,10,20,230,-10,9,5,220,-10
159,56,10,21,229,7,10,14,236,7
159,57,10,21,229,7,10,14,236,7
159,58,11,2,273,0,11,2,273,0
159,59,10,9,241,0,10,9,241,0
159,60,11,3,272,0,11,3,272,0
159,61,11,3,272,0,11,3,272,0
159,62,10,18,232,6,10,12,238,6
159,63,10,18,232,6,10,12,238,6
159,64,10,18,232,-8,9,1,224,-8
159,65,10,18,232,-8,9,1,224,-8
159,66,10,20,230,6,10,14,236,6
159,67,10,20,230,6,10,14,236,6
159,68,10,19,231,-5,10,24,226,-5
159,69,10,19,231,-5,10,24,226,-5
159,70,10,19,231,-1,10,20,230,-1
159,71,10,19,231,-1,10,20,230,-1
159,72,11,3,272,0,11,3,272,0
159,73,11,3,272,0,11,3,272,0
159,74,10,18,232,-9,9,2,223,-9
159,75,10,18,232,-9,9,2,223,-9
159,76,10,18,232,-5,10,23,227,-5
159,77,10,18,232,-5,10,23,227,-5
159,78,10,20,230,-3,10,23,227,-3
159,79,10,20,230,-3,10,23,227,-3
159,80,10,22,228,9,10,13,237,9
159,81,10,22,228,9,10,13,237,9
159,82,10,21,229,9,10,12,238,9
159,83,10,21,229,9,10,12,238,9
159,84,11,3,272,0,11,3,272,0
159,85,11,3,272,0,11,3,272,0
159,86,10,18,232,-8,9,1,224,-8
159,87,10,18,232,-8,9,1,224,-8
159,88,10,20,230,0,10,20,230,0
159,89,10,20,230,0,10,20,230,0
159,90,10,21,229,2,10,19,231,2
159,91,10,21,229,2,10,19,231,2
159,92,10,19,231,-8,9,2,223,-8
159,93,10,19,231,-8,9,2,223,-8
159,94,10,22,228,4,10,18,232,4
159,95,10,22,228,4,10,18,232,4
160,0,11,17,258,7,11,10,265,7
160,1,11,17,258,7,11,10,265,7
160,2,11,17,258,7,11,10,265,7
160,3,11,19,256,-10,10,4,246,-10
160,4,11,19,256,-10,10,4,246,-10
160,5,11,19,256,-10,10,4,246,-10
160,6,11,13,262,0,11,13,262,0
160,7,11,13,262,0,11,13,262,0
160,8,11,13,262,0,11,13,262,0
160,9,11,21,254,4,11,17,258,4
160,10,11,21,254,4,11,17,258,4
160,11,11,21,254,4,11,17,258,4
160,12,14,22,328,0,14,22,328,0
160,13,14,22,328,0,14,22,328,0
160,14,14,22,328,0,14,22,328,0
160,15,14,22,328,0,14,22,328,0
160,16,14,22,328,0,14,22,328,0
160,17,14,22,328,0,14,22,328,0
160,18,14,22,328,0,14,22,328,0
160,19,14,22,328,0,14,22,328,0
160,20,14,22,328,0,14,22,328,0
160,21,14,22,328,0,14,22,328,0
160,22,14,22,328,0,14,22,328,0
160,23,14,22,328,0,14,22,328,0
160,24,14,23,327,0,14,23,327,0
160,25,14,23,327,0,14,23,327,0
160,26,14,23,327,0,14,23,327,0
160,27,14,23,327,0,14,23,327,0
160,28,14,23,327,0,14,23,327,0
160,29,14,23,327,0,14,23,327,0
160,30,14,23,327,0,14,23,327,0
160,31,14,23,327,0,14,23,327,0
160,32,14,23,327,0,14,23,327,0
160,33,14,23,327,0,14,23,327,0
160,34,14,23,327,0,14,23,327,0
160,35,14,23,327,0,14,23,327,0
160,36,11,19,256,-10,10,4,246,-10
160,37,11,19,256,-10,10,4,246,-10
160,38,11,19,256,-10,10,4,246,-10
160,39,11,17,258,-10,10,2,248,-10
160,40,11,17,258,-10,10,2,248,-10
160,41,11,17,258,-10,10,2,248,-10
160,42,11,21,254,3,11,18,257,3
160,43,11,21,254,3,11,18,257,3
160,44,11,21,254,3,11,18,257,3
160,45,11,18,257,-3,11,21,254,-3
160,46,11,17,258,-3,11,20,255,-3
160,47,11,17,258,-3,11,20,255,-3
160,48,11,19,256,0,11,19,256,0
160,49,11,19,256,0,11,19,256,0
160,50,11,19,256,0,11,19,256,0
160,51,11,18,257,-9,10,2,248,-9
160,52,11,18,257,-9,10,2,248,-9
160,53,11,18,257,-9,10,2,248,-9
160,54,11,18,257,-2,11,20,255,-2
160,55,11,18,257,-2,11,20,255,-2
160,56,11,18,257,-2,11,20,255,-2
160,57,11,18,257,-7,10,0,250,-7
160,58,11,18,257,-7,10,0,250,-7
160,59,11,18,257,-7,10,0,250,-7
160,60,11,19,256,9,11,10,265,9
160,61,11,19,256,9,11,10,265,9
160,62,11,19,256,9,11,10,265,9
160,63,11,16,259,5,11,11,264,5
160,64,11,16,259,5,11,11,264,5
160,65,11,16,259,5,11,11,264,5
160,66,11,20,255,10,11,10,265,10
160,67,11,20,255,10,11,10,265,10
160,68,11,20,255,10,11,10,265,10
160,69,11,20,255,9,11,11,264,9
160,70,11,20,255,9,11,11,264,9
160,71,11,20,255,9,11,11,264,9
160,72,11,16,259,-10,10,1,249,-10
160,73,11,16,259,-10,10,1,249,-10
160,74,11,16,259,-10,10,1,249,-10
160,75,11,17,258,-1,11,18,257,-1
160,76,11,17,258,-1,11,18,257,-1
160,77,11,17,258,-1,11,18,257,-1
160,78,11,22,253,-7,10,4,246,-7
160,79,11,22,253,-7,10,4,246,-7
160,80,11,22,253,-7,10,4,246,-7
160,81,11,21,254,4,11,17,258,4
160,82,11,21,254,4,11,17,258,4
160,83,11,21,254,4,11,17,258,4
160,84,11,19,256,10,11,9,266,10
160,85,11,20,255,10,11,10,265,10
160,86,11,20,255,10,11,10,265,10
160,87,11,21,254,-1,11,22,253,-1
160,88,11,21,254,-1,11,22,253,-1
160,89,11,20,255,-1,11,21,254,-1
160,90,11,19,256,9,11,10,265,9
160,91,11,19,256,9,11,10,265,9
160,92,11,19,256,9,11,10,265,9
160,93,11,19,256,0,11,19,256,0
160,94,11,19,256,0,11,19,256,0
160,95,11,19,256,0,11,19,256,0
161,0,10,18,232,9,10,9,241,9
161,1,10,18,232,9,10,9,241,9
161,2,10,18,232,9,10,9,241,9
161,3,10,17,233,-5,10,22,228,-5
161,4,10,17,233,-5,10,22,228,-5
161,5,10,17,233,-5,10,22,228,-5
161,6,10,20,230,-5,9,0,225,-5
161,7,10,20,230,-5,9,0,225,-5
161,8,10,20,230,-5,9,0,225,-5
161,9,10,19,231,6,10,13,237,6
161,10,10,19,231,6,10,13,237,6
161,11,10,19,231,6,10,13,237,6
161,12,13,22,303,0,13,22,303,0
161,13,13,22,303,0,13,22,303,0
161,14,13,22,303,0,13,22,303,0
161,15,13,22,303,0,13,22,303,0
161,16,13,22,303,0,13,22,303,0
161,17,13,22,303,0,13,22,303,0
161,18,13,22,303,0,13,22,303,0
161,19,13,22,303,0,13,22,303,0
161,20,13,22,303,0,13,22,303,0
161,21,13,22,303,0,13,22,303,0
161,22,13,22,303,0,13,22,303,0
161,23,13,22,303,0,13,22,303,0
161,24,13,22,303,0,13,22,303,0
161,25,13,22,303,0,13,22,303,0
161,26,13,22,303,0,13,22,303,0
161,27,13,22,303,0,13,22,303,0
161,28,13,22,303,0,13,22,303,0
161,29,13,22,303,0,13,22,303,0
161,30,13,22,303,0,13,22,303,0
161,31,13,22,303,0,13,22,303,0
161,32,13,22,303,0,13,22,303,0
161,33,13,22,303,0,13,22,303,0
161,34,13,22,303,0,13,22,303,0
161,35,13,22,303,0,13,22,303,0
161,36,10,19,231,-5,10,24,226,-5
161,37,10,19,231,-5,10,24,226,-5
161,38,10,19,231,-5,10,24,226,-5
161,39,10,17,233,-7,10,24,226,-7
161,40,10,17,233,-7,10,24,226,-7
161,41,10,17,233,-7,10,24,226,-7
161,42,10,17,233,1,10,16,234,1
161,43,10,17,233,1,10,16,234,1
161,44,10,17,233,1,10,16,234,1
161,45,10,20,230,-7,9,2,223,-7
161,46,10,20,230,-7,9,2,223,-7
161,47,10,20,230,-7,9,2,223,-7
161,48,10,19,231,9,10,10,240,9
161,49,10,19,231,9,10,10,240,9
161,50,10,19,231,9,10,10,240,9
161,51,10,19,231,3,10,16,234,3
161,52,10,19,231,3,10,16,234,3
161,53,10,19,231,3,10,16,234,3
161,54,10,20,230,-6,9,1,224,-6
161,55,10,20,230,-6,9,1,224,-6
161,56,10,20,230,-6,9,1,224,-6
161,57,10,20,230,0,10,20,230,0
161,58,10,20,230,0,10,20,230,0
161,59,10,20,230,0,10,20,230,0
161,60,10,17,233,5,10,12,238,5
161,61,10,17,233,5,10,12,238,5
161,62,10,17,233,5,10,12,238,5
161,63,10,19,231,10,10,9,241,10
161,64,10,19,231,10,10,9,241,10
161,65,10,19,231,10,10,9,241,10
161,66,10,19,231,3,10,16,234,3
161,67,10,19,231,3,10,16,234,3
161,68,10,19,231,3,10,16,234,3
161,69,10,17,233,6,10,11,239,6
161,70,10,17,233,6,10,11,239,6
161,71,10,17,233,6,10,11,239,6
161,72,10,17,233,7,10,10,240,7
161,73,10,17,233,7,10,10,240,7
161,74,10,17,233,7,10,10,240,7
161,75,10,19,231,6,10,13,237,6
161,76,10,19,231,6,10,13,237,6
161,77,10,19,231,6,10,13,237,6
161,78,10,18,232,0,10,18,232,0
161,79,10,18,232,0,10,18,232,0
161,80,10,18,232,0,10,18,232,0
161,81,10,21,229,10,10,11,239,10
161,82,10,21,229,10,10,11,239,10
161,83,10,21,229,10,10,11,239,10
161,84,10,16,234,-8,10,24,226,-8
161,85,10,16,234,-8,10,24,226,-8
161,86,10,16,234,-8,10,24,226,-8
161,87,10,19,231,9,10,10,240,9
161,88,10,19,231,9,10,10,240,9
161,89,10,18,232,9,10,9,241,9
161,90,10,18,232,-2,10,20,230,-2
161,91,10,17,233,-2,10,19,231,-2
161,92,10,18,232,-2,10,20,230,-2
161,93,10,21,229,0,10,21,229,0
161,94,10,21,229,0,10,21,229,0
161,95,10,20,230,0,10,20,230,0
162,0,10,12,238,-2,10,14,236,-2
162,1,10,13,237,-2,10,15,235,-2
162,2,10,13,237,-2,10,15,235,-2
162,3,10,16,234,-10,9,1,224,-10
162,4,10,16,234,-10,9,1,224,-10
162,5,10,16,234,-10,9,1,224,-10
162,6,10,14,236,0,10,14,236,0
162,7,10,14,236,0,10,14,236,0
162,8,10,14,236,0,10,14,236,0
162,9,10,14,236,-3,10,17,233,-3
162,10,10,14,236,-3,10,17,233,-3
162,11,10,14,236,-3,10,17,233,-3
162,12,13,22,303,0,13,22,303,0
162,13,13,22,303,0,13,22,303,0
162,14,13,22,303,0,13,22,303,0
162,15,13,22,303,0,13,22,303,0
162,16,13,22,303,0,13,22,303,0
162,17,13,22,303,0,13,22,303,0
162,18,13,22,303,0,13,22,303,0
162,19,13,22,303,0,13,22,303,0
162,20,13,22,303,0,13,22,303,0
162,21,13,22,303,0,13,22,303,0
162,22,13,22,303,0,13,22,303,0
162,23,13,22,303,0,13,22,303,0
162,24,13,23,302,0,13,23,302,0
162,25,13,23,302,0,13,23,302,0
162,26,13,23,302,0,13,23,302,0
162,27,13,23,302,0,13,23,302,0
162,28,13,23,302,0,13,23,302,0
162,29,13,23,302,0,13,23,302,0
162,30,13,23,302,0,13,23,302,0
162,31,13,23,302,0,13,23,302,0
162,32,13,23,302,0,13,23,302,0
162,33,13,23,302,0,13,23,302,0
162,34,13,23,302,0,13,23,302,0
162,35,13,23,302,0,13,23,302,0
162,36,10,17,233,8,10,9,241,8
162,37,10,17,233,8,10,9,241,8
162,38,10,17,233,8,10,9,241,8
162,39,10,14,236,-5,10,19,231,-5
162,40,10,14,236,-5,10,19,231,-5
162,41,10,14,236,-5,10,19,231,-5
162,42,10,17,233,-1,10,18,232,-1
162,43,10,17,233,-1,10,18,232,-1
162,44,10,17,233,-1,10,18,232,-1
162,45,10,15,235,-7,10,22,228,-7
162,46,10,15,235,-7,10,22,228,-7
162,47,10,15,235,-7,10,22,228,-7
162,48,10,17,233,-2,10,19,231,-2
162,49,10,17,233,-2,10,19,231,-2
162,50,10,17,233,-2,10,19,231,-2
162,51,10,14,236,-5,10,19,231,-5
162,52,10,14,236,-5,10,19,231,-5
162,53,10,14,236,-5,10,19,231,-5
162,54,10,17,233,-4,10,21,229,-4
162,55,10,17,233,-4,10,21,229,-4
162,56,10,17,233,-4,10,21,229,-4
162,57,10,18,232,1,10,17,233,1
162,58,10,18,232,1,10,17,233,1
162,59,10,18,232,1,10,17,233,1
162,60,10,15,235,9,10,6,244,9
162,61,10,15,235,9,10,6,244,9
162,62,10,15,235,9,10,6,244,9
162,63,10,15,235,-3,10,18,232,-3
162,64,10,15,235,-3,10,18,232,-3
162,65,10,15,235,-3,10,18,232,-3
162,66,10,15,235,-1,10,16,234,-1
162,67,10,15,235,-1,10,16,234,-1
162,68,10,15,235,-1,10,16,234,-1
162,69,10,15,235,6,10,9,241,6
162,70,10,15,235,6,10,9,241,6
162,71,10,15,235,6,10,9,241,6
162,72,10,16,234,-10,9,1,224,-10
162,73,10,16,234,-10,9,1,224,-10
162,74,10,16,234,-10,9,1,224,-10
162,75,10,14,236,8,10,6,244,8
162,76,10,14,236,8,10,6,244,8
162,77,10,14,236,8,10,6,244,8
162,78,10,18,232,-10,9,3,222,-10
162,79,10,18,232,-10,9,3,222,-10
162,80,10,18,232,-10,9,3,222,-10
162,81,10,18,232,-9,9,2,223,-9
162,82,10,18,232,-9,9,2,223,-9
162,83,10,18,232,-9,9,2,223,-9
162,84,10,15,235,5,10,10,240,5
162,85,10,15,235,5,10,10,240,5
162,86,10,17,233,10,10,7,243,10
162,87,10,17,233,10,10,7,243,10
162,88,10,17,233,10,10,7,243,10
162,89,10,15,235,5,10,10,240,5
162,90,10,15,235,7,10,8,242,7
162,91,10,15,235,7,10,8,242,7
162,92,10,15,235,7,10,8,242,7
162,93,10,18,232,-4,10,22,228,-4
162,94,10,18,232,-4,10,22,228,-4
162,95,10,18,232,-4,10,22,228,-4
163,0,12,16,284,10,12,6,294,10
163,1,12,16,284,10,12,6,294,10
163,2,12,16,284,10,12,6,294,10
163,3,12,15,285,-8,12,23,277,-8
163,4,12,15,285,-8,12,23,277,-8
163,5,12,15,285,-8,12,23,277,-8
163,6,12,17,283,6,12,11,289,6
163,7,12,17,283,6,12,11,289,6
163,8,12,17,283,6,12,11,289,6
163,9,12,18,282,1,12,17,283,1
163,10,12,18,282,1,12,17,283,1
163,11,12,18,282,1,12,17,283,1
163,12,15,23,352,0,15,23,352,0
163,13,15,23,352,0,15,23,352,0
163,14,15,23,352,0,15,23,352,0
163,15,15,23,352,0,15,23,352,0
163,16,15,23,352,0,15,23,352,0
163,17,15,23,352,0,15,23,352,0
163,18,15,23,352,0,15,23,352,0
163,19,15,23,352,0,15,23,352,0
163,20,15,23,352,0,15,23,352,0
163,21,15,23,352,0,15,23,352,0
163,22,15,23,352,0,15,23,352,0
163,23,15,23,352,0,15,23,352,0
163,24,15,23,352,0,15,23,352,0
163,25,15,23,352,0,15,23,352,0
163,26,15,23,352,0,15,23,352,0
163,27,15,23,352,0,15,23,352,0
163,28,15,23,352,0,15,23,352,0
163,29,15,23,352,0,15,23,352,0
163,30,15,23,352,0,15,23,352,0
163,31,15,23,352,0,15,23,352,0
163,32,15,23,352,0,15,23,352,0
163,33,15,23,352,0,15,23,352,0
163,34,15,23,352,0,15,23,352,0
163,35,15,23,352,0,15,23,352,0
163,36,12,16,284,0,12,16,284,0
163,37,12,16,284,0,12,16,284,0
163,38,12,16,284,0,12,16,284,0
163,39,12,16,284,-7,12,23,277,-7
163,40,12,16,284,-7,12,23,277,-7
163,41,12,16,284,-7,12,23,277,-7
163,42,12,19,281,5,12,14,286,5
163,43,12,19,281,5,12,14,286,5
163,44,12,19,281,5,12,14,286,5
163,45,12,18,282,10,12,8,292,10
163,46,12,18,282,10,12,8,292,10
163,47,12,18,282,10,12,8,292,10
163,48,12,17,283,2,12,15,285,2
163,49,12,17,283,2,12,15,285,2
163,50,12,17,283,2,12,15,285,2
163,51,12,18,282,9,12,9,291,9
163,52,12,18,282,9,12,9,291,9
163,53,12,18,282,9,12,9,291,9
163,54,12,19,281,-5,12,24,276,-5
163,55,12,19,281,-5,12,24,276,-5
163,56,12,19,281,-5,12,24,276,-5
163,57,12,19,281,-1,12,20,280,-1
163,58,12,19,281,-1,12,20,280,-1
163,59,12,19,281,-1,12,20,280,-1
163,60,12,18,282,-8,11,1,274,-8
163,61,12,18,282,-8,11,1,274,-8
163,62,12,18,282,-8,11,1,274,-8
163,63,12,17,283,3,12,14,286,3
163,64,12,17,283,3,12,14,286,3
163,65,12,17,283,3,12,14,286,3
163,66,12,19,281,-2,12,21,279,-2
163,67,12,19,281,-2,12,21,279,-2
163,68,12,19,281,-2,12,21,279,-2
163,69,12,17,283,9,12,8,292,9
163,70,12,17,283,9,12,8,292,9
163,71,12,17,283,9,12,8,292,9
163,72,12,15,285,4,12,11,289,4
163,73,12,15,285,4,12,11,289,4
163,74,12,15,285,4,12,11,289,4
163,75,12,15,285,9,12,6,294,9
163,76,12,15,285,9,12,6,294,9
163,77,12,15,285,9,12,6,294,9
163,78,12,19,281,5,12,14,286,5
163,79,12,19,281,5,12,14,286,5
163,80,12,19,281,5,12,14,286,5
163,81,12,20,280,-2,12,22,278,-2
163,82,12,20,280,-2,12,22,278,-2
163,83,12,20,280,-2,12,22,278,-2
163,84,12,18,282,-6,12,24,276,-6
163,85,12,18,282,-6,12,24,276,-6
163,86,12,18,282,-6,12,24,276,-6
163,87,12,17,283,2,12,15,285,2
163,88,12,17,283,2,12,15,285,2
163,89,12,17,283,2,12,15,285,2
163,90,12,20,280,-7,11,2,273,-7
163,91,12,20,280,-7,11,2,273,-7
163,92,12,20,280,-7,11,2,273,-7
163,93,12,11,289,0,12,11,289,0
163,94,12,11,289,0,12,11,289,0
163,95,13,14,311,0,13,14,311,0
164,0,11,8,267,-4,11,12,263,-4
164,1,11,8,267,-4,11,12,263,-4
164,2,11,8,267,-4,11,12,263,-4
164,3,11,7,268,-4,11,11,264,-4
164,4,11,7,268,-4,11,11,264,-4
164,5,11,11,264,-2,11,13,262,-2
164,6,11,11,264,-2,11,13,262,-2
164,7,11,11,264,-2,11,13,262,-2
164,8,11,13,262,-4,11,17,258,-4
164,9,11,13,262,-4,11,17,258,-4
164,10,11,13,262,-4,11,17,258,-4
164,11,0,0,0,0,0,0,0,0
164,12,0,0,0,0,0,0,0,0
164,13,0,0,0,0,0,0,0,0
164,14,0,0,0,0,0,0,0,0
164,15,0,0,0,0,0,0,0,0
164,16,0,0,0,0,0,0,0,0
164,17,0,0,0,0,0,0,0,0
164,18,0,0,0,0,0,0,0,0
164,19,0,0,0,0,0,0,0,0
164,20,0,0,0,0,0,0,0,0
164,21,0,0,0,0,0,0,0,0
164,22,0,0,0,0,0,0,0,0
164,23,0,0,0,0,0,0,0,0
164,24,11,10,265,-8,11,18,257,-8
164,25,11,10,265,-8,11,18,257,-8
164,26,11,10,265,-8,11,18,257,-8
164,27,11,12,263,8,11,4,271,8
164,28,11,12,263,8,11,4,271,8
164,29,11,7,268,5,11,2,273,5
164,30,11,7,268,5,11,2,273,5
164,31,11,11,264,5,11,6,269,5
164,32,11,11,264,5,11,6,269,5
164,33,11,11,264,6,11,5,270,6
164,34,11,11,264,6,11,5,270,6
164,35,0,0,0,0,0,0,0,0
164,36,11,14,261,10,11,4,271,10
164,37,11,14,261,10,11,4,271,10
164,38,11,14,261,10,11,4,271,10
164,39,11,13,262,5,11,8,267,5
164,40,11,13,262,5,11,8,267,5
164,41,11,14,261,-9,11,23,252,-9
164,42,11,14,261,-9,11,23,252,-9
164,43,11,14,261,-9,11,23,252,-9
164,44,11,11,264,-4,11,15,260,-4
164,45,11,11,264,-4,11,15,260,-4
164,46,11,11,264,-4,11,15,260,-4
164,47,0,0,0,0,0,0,0,0
164,48,11,10,265,-3,11,13,262,-3
164,49,11,10,265,-3,11,13,262,-3
164,50,11,15,260,10,11,5,270,10
164,51,11,15,260,10,11,5,270,10
164,52,11,10,265,1,11,9,266,1
164,53,11,10,265,1,11,9,266,1
164,54,11,9,266,9,11,0,275,9
164,55,11,9,266,9,11,0,275,9
164,56,11,15,260,-9,11,24,251,-9
164,57,11,15,260,-9,11,24,251,-9
164,58,11,15,260,-9,11,24,251,-9
164,59,0,0,0,0,0,0,0,0
164,60,11,10,265,-6,11,16,259,-6
164,61,11,10,265,-6,11,16,259,-6
164,62,11,10,265,-6,11,16,259,-6
164,63,11,15,260,6,11,9,266,6
164,64,11,15,260,6,11,9,266,6
164,65,11,11,264,-4,11,15,260,-4
164,66,11,11,264,-4,11,15,260,-4
164,67,11,11,264,-4,11,15,260,-4
164,68,11,15,260,6,11,9,266,6
164,69,11,15,260,6,11,9,266,6
164,70,11,15,260,8,11,7,268,8
164,71,11,15,260,8,11,7,268,8
164,72,11,12,263,8,11,4,271,8
164,73,11,12,263,8,11,4,271,8
164,74,11,12,263,8,11,4,271,8
164,75,11,8,267,-10,11,18,257,-10
164,76,11,8,267,-10,11,18,257,-10
164,77,11,15,260,-3,11,18,257,-3
164,78,11,15,260,-3,11,18,257,-3
164,79,11,15,260,-3,11,18,257,-3
164,80,11,12,263,7,11,5,270,7
164,81,11,12,263,7,11,5,270,7
164,82,11,12,263,7,11,5,270,7
164,83,0,0,0,0,0,0,0,0
164,84,11,14,261,6,11,8,267,6
164,85,11,14,261,6,11,8,267,6
164,86,11,14,261,6,11,8,267,6
164,87,11,14,261,2,11,12,263,2
164,88,11,14,261,2,11,12,263,2
164,89,11,9,266,1,11,8,267,1
164,90,11,9,266,1,11,8,267,1
164,91,11,11,264,-4,11,15,260,-4
164,92,11,11,264,-4,11,15,260,-4
164,93,11,11,264,-3,11,14,261,-3
164,94,11,11,264,-3,11,14,261,-3
164,95,0,0,0,0,0,0,0,0
165,0,11,16,259,3,11,13,262,3
165,1,11,16,259,3,11,13,262,3
165,2,11,16,259,3,11,13,262,3
165,3,11,14,261,-6,11,20,255,-6
165,4,11,14,261,-6,11,20,255,-6
165,5,11,13,262,10,11,3,272,10
165,6,11,13,262,10,11,3,272,10
165,7,11,13,262,10,11,3,272,10
165,8,11,15,260,2,11,13,262,2
165,9,11,15,260,2,11,13,262,2
165,10,11,15,260,2,11,13,262,2
165,11,0,0,0,0,0,0,0,0
165,12,11,13,262,-6,11,19,256,-6
165,13,11,13,262,-6,11,19,256,-6
165,14,11,12,263,-9,11,21,254,-9
165,15,11,12,263,-9,11,21,254,-9
165,16,11,9,266,-1,11,10,265,-1
165,17,11,9,266,-1,11,10,265,-1
165,18,11,11,264,1,11,10,265,1
165,19,11,11,264,1,11,10,265,1
165,20,11,15,260,4,11,11,264,4
165,21,11,15,260,4,11,11,264,4
165,22,11,15,260,4,11,11,264,4
165,23,0,0,0,0,0,0,0,0
165,24,11,13,262,-1,11,14,261,-1
165,25,11,13,262,-1,11,14,261,-1
165,26,11,13,262,-1,11,14,261,-1
165,27,11,15,260,2,11,13,262,2
165,28,11,15,260,2,11,13,262,2
165,29,11,16,259,5,11,11,264,5
165,30,11,16,259,5,11,11,264,5
165,31,11,16,259,5,11,11,264,5
165,32,11,12,263,2,11,10,265,2
165,33,11,12,263,2,11,10,265,2
165,34,11,16,259,7,11,9,266,7
165,35,11,16,259,7,11,9,266,7
165,36,11,12,263,9,11,3,272,9
165,37,11,12,263,9,11,3,272,9
165,38,11,12,263,9,11,3,272,9
165,39,11,13,262,-1,11,14,261,-1
165,40,11,13,262,-1,11,14,261,-1
165,41,11,17,258,6,11,11,264,6
165,42,11,17,258,6,11,11,264,6
165,43,11,17,258,6,11,11,264,6
165,44,11,18,257,-6,11,24,251,-6
165,45,11,18,257,-6,11,24,251,-6
165,46,11,18,257,-6,11,24,251,-6
165,47,0,0,0,0,0,0,0,0
165,48,11,14,261,5,11,9,266,5
165,49,11,14,261,5,11,9,266,5
165,50,11,14,261,5,11,9,266,5
165,51,11,14,261,1,11,13,262,1
165,52,11,14,261,1,11,13,262,1
165,53,11,14,261,7,11,7,268,7
165,54,11,14,261,7,11,7,268,7
165,55,11,14,261,6,11,8,267,6
165,56,11,14,261,6,11,8,267,6
165,57,11,15,260,-1,11,16,259,-1
165,58,11,15,260,-1,11,16,259,-1
165,59,0,0,0,0,0,0,0,0
165,60,11,18,257,-7,10,0,250,-7
165,61,11,18,257,-7,10,0,250,-7
165,62,11,18,257,-7,10,0,250,-7
165,63,11,17,258,-2,11,19,256,-2
165,64,11,17,258,-2,11,19,256,-2
165,65,11,17,258,-4,11,21,254,-4
165,66,11,17,258,-4,11,21,254,-4
165,67,11,17,258,-4,11,21,254,-4
165,68,11,16,259,-4,11,20,255,-4
165,69,11,16,259,-4,11,20,255,-4
165,70,11,16,259,-4,11,20,255,-4
165,71,0,0,0,0,0,0,0,0
165,72,11,14,261,4,11,10,265,4
165,73,11,14,261,4,11,10,265,4
165,74,11,16,259,-2,11,18,257,-2
165,75,11,16,259,-2,11,18,257,-2
165,76,11,14,261,7,11,7,268,7
165,77,11,14,261,7,11,7,268,7
165,78,11,15,260,2,11,13,262,2
165,79,11,15,260,2,11,13,262,2
165,80,11,19,256,0,11,19,256,0
165,81,11,19,256,0,11,19,256,0
165,82,11,19,256,0,11,19,256,0
165,83,0,0,0,0,0,0,0,0
165,84,11,15,260,-9,11,24,251,-9
165,85,11,15,260,-9,11,24,251,-9
165,86,11,15,260,-9,11,24,251,-9
165,87,11,18,257,-4,11,22,253,-4
165,88,11,18,257,-4,11,22,253,-4
165,89,11,17,258,9,11,8,267,9
165,90,11,17,258,9,11,8,267,9
165,91,11,17,258,9,11,8,267,9
165,92,11,16,259,-4,11,20,255,-4
165,93,11,16,259,-4,11,20,255,-4
165,94,11,16,259,3,11,13,262,3
165,95,11,16,259,3,11,13,262,3
166,0,11,13,262,-5,11,18,257,-5
166,1,11,13,262,-5,11,18,257,-5
166,2,11,11,264,0,11,11,264,0
166,3,11,11,264,0,11,11,264,0
166,4,11,18,257,6,11,12,263,6
166,5,11,18,257,6,11,12,263,6
166,6,11,18,257,6,11,12,263,6
166,7,11,11,264,0,11,11,264,0
166,8,11,11,264,0,11,11,264,0
166,9,0,0,0,0,0,0,0,0
166,10,11,18,257,0,11,18,257,0
166,11,11,18,257,0,11,18,257,0
166,12,0,0,0,0,0,0,0,0
166,13,0,0,0,0,0,0,0,0
166,14,0,0,0,0,0,0,0,0
166,15,0,0,0,0,0,0,0,0
166,16,0,0,0,0,0,0,0,0
166,17,0,0,0,0,0,0,0,0
166,18,0,0,0,0,0,0,0,0
166,19,0,0,0,0,0,0,0,0
166,20,0,0,0,0,0,0,0,0
166,21,0,0,0,0,0,0,0,0
166,22,0,0,0,0,0,0,0,0
166,23,0,0,0,0,0,0,0,0
166,24,0,0,0,0,0,0,0,0
166,25,0,0,0,0,0,0,0,0
166,26,0,0,0,0,0,0,0,0
166,27,0,0,0,0,0,0,0,0
166,28,0,0,0,0,0,0,0,0
166,29,0,0,0,0,0,0,0,0
166,30,0,0,0,0,0,0,0,0
166,31,0,0,0,0,0,0,0,0
166,32,0,0,0,0,0,0,0,0
166,33,0,0,0,0,0,0,0,0
166,34,0,0,0,0,0,0,0,0
166,35,0,0,0,0,0,0,0,0
166,36,11,16,259,6,11,10,265,6
166,37,11,16,259,6,11,10,265,6
166,38,11,12,263,8,11,4,271,8
166,39,11,12,263,8,11,4,271,8
166,40,11,12,263,8,11,4,271,8
166,41,11,16,259,-9,10,0,250,-9
166,42,11,16,259,-9,10,0,250,-9
166,43,11,12,263,-4,11,16,259,-4
166,44,11,12,263,-4,11,16,259,-4
166,45,11,15,260,-3,11,18,257,-3
166,46,11,15,260,-3,11,18,257,-3
166,47,11,15,260,-3,11,18,257,-3
166,48,11,15,260,8,11,7,268,8
166,49,11,15,260,8,11,7,268,8
166,50,11,15,260,8,11,7,268,8
166,51,11,14,261,-7,11,21,254,-7
166,52,11,14,261,-7,11,21,254,-7
166,53,11,14,261,-7,11,21,254,-7
166,54,11,12,263,-6,11,18,257,-6
166,55,11,12,263,-6,11,18,257,-6
166,56,11,15,260,-10,10,0,250,-10
166,57,11,15,260,-10,10,0,250,-10
166,58,11,15,260,-10,10,0,250,-10
166,59,0,0,0,0,0,0,0,0
166,60,11,16,259,-2,11,18,257,-2
166,61,11,16,259,-2,11,18,257,-2
166,62,11,16,259,-2,11,18,257,-2
166,63,11,15,260,-8,11,23,252,-8
166,64,11,15,260,-8,11,23,252,-8
166,65,11,16,259,-2,11,18,257,-2
166,66,11,16,259,-2,11,18,257,-2
166,67,11,16,259,-2,11,18,257,-2
166,68,11,19,256,-5,11,24,251,-5
166,69,11,19,256,-5,11,24,251,-5
166,70,11,19,256,-5,11,24,251,-5
166,71,0,0,0,0,0,0,0,0
166,72,11,15,260,-4,11,19,256,-4
166,73,11,15,260,-4,11,19,256,-4
166,74,11,15,260,-4,11,19,256,-4
166,75,11,15,260,-3,11,18,257,-3
166,76,11,15,260,-3,11,18,257,-3
166,77,11,15,260,-3,11,18,257,-3
166,78,11,11,264,-9,11,20,255,-9
166,79,11,11,264,-9,11,20,255,-9
166,80,11,15,260,-1,11,16,259,-1
166,81,11,15,260,-1,11,16,259,-1
166,82,11,17,258,-7,11,24,251,-7
166,83,11,17,258,-7,11,24,251,-7
166,84,11,18,257,8,11,10,265,8
166,85,11,18,257,8,11,10,265,8
166,86,11,18,257,8,11,10,265,8
166,87,11,15,260,-5,11,20,255,-5
166,88,11,15,260,-5,11,20,255,-5
166,89,11,15,260,-9,11,24,251,-9
166,90,11,15,260,-9,11,24,251,-9
166,91,11,15,260,10,11,5,270,10
166,92,11,15,260,10,11,5,270,10
166,93,0,0,0,0,0,0,0,0
166,94,11,19,256,8,11,11,264,8
166,95,11,19,256,8,11,11,264,8
167,0,11,8,267,8,11,0,275,8
167,1,11,8,267,8,11,0,275,8
167,2,11,10,265,7,11,3,272,7
167,3,11,10,265,7,11,3,272,7
167,4,11,14,261,-9,11,23,252,-9
167,5,11,14,261,-9,11,23,252,-9
167,6,11,14,261,-9,11,23,252,-9
167,7,11,11,264,10,11,1,274,10
167,8,11,11,264,10,11,1,274,10
167,9,0,0,0,0,0,0,0,0
167,10,11,16,259,7,11,9,266,7
167,11,11,16,259,7,11,9,266,7
167,12,0,0,0,0,0,0,0,0
167,13,0,0,0,0,0,0,0,0
167,14,0,0,0,0,0,0,0,0
167,15,0,0,0,0,0,0,0,0
167,16,0,0,0,0,0,0,0,0
167,17,0,0,0,0,0,0,0,0
167,18,0,0,0,0,0,0,0,0
167,19,0,0,0,0,0,0,0,0
167,20,0,0,0,0,0,0,0,0
167,21,0,0,0,0,0,0,0,0
167,22,0,0,0,0,0,0,0,0
167,23,0,0,0,0,0,0,0,0
167,24,0,0,0,0,0,0,0,0
167,25,0,0,0,0,0,0,0,0
167,26,0,0,0,0,0,0,0,0
167,27,0,0,0,0,0,0,0,0
167,28,0,0,0,0,0,0,0,0
167,29,0,0,0,0,0,0,0,0
167,30,0,0,0,0,0,0,0,0
167,31,0,0,0,0,0,0,0,0
167,32,0,0,0,0,0,0,0,0
167,33,0,0,0,0,0,0,0,0
167,34,0,0,0,0,0,0,0,0
167,35,0,0,0,0,0,0,0,0
167,36,11,12,263,2,11,10,265,2
167,37,11,12,263,2,11,10,265,2
167,38,11,13,262,-10,11,23,252,-10
167,39,11,13,262,-10,11,23,252,-10
167,40,11,13,262,-10,11,23,252,-10
167,41,11,12,263,-8,11,20,255,-8
167,42,11,12,263,-8,11,20,255,-8
167,43,11,12,263,8,11,4,271,8
167,44,11,12,263,8,11,4,271,8
167,45,11,11,264,-3,11,14,261,-3
167,46,11,11,264,-3,11,14,261,-3
167,47,11,11,264,-3,11,14,261,-3
167,48,11,16,259,6,11,10,265,6
167,49,11,16,259,6,11,10,265,6
167,50,11,16,259,6,11,10,265,6
167,51,11,14,261,5,11,9,266,5
167,52,11,14,261,5,11,9,266,5
167,53,11,14,261,5,11,9,266,5
167,54,11,12,263,8,11,4,271,8
167,55,11,12,263,8,11,4,271,8
167,56,11,13,262,8,11,5,270,8
167,57,11,13,262,8,11,5,270,8
167,58,11,13,262,8,11,5,270,8
167,59,0,0,0,0,0,0,0,0
167,60,11,15,260,-6,11,21,254,-6
167,61,11,15,260,-6,11,21,254,-6
167,62,11,15,260,-6,11,21,254,-6
167,63,11,13,262,2,11,11,264,2
167,64,11,13,262,2,11,11,264,2
167,65,11,13,262,-7,11,20,255,-7
167,66,11,13,262,-7,11,20,255,-7
167,67,11,13,262,-7,11,20,255,-7
167,68,11,16,259,9,11,7,268,9
167,69,11,16,259,9,11,7,268,9
167,70,11,16,259,9,11,7,268,9
167,71,0,0,0,0,0,0,0,0
167,72,11,15,260,-1,11,16,259,-1
167,73,11,15,260,-1,11,16,259,-1
167,74,11,15,260,-1,11,16,259,-1
167,75,11,11,264,-4,11,15,260,-4
167,76,11,11,264,-4,11,15,260,-4
167,77,11,11,264,-4,11,15,260,-4
167,78,11,13,262,-6,11,19,256,-6
167,79,11,13,262,-6,11,19,256,-6
167,80,11,11,264,7,11,4,271,7
167,81,11,11,264,7,11,4,271,7
167,82,11,11,264,8,11,3,272,8
167,83,11,11,264,8,11,3,272,8
167,84,11,17,258,-8,10,0,250,-8
167,85,11,17,258,-8,10,0,250,-8
167,86,11,17,258,-8,10,0,250,-8
167,87,11,14,261,-10,11,24,251,-10
167,88,11,14,261,-10,11,24,251,-10
167,89,11,14,261,-5,11,19,256,-5
167,90,11,14,261,-5,11,19,256,-5
167,91,11,13,262,-2,11,15,260,-2
167,92,11,13,262,-2,11,15,260,-2
167,93,0,0,0,0,0,0,0,0
167,94,11,15,260,10,11,5,270,10
167,95,11,15,260,10,11,5,270,10
168,0,11,10,265,-2,11,12,263,-2
168,1,11,10,265,-2,11,12,263,-2
168,2,11,8,267,-2,11,10,265,-2
168,3,11,8,267,-2,11,10,265,-2
168,4,11,13,262,2,11,11,264,2
168,5,11,13,262,2,11,11,264,2
168,6,11,13,262,2,11,11,264,2
168,7,11,6,269,3,11,3,272,3
168,8,11,6,269,3,11,3,272,3
168,9,0,0,0,0,0,0,0,0
168,10,11,15,260,9,11,6,269,9
168,11,11,15,260,9,11,6,269,9
168,12,0,0,0,0,0,0,0,0
168,13,0,0,0,0,0,0,0,0
168,14,0,0,0,0,0,0,0,0
168,15,0,0,0,0,0,0,0,0
168,16,0,0,0,0,0,0,0,0
168,17,0,0,0,0,0,0,0,0
168,18,0,0,0,0,0,0,0,0
168,19,0,0,0,0,0,0,0,0
168,20,0,0,0,0,0,0,0,0
168,21,0,0,0,0,0,0,0,0
168,22,0,0,0,0,0,0,0,0
168,23,0,0,0,0,0,0,0,0
168,24,0,0,0,0,0,0,0,0
168,25,0,0,0,0,0,0,0,0
168,26,0,0,0,0,0,0,0,0
168,27,0,0,0,0,0,0,0,0
168,28,0,0,0,0,0,0,0,0
168,29,0,0,0,0,0,0,0,0
168,30,0,0,0,0,0,0,0,0
168,31,0,0,0,0,0,0,0,0
168,32,0,0,0,0,0,0,0,0
168,33,0,0,0,0,0,0,0,0
168,34,0,0,0,0,0,0,0,0
168,35,0,0,0,0,0,0,0,0
168,36,11,10,265,5,11,5,270,5
168,37,11,10,265,5,11,5,270,5
168,38,11,11,264,8,11,3,272,8
168,39,11,11,264,8,11,3,272,8
168,40,11,11,264,8,11,3,272,8
168,41,11,14,261,6,11,8,267,6
168,42,11,14,261,6,11,8,267,6
168,43,11,6,269,-5,11,11,264,-5
168,44,11,6,269,-5,11,11,264,-5
168,45,11,10,265,5,11,5,270,5
168,46,11,10,265,5,11,5,270,5
168,47,11,10,265,5,11,5,270,5
168,48,11,10,265,3,11,7,268,3
168,49,11,10,265,3,11,7,268,3
168,50,11,10,265,3,11,7,268,3
168,51,11,13,262,-6,11,19,256,-6
168,52,11,13,262,-6,11,19,256,-6
168,53,11,13,262,-6,11,19,256,-6
168,54,11,8,267,-5,11,13,262,-5
168,55,11,8,267,-5,11,13,262,-5
168,56,11,8,267,-3,11,11,264,-3
168,57,11,8,267,-3,11,11,264,-3
168,58,11,8,267,-3,11,11,264,-3
168,59,0,0,0,0,0,0,0,0
168,60,11,12,263,1,11,11,264,1
168,61,11,12,263,1,11,11,264,1
168,62,11,12,263,1,11,11,264,1
168,63,11,12,263,-5,11,17,258,-5
168,64,11,12,263,-5,11,17,258,-5
168,65,11,14,261,-6,11,20,255,-6
168,66,11,14,261,-6,11,20,255,-6
168,67,11,14,261,-6,11,20,255,-6
168,68,11,12,263,6,11,6,269,6
168,69,11,12,263,6,11,6,269,6
168,70,11,12,263,6,11,6,269,6
168,71,0,0,0,0,0,0,0,0
168,72,11,14,261,5,11,9,266,5
168,73,11,14,261,5,11,9,266,5
168,74,11,14,261,5,11,9,266,5
168,75,11,9,266,-7,11,16,259,-7
168,76,11,9,266,-7,11,16,259,-7
168,77,11,9,266,-7,11,16,259,-7
168,78,11,8,267,-6,11,14,261,-6
168,79,11,8,267,-6,11,14,261,-6
168,80,11,11,264,0,11,11,264,0
168,81,11,11,264,0,11,11,264,0
168,82,11,13,262,6,11,7,268,6
168,83,11,13,262,6,11,7,268,6
168,84,11,14,261,0,11,14,261,0
168,85,11,14,261,0,11,14,261,0
168,86,11,14,261,0,11,14,261,0
168,87,11,13,262,-9,11,22,253,-9
168,88,11,13,262,-9,11,22,253,-9
168,89,11,11,264,5,11,6,269,5
168,90,11,11,264,5,11,6,269,5
168,91,11,11,264,-7,11,18,257,-7
168,92,11,11,264,-7,11,18,257,-7
168,93,0,0,0,0,0,0,0,0
168,94,11,16,259,4,11,12,263,4
168,95,11,16,259,4,11,12,263,4
169,0,10,9,241,9,10,0,250,9
169,1,10,9,241,9,10,0,250,9
169,2,10,10,240,4,10,6,244,4
169,3,10,10,240,4,10,6,244,4
169,4,10,15,235,7,10,8,242,7
169,5,10,15,235,7,10,8,242,7
169,6,10,15,235,7,10,8,242,7
169,7,10,9,241,9,10,0,250,9
169,8,10,9,241,9,10,0,250,9
169,9,0,0,0,0,0,0,0,0
169,10,10,16,234,7,10,9,241,7
169,11,10,16,234,7,10,9,241,7
169,12,0,0,0,0,0,0,0,0
169,13,0,0,0,0,0,0,0,0
169,14,0,0,0,0,0,0,0,0
169,15,0,0,0,0,0,0,0,0
169,16,0,0,0,0,0,0,0,0
169,17,0,0,0,0,0,0,0,0
169,18,0,0,0,0,0,0,0,0
169,19,0,0,0,0,0,0,0,0
169,20,0,0,0,0,0,0,0,0
169,21,0,0,0,0,0,0,0,0
169,22,0,0,0,0,0,0,0,0
169,23,0,0,0,0,0,0,0,0
169,24,0,0,0,0,0,0,0,0
169,25,0,0,0,0,0,0,0,0
169,26,0,0,0,0,0,0,0,0
169,27,0,0,0,0,0,0,0,0
169,28,0,0,0,0,0,0,0,0
169,29,0,0,0,0,0,0,0,0
169,30,0,0,0,0,0,0,0,0
169,31,0,0,0,0,0,0,0,0
169,32,0,0,0,0,0,0,0,0
169,33,0,0,0,0,0,0,0,0
169,34,0,0,0,0,0,0,0,0
169,35,0,0,0,0,0,0,0,0
169,36,10,11,239,-6,10,17,233,-6
169,37,10,11,239,-6,10,17,233,-6
169,38,10,12,238,-8,10,20,230,-8
169,39,10,12,238,-8,10,20,230,-8
169,40,10,12,238,-8,10,20,230,-8
169,41,10,14,236,-8,10,22,228,-8
169,42,10,14,236,-8,10,22,228,-8
169,43,10,7,243,8,11,24,251,8
169,44,10,7,243,8,11,24,251,8
169,45,10,12,238,6,10,6,244,6
169,46,10,12,238,6,10,6,244,6
169,47,10,12,238,6,10,6,244,6
169,48,10,14,236,-5,10,19,231,-5
169,49,10,14,236,-5,10,19,231,-5
169,50,10,14,236,-5,10,19,231,-5
169,51,10,14,236,2,10,12,238,2
169,52,10,14,236,2,10,12,238,2
169,53,10,14,236,2,10,12,238,2
169,54,10,11,239,4,10,7,243,4
169,55,10,11,239,4,10,7,243,4
169,56,10,13,237,4,10,9,241,4
169,57,10,13,237,4,10,9,241,4
169,58,10,13,237,4,10,9,241,4
169,59,0,0,0,0,0,0,0,0
169,60,10,15,235,5,10,10,240,5
169,61,10,15,235,5,10,10,240,5
169,62,10,15,235,5,10,10,240,5
169,63,10,14,236,-3,10,17,233,-3
169,64,10,14,236,-3,10,17,233,-3
169,65,10,15,235,-3,10,18,232,-3
169,66,10,15,235,-3,10,18,232,-3
169,67,10,15,235,-3,10,18,232,-3
169,68,10,15,235,-2,10,17,233,-2
169,69,10,15,235,-2,10,17,233,-2
169,70,10,15,235,-2,10,17,233,-2
169,71,0,0,0,0,0,0,0,0
169,72,10,14,236,5,10,9,241,5
169,73,10,14,236,5,10,9,241,5
169,74,10,14,236,5,10,9,241,5
169,75,10,11,239,3,10,8,242,3
169,76,10,11,239,3,10,8,242,3
169,77,10,11,239,3,10,8,242,3
169,78,10,9,241,-6,10,15,235,-6
169,79,10,9,241,-6,10,15,235,-6
169,80,10,12,238,6,10,6,244,6
169,81,10,12,238,6,10,6,244,6
169,82,10,14,236,8,10,6,244,8
169,83,10,14,236,8,10,6,244,8
169,84,10,15,235,8,10,7,243,8
169,85,10,15,235,8,10,7,243,8
169,86,10,15,235,8,10,7,243,8
169,87,10,11,239,-9,10,20,230,-9
169,88,10,11,239,-9,10,20,230,-9
169,89,10,13,237,-3,10,16,234,-3
169,90,10,13,237,-3,10,16,234,-3
169,91,10,11,239,-1,10,12,238,-1
169,92,10,11,239,-1,10,12,238,-1
169,93,0,0,0,0,0,0,0,0
169,94,10,14,236,1,10,13,237,1
169,95,10,14,236,1,10,13,237,1
170,0,10,8,242,-1,10,9,241,-1
170,1,10,8,242,-1,10,9,241,-1
170,2,10,11,239,2,10,9,241,2
170,3,10,11,239,2,10,9,241,2
170,4,10,12,238,4,10,8,242,4
170,5,10,12,238,4,10,8,242,4
170,6,10,12,238,4,10,8,242,4
170,7,10,7,243,7,10,0,250,7
170,8,10,7,243,7,10,0,250,7
170,9,0,0,0,0,0,0,0,0
170,10,10,15,235,-7,10,22,228,-7
170,11,10,15,235,-7,10,22,228,-7
170,12,0,0,0,0,0,0,0,0
170,13,0,0,0,0,0,0,0,0
170,14,0,0,0,0,0,0,0,0
170,15,0,0,0,0,0,0,0,0
170,16,0,0,0,0,0,0,0,0
170,17,0,0,0,0,0,0,0,0
170,18,0,0,0,0,0,0,0,0
170,19,0,0,0,0,0,0,0,0
170,20,0,0,0,0,0,0,0,0
170,21,0,0,0,0,0,0,0,0
170,22,0,0,0,0,0,0,0,0
170,23,0,0,0,0,0,0,0,0
170,24,0,0,0,0,0,0,0,0
170,25,0,0,0,0,0,0,0,0
170,26,0,0,0,0,0,0,0,0
170,27,0,0,0,0,0,0,0,0
170,28,0,0,0,0,0,0,0,0
170,29,0,0,0,0,0,0,0,0
170,30,0,0,0,0,0,0,0,0
170,31,0,0,0,0,0,0,0,0
170,32,0,0,0,0,0,0,0,0
170,33,0,0,0,0,0,0,0,0
170,34,0,0,0,0,0,0,0,0
170,35,0,0,0,0,0,0,0,0
170,36,10,9,241,-6,10,15,235,-6
170,37,10,9,241,-6,10,15,235,-6
170,38,10,13,237,9,10,4,246,9
170,39,10,13,237,9,10,4,246,9
170,40,10,13,237,9,10,4,246,9
170,41,10,16,234,-9,9,0,225,-9
170,42,10,16,234,-9,9,0,225,-9
170,43,10,13,237,-10,10,23,227,-10
170,44,10,13,237,-10,10,23,227,-10
170,45,10,12,238,-2,10,14,236,-2
170,46,10,12,238,-2,10,14,236,-2
170,47,10,12,238,-2,10,14,236,-2
170,48,10,15,235,0,10,15,235,0
170,49,10,15,235,0,10,15,235,0
170,50,10,15,235,0,10,15,235,0
170,51,10,11,239,-5,10,16,234,-5
170,52,10,11,239,-5,10,16,234,-5
170,53,10,11,239,-5,10,16,234,-5
170,54,10,11,239,-2,10,13,237,-2
170,55,10,11,239,-2,10,13,237,-2
170,56,10,11,239,8,10,3,247,8
170,57,10,11,239,8,10,3,247,8
170,58,10,11,239,8,10,3,247,8
170,59,0,0,0,0,0,0,0,0
170,60,10,12,238,-4,10,16,234,-4
170,61,10,12,238,-4,10,16,234,-4
170,62,10,12,238,-4,10,16,234,-4
170,63,10,13,237,3,10,10,240,3
170,64,10,13,237,3,10,10,240,3
170,65,10,16,234,-2,10,18,232,-2
170,66,10,16,234,-2,10,18,232,-2
170,67,10,16,234,-2,10,18,232,-2
170,68,10,17,233,10,10,7,243,10
170,69,10,17,233,10,10,7,243,10
170,70,10,17,233,10,10,7,243,10
170,71,0,0,0,0,0,0,0,0
170,72,10,14,236,4,10,10,240,4
170,73,10,14,236,4,10,10,240,4
170,74,10,14,236,4,10,10,240,4
170,75,10,13,237,7,10,6,244,7
170,76,10,13,237,7,10,6,244,7
170,77,10,13,237,7,10,6,244,7
170,78,10,13,237,7,10,6,244,7
170,79,10,13,237,7,10,6,244,7
170,80,10,13,237,4,10,9,241,4
170,81,10,13,237,4,10,9,241,4
170,82,10,14,236,5,10,9,241,5
170,83,10,14,236,5,10,9,241,5
170,84,10,17,233,-6,10,23,227,-6
170,85,10,17,233,-6,10,23,227,-6
170,86,10,17,233,-6,10,23,227,-6
170,87,10,13,237,-10,10,23,227,-10
170,88,10,13,237,-10,10,23,227,-10
170,89,10,10,240,-2,10,12,238,-2
170,90,10,10,240,-2,10,12,238,-2
170,91,10,10,240,8,10,2,248,8
170,92,10,10,240,8,10,2,248,8
170,93,0,0,0,0,0,0,0,0
170,94,10,13,237,10,10,3,247,10
170,95,10,13,237,10,10,3,247,10
171,0,10,7,243,2,10,5,245,2
171,1,10,7,243,2,10,5,245,2
171,2,10,8,242,8,10,0,250,8
171,3,10,8,242,8,10,0,250,8
171,4,10,12,238,7,10,5,245,7
171,5,10,12,238,7,10,5,245,7
171,6,10,12,238,7,10,5,245,7
171,7,10,7,243,-7,10,14,236,-7
171,8,10,7,243,-7,10,14,236,-7
171,9,0,0,0,0,0,0,0,0
171,10,10,12,238,-9,10,21,229,-9
171,11,10,12,238,-9,10,21,229,-9
171,12,0,0,0,0,0,0,0,0
171,13,0,0,0,0,0,0,0,0
171,14,0,0,0,0,0,0,0,0
171,15,0,0,0,0,0,0,0,0
171,16,0,0,0,0,0,0,0,0
171,17,0,0,0,0,0,0,0,0
171,18,0,0,0,0,0,0,0,0
171,19,0,0,0,0,0,0,0,0
171,20,0,0,0,0,0,0,0,0
171,21,0,0,0,0,0,0,0,0
171,22,0,0,0,0,0,0,0,0
171,23,0,0,0,0,0,0,0,0
171,24,0,0,0,0,0,0,0,0
171,25,0,0,0,0,0,0,0,0
171,26,0,0,0,0,0,0,0,0
171,27,0,0,0,0,0,0,0,0
171,28,0,0,0,0,0,0,0,0
171,29,0,0,0,0,0,0,0,0
171,30,0,0,0,0,0,0,0,0
171,31,0,0,0,0,0,0,0,0
171,32,0,0,0,0,0,0,0,0
171,33,0,0,0,0,0,0,0,0
171,34,0,0,0,0,0,0,0,0
171,35,0,0,0,0,0,0,0,0
171,36,10,9,241,-6,10,15,235,-6
171,37,10,9,241,-6,10,15,235,-6
171,38,10,10,240,10,10,0,250,10
171,39,10,10,240,10,10,0,250,10
171,40,10,10,240,10,10,0,250,10
171,41,10,12,238,-8,10,20,230,-8
171,42,10,12,238,-8,10,20,230,-8
171,43,10,6,244,-10,10,16,234,-10
171,44,10,6,244,-10,10,16,234,-10
171,45,10,10,240,5,10,5,245,5
171,46,10,10,240,5,10,5,245,5
171,47,10,10,240,5,10,5,245,5
171,48,10,11,239,-9,10,20,230,-9
171,49,10,11,239,-9,10,20,230,-9
171,50,10,11,239,-9,10,20,230,-9
171,51,10,11,239,5,10,6,244,5
171,52,10,11,239,5,10,6,244,5
171,53,10,11,239,5,10,6,244,5
171,54,10,8,242,-2,10,10,240,-2
171,55,10,8,242,-2,10,10,240,-2
171,56,10,11,239,-7,10,18,232,-7
171,57,10,11,239,-7,10,18,232,-7
171,58,10,11,239,-7,10,18,232,-7
171,59,0,0,0,0,0,0,0,0
171,60,10,13,237,7,10,6,244,7
171,61,10,13,237,7,10,6,244,7
171,62,10,13,237,7,10,6,244,7
171,63,10,13,237,-2,10,15,235,-2
171,64,10,13,237,-2,10,15,235,-2
171,65,10,14,236,-5,10,19,231,-5
171,66,10,14,236,-5,10,19,231,-5
171,67,10,14,236,-5,10,19,231,-5
171,68,10,14,236,-1,10,15,235,-1
171,69,10,14,236,-1,10,15,235,-1
171,70,10,14,236,-1,10,15,235,-1
171,71,0,0,0,0,0,0,0,0
171,72,10,13,237,6,10,7,243,6
171,73,10,13,237,6,10,7,243,6
171,74,10,13,237,6,10,7,243,6
171,75,10,9,241,8,10,1,249,8
171,76,10,9,241,8,10,1,249,8
171,77,10,9,241,8,10,1,249,8
171,78,10,6,244,1,10,5,245,1
171,79,10,6,244,1,10,5,245,1
171,80,10,10,240,8,10,2,248,8
171,81,10,10,240,8,10,2,248,8
171,82,10,11,239,4,10,7,243,4
171,83,10,11,239,4,10,7,243,4
171,84,10,15,235,4,10,11,239,4
171,85,10,15,235,4,10,11,239,4
171,86,10,15,235,4,10,11,239,4
171,87,10,12,238,7,10,5,245,7
171,88,10,12,238,7,10,5,245,7
171,89,10,7,243,4,10,3,247,4
171,90,10,7,243,4,10,3,247,4
171,91,10,12,238,6,10,6,244,6
171,92,10,12,238,6,10,6,244,6
171,93,0,0,0,0,0,0,0,0
171,94,10,16,234,1,10,15,235,1
171,95,10,16,234,1,10,15,235,1
172,0,10,6,244,-10,10,16,234,-10
172,1,10,6,244,-10,10,16,234,-10
172,2,10,6,244,-10,10,16,234,-10
172,3,10,7,243,-7,10,14,236,-7
172,4,10,7,243,-7,10,14,236,-7
172,5,10,12,238,-8,10,20,230,-8
172,6,10,12,238,-8,10,20,230,-8
172,7,10,12,238,-8,10,20,230,-8
172,8,10,12,238,1,10,11,239,1
172,9,10,12,238,1,10,11,239,1
172,10,10,12,238,1,10,11,239,1
172,11,0,0,0,0,0,0,0,0
172,12,10,12,238,8,10,4,246,8
172,13,10,12,238,8,10,4,246,8
172,14,10,12,238,8,10,4,246,8
172,15,10,10,240,-9,10,19,231,-9
172,16,10,10,240,-9,10,19,231,-9
172,17,10,10,240,-10,10,20,230,-10
172,18,10,10,240,-10,10,20,230,-10
172,19,10,7,243,7,10,0,250,7
172,20,10,7,243,7,10,0,250,7
172,21,10,8,242,-2,10,10,240,-2
172,22,10,8,242,-2,10,10,240,-2
172,23,0,0,0,0,0,0,0,0
172,24,10,10,240,6,10,4,246,6
172,25,10,10,240,6,10,4,246,6
172,26,10,10,240,6,10,4,246,6
172,27,10,12,238,-10,10,22,228,-10
172,28,10,12,238,-10,10,22,228,-10
172,29,10,9,241,9,10,0,250,9
172,30,10,9,241,9,10,0,250,9
172,31,10,12,238,-7,10,19,231,-7
172,32,10,12,238,-7,10,19,231,-7
172,33,10,11,239,7,10,4,246,7
172,34,10,11,239,7,10,4,246,7
172,35,0,0,0,0,0,0,0,0
172,36,10,12,238,5,10,7,243,5
172,37,10,12,238,5,10,7,243,5
172,38,10,12,238,5,10,7,243,5
172,39,10,13,237,1,10,12,238,1
172,40,10,13,237,1,10,12,238,1
172,41,10,14,236,-2,10,16,234,-2
172,42,10,14,236,-2,10,16,234,-2
172,43,10,14,236,-2,10,16,234,-2
172,44,10,10,240,-3,10,13,237,-3
172,45,10,10,240,-3,10,13,237,-3
172,46,10,10,240,-3,10,13,237,-3
172,47,0,0,0,0,0,0,0,0
172,48,10,13,237,-8,10,21,229,-8
172,49,10,13,237,-8,10,21,229,-8
172,50,10,15,235,-7,10,22,228,-7
172,51,10,15,235,-7,10,22,228,-7
172,52,10,10,240,4,10,6,244,4
172,53,10,10,240,4,10,6,244,4
172,54,10,10,240,-6,10,16,234,-6
172,55,10,10,240,-6,10,16,234,-6
172,56,10,16,234,-10,9,1,224,-10
172,57,10,16,234,-10,9,1,224,-10
172,58,10,16,234,-10,9,1,224,-10
172,59,0,0,0,0,0,0,0,0
172,60,10,10,240,-3,10,13,237,-3
172,61,10,10,240,-3,10,13,237,-3
172,62,10,10,240,-3,10,13,237,-3
172,63,10,15,235,10,10,5,245,10
172,64,10,15,235,10,10,5,245,10
172,65,10,13,237,4,10,9,241,4
172,66,10,13,237,4,10,9,241,4
172,67,10,13,237,4,10,9,241,4
172,68,10,14,236,-4,10,18,232,-4
172,69,10,14,236,-4,10,18,232,-4
172,70,10,15,235,10,10,5,245,10
172,71,10,15,235,10,10,5,245,10
172,72,10,12,238,-5,10,17,233,-5
172,73,10,12,238,-5,10,17,233,-5
172,74,10,12,238,-5,10,17,233,-5
172,75,10,9,241,10,11,24,251,10
172,76,10,9,241,10,11,24,251,10
172,77,10,15,235,-3,10,18,232,-3
172,78,10,15,235,-3,10,18,232,-3
172,79,10,15,235,-3,10,18,232,-3
172,80,10,13,237,-8,10,21,229,-8
172,81,10,13,237,-8,10,21,229,-8
172,82,10,13,237,-8,10,21,229,-8
172,83,0,0,0,0,0,0,0,0
172,84,0,0,0,0,0,0,0,0
172,85,0,0,0,0,0,0,0,0
172,86,0,0,0,0,0,0,0,0
172,87,0,0,0,0,0,0,0,0
172,88,0,0,0,0,0,0,0,0
172,89,0,0,0,0,0,0,0,0
172,90,0,0,0,0,0,0,0,0
172,91,0,0,0,0,0,0,0,0
172,92,0,0,0,0,0,0,0,0
172,93,0,0,0,0,0,0,0,0
172,94,0,0,0,0,0,0,0,0
172,95,0,0,0,0,0,0,0,0
173,0,10,6,244,-1,10,7,243,-1
173,1,10,6,244,-1,10,7,243,-1
173,2,10,6,244,-1,10,7,243,-1
173,3,10,11,239,6,10,5,245,6
173,4,10,11,239,6,10,5,245,6
173,5,10,6,244,5,10,1,249,5
173,6,10,6,244,5,10,1,249,5
173,7,10,6,244,5,10,1,249,5
173,8,10,9,241,-10,10,19,231,-10
173,9,10,9,241,-10,10,19,231,-10
173,10,10,9,241,-10,10,19,231,-10
173,11,0,0,0,0,0,0,0,0
173,12,10,6,244,5,10,1,249,5
173,13,11,10,265,0,11,10,265,0
173,14,10,7,243,3,10,4,246,3
173,15,10,7,243,3,10,4,246,3
173,16,10,4,246,9,11,20,255,9
173,17,10,4,246,9,11,20,255,9
173,18,10,8,242,2,10,6,244,2
173,19,10,8,242,2,10,6,244,2
173,20,10,9,241,0,10,9,241,0
173,21,10,9,241,0,10,9,241,0
173,22,10,9,241,0,10,9,241,0
173,23,0,0,0,0,0,0,0,0
173,24,10,8,242,3,10,5,245,3
173,25,10,8,242,3,10,5,245,3
173,26,10,8,242,3,10,5,245,3
173,27,10,10,240,6,10,4,246,6
173,28,10,10,240,6,10,4,246,6
173,29,10,7,243,6,10,1,249,6
173,30,10,7,243,6,10,1,249,6
173,31,10,7,243,6,10,1,249,6
173,32,10,9,241,5,10,4,246,5
173,33,10,9,241,5,10,4,246,5
173,34,10,9,241,-10,10,19,231,-10
173,35,10,9,241,-10,10,19,231,-10
173,36,10,8,242,4,10,4,246,4
173,37,10,8,242,4,10,4,246,4
173,38,10,8,242,4,10,4,246,4
173,39,10,8,242,10,11,23,252,10
173,40,10,8,242,10,11,23,252,10
173,41,10,12,238,-8,10,20,230,-8
173,42,10,12,238,-8,10,20,230,-8
173,43,10,12,238,-8,10,20,230,-8
173,44,10,13,237,-8,10,21,229,-8
173,45,10,13,237,-8,10,21,229,-8
173,46,10,13,237,-8,10,21,229,-8
173,47,0,0,0,0,0,0,0,0
173,48,10,10,240,5,10,5,245,5
173,49,10,10,240,5,10,5,245,5
173,50,10,10,240,5,10,5,245,5
173,51,10,8,242,-10,10,18,232,-10
173,52,10,8,242,-10,10,18,232,-10
173,53,10,8,242,-2,10,10,240,-2
173,54,10,8,242,-2,10,10,240,-2
173,55,10,10,240,1,10,9,241,1
173,56,10,10,240,1,10,9,241,1
173,57,10,11,239,5,10,6,244,5
173,58,10,11,239,5,10,6,244,5
173,59,0,0,0,0,0,0,0,0
173,60,10,13,237,9,10,4,246,9
173,61,10,13,237,9,10,4,246,9
173,62,10,13,237,9,10,4,246,9
173,63,10,10,240,7,10,3,247,7
173,64,10,10,240,7,10,3,247,7
173,65,10,12,238,5,10,7,243,5
173,66,10,12,238,5,10,7,243,5
173,67,10,12,238,5,10,7,243,5
173,68,10,10,240,4,10,6,244,4
173,69,10,10,240,4,10,6,244,4
173,70,10,10,240,4,10,6,244,4
173,71,0,0,0,0,0,0,0,0
173,72,10,10,240,7,10,3,247,7
173,73,10,10,240,7,10,3,247,7
173,74,10,11,239,6,10,5,245,6
173,75,10,11,239,6,10,5,245,6
173,76,10,8,242,4,10,4,246,4
173,77,10,8,242,4,10,4,246,4
173,78,10,8,242,0,10,8,242,0
173,79,10,8,242,0,10,8,242,0
173,80,10,14,236,10,10,4,246,10
173,81,10,14,236,10,10,4,246,10
173,82,10,14,236,10,10,4,246,10
173,83,0,0,0,0,0,0,0,0
173,84,10,8,242,-1,10,9,241,-1
173,85,10,8,242,-1,10,9,241,-1
173,86,10,8,242,-1,10,9,241,-1
173,87,10,10,240,3,10,7,243,3
173,88,10,10,240,3,10,7,243,3
173,89,10,13,237,-1,10,14,236,-1
173,90,10,13,237,-1,10,14,236,-1
173,91,10,13,237,-1,10,14,236,-1
173,92,10,12,238,5,10,7,243,5
173,93,10,12,238,5,10,7,243,5
173,94,10,13,237,-8,10,21,229,-8
173,95,10,13,237,-8,10,21,229,-8
174,0,12,11,289,3,12,8,292,3
174,1,12,11,289,3,12,8,292,3
174,2,12,8,292,4,12,4,296,4
174,3,12,8,292,4,12,4,296,4
174,4,12,14,286,-10,12,24,276,-10
174,5,12,14,286,-10,12,24,276,-10
174,6,12,14,286,-10,12,24,276,-10
174,7,12,10,290,6,12,4,296,6
174,8,12,10,290,6,12,4,296,6
174,9,0,0,0,0,0,0,0,0
174,10,12,15,285,-2,12,17,283,-2
174,11,12,15,285,-2,12,17,283,-2
174,12,0,0,0,0,0,0,0,0
174,13,0,0,0,0,0,0,0,0
174,14,0,0,0,0,0,0,0,0
174,15,0,0,0,0,0,0,0,0
174,16,0,0,0,0,0,0,0,0
174,17,0,0,0,0,0,0,0,0
174,18,0,0,0,0,0,0,0,0
174,19,0,0,0,0,0,0,0,0
174,20,0,0,0,0,0,0,0,0
174,21,0,0,0,0,0,0,0,0
174,22,0,0,0,0,0,0,0,0
174,23,0,0,0,0,0,0,0,0
174,24,0,0,0,0,0,0,0,0
174,25,0,0,0,0,0,0,0,0
174,26,0,0,0,0,0,0,0,0
174,27,0,0,0,0,0,0,0,0
174,28,0,0,0,0,0,0,0,0
174,29,0,0,0,0,0,0,0,0
174,30,0,0,0,0,0,0,0,0
174,31,0,0,0,0,0,0,0,0
174,32,0,0,0,0,0,0,0,0
174,33,0,0,0,0,0,0,0,0
174,34,0,0,0,0,0,0,0,0
174,35,0,0,0,0,0,0,0,0
174,36,12,11,289,-5,12,16,284,-5
174,37,12,11,289,-5,12,16,284,-5
174,38,12,12,288,5,12,7,293,5
174,39,12,12,288,5,12,7,293,5
174,40,12,12,288,5,12,7,293,5
174,41,12,14,286,1,12,13,287,1
174,42,12,14,286,1,12,13,287,1
174,43,12,9,291,9,12,0,300,9
174,44,12,9,291,9,12,0,300,9
174,45,12,12,288,2,12,10,290,2
174,46,12,12,288,2,12,10,290,2
174,47,12,12,288,2,12,10,290,2
174,48,12,15,285,-5,12,20,280,-5
174,49,12,15,285,-5,12,20,280,-5
174,50,12,15,285,-5,12,20,280,-5
174,51,12,13,287,5,12,8,292,5
174,52,12,13,287,5,12,8,292,5
174,53,12,13,287,5,12,8,292,5
174,54,12,10,290,1,12,9,291,1
174,55,12,10,290,1,12,9,291,1
174,56,12,11,289,-2,12,13,287,-2
174,57,12,11,289,-2,12,13,287,-2
174,58,12,11,289,-2,12,13,287,-2
174,59,0,0,0,0,0,0,0,0
174,60,12,14,286,0,12,14,286,0
174,61,12,14,286,0,12,14,286,0
174,62,12,14,286,0,12,14,286,0
174,63,12,13,287,6,12,7,293,6
174,64,12,13,287,6,12,7,293,6
174,65,12,15,285,4,12,11,289,4
174,66,12,15,285,4,12,11,289,4
174,67,12,15,285,4,12,11,289,4
174,68,12,17,283,-3,12,20,280,-3
174,69,12,17,283,-3,12,20,280,-3
174,70,12,17,283,-3,12,20,280,-3
174,71,0,0,0,0,0,0,0,0
174,72,12,11,289,-5,12,16,284,-5
174,73,12,11,289,-5,12,16,284,-5
174,74,12,11,289,-5,12,16,284,-5
174,75,12,12,288,9,12,3,297,9
174,76,12,12,288,9,12,3,297,9
174,77,12,12,288,9,12,3,297,9
174,78,12,10,290,0,12,10,290,0
174,79,12,10,290,0,12,10,290,0
174,80,12,14,286,-8,12,22,278,-8
174,81,12,14,286,-8,12,22,278,-8
174,82,12,16,284,5,12,11,289,5
174,83,12,16,284,5,12,11,289,5
174,84,12,14,286,-7,12,21,279,-7
174,85,12,14,286,-7,12,21,279,-7
174,86,12,14,286,-7,12,21,279,-7
174,87,12,14,286,-7,12,21,279,-7
174,88,12,14,286,-7,12,21,279,-7
174,89,12,9,291,5,12,4,296,5
174,90,12,9,291,5,12,4,296,5
174,91,12,13,287,-7,12,20,280,-7
174,92,12,13,287,-7,12,20,280,-7
174,93,0,0,0,0,0,0,0,0
174,94,12,16,284,-2,12,18,282,-2
174,95,12,16,284,-2,12,18,282,-2
175,0,12,7,293,5,12,2,298,5
175,1,12,7,293,5,12,2,298,5
175,2,12,9,291,-5,12,14,286,-5
175,3,12,9,291,-5,12,14,286,-5
175,4,12,11,289,4,12,7,293,4
175,5,12,11,289,4,12,7,293,4
175,6,12,11,289,4,12,7,293,4
175,7,12,9,291,-7,12,16,284,-7
175,8,12,9,291,-7,12,16,284,-7
175,9,0,0,0,0,0,0,0,0
175,10,12,14,286,10,12,4,296,10
175,11,12,14,286,10,12,4,296,10
175,12,0,0,0,0,0,0,0,0
175,13,0,0,0,0,0,0,0,0
175,14,0,0,0,0,0,0,0,0
175,15,0,0,0,0,0,0,0,0
175,16,0,0,0,0,0,0,0,0
175,17,0,0,0,0,0,0,0,0
175,18,0,0,0,0,0,0,0,0
175,19,0,0,0,0,0,0,0,0
175,20,0,0,0,0,0,0,0,0
175,21,0,0,0,0,0,0,0,0
175,22,0,0,0,0,0,0,0,0
175,23,0,0,0,0,0,0,0,0
175,24,0,0,0,0,0,0,0,0
175,25,0,0,0,0,0,0,0,0
175,26,0,0,0,0,0,0,0,0
175,27,0,0,0,0,0,0,0,0
175,28,0,0,0,0,0,0,0,0
175,29,0,0,0,0,0,0,0,0
175,30,0,0,0,0,0,0,0,0
175,31,0,0,0,0,0,0,0,0
175,32,0,0,0,0,0,0,0,0
175,33,0,0,0,0,0,0,0,0
175,34,0,0,0,0,0,0,0,0
175,35,0,0,0,0,0,0,0,0
175,36,12,12,288,9,12,3,297,9
175,37,12,12,288,9,12,3,297,9
175,38,12,13,287,5,12,8,292,5
175,39,12,13,287,5,12,8,292,5
175,40,12,13,287,5,12,8,292,5
175,41,12,15,285,3,12,12,288,3
175,42,12,15,285,3,12,12,288,3
175,43,12,11,289,-9,12,20,280,-9
175,44,12,11,289,-9,12,20,280,-9
175,45,12,15,285,-9,12,24,276,-9
175,46,12,15,285,-9,12,24,276,-9
175,47,12,15,285,-9,12,24,276,-9
175,48,12,14,286,2,12,12,288,2
175,49,12,14,286,2,12,12,288,2
175,50,12,14,286,2,12,12,288,2
175,51,12,12,288,-2,12,14,286,-2
175,52,12,12,288,-2,12,14,286,-2
175,53,12,12,288,-2,12,14,286,-2
175,54,12,11,289,3,12,8,292,3
175,55,12,11,289,3,12,8,292,3
175,56,12,13,287,5,12,8,292,5
175,57,12,13,287,5,12,8,292,5
175,58,12,13,287,5,12,8,292,5
175,59,12,12,288,-10,12,22,278,-10
175,60,12,12,288,3,12,9,291,3
175,61,12,12,288,3,12,9,291,3
175,62,12,12,288,3,12,9,291,3
175,63,12,12,288,-3,12,15,285,-3
175,64,12,12,288,-3,12,15,285,-3
175,65,12,14,286,0,12,14,286,0
175,66,12,14,286,0,12,14,286,0
175,67,12,14,286,0,12,14,286,0
175,68,12,16,284,10,12,6,294,10
175,69,12,16,284,10,12,6,294,10
175,70,12,16,284,10,12,6,294,10
175,71,0,0,0,0,0,0,0,0
175,72,12,14,286,0,12,14,286,0
175,73,12,14,286,0,12,14,286,0
175,74,12,14,286,0,12,14,286,0
175,75,12,12,288,-3,12,15,285,-3
175,76,12,12,288,-3,12,15,285,-3
175,77,12,12,288,-3,12,15,285,-3
175,78,12,11,289,-10,12,21,279,-10
175,79,12,11,289,-10,12,21,279,-10
175,80,12,12,288,-10,12,22,278,-10
175,81,0,0,0,0,0,0,0,0
175,82,12,11,289,-8,12,19,281,-8
175,83,12,11,289,-8,12,19,281,-8
175,84,12,12,288,-10,12,22,278,-10
175,85,12,12,288,-10,12,22,278,-10
175,86,12,12,288,-10,12,22,278,-10
175,87,12,12,288,-3,12,15,285,-3
175,88,12,12,288,-3,12,15,285,-3
175,89,12,14,286,3,12,11,289,3
175,90,12,14,286,3,12,11,289,3
175,91,12,13,287,8,12,5,295,8
175,92,12,13,287,8,12,5,295,8
175,93,0,0,0,0,0,0,0,0
175,94,12,16,284,-2,12,18,282,-2
175,95,12,16,284,-2,12,18,282,-2
176,0,12,12,288,-10,12,22,278,-10
176,1,12,12,288,-10,12,22,278,-10
176,2,12,7,293,-3,12,10,290,-3
176,3,12,7,293,-3,12,10,290,-3
176,4,12,12,288,1,12,11,289,1
176,5,12,12,288,1,12,11,289,1
176,6,12,12,288,1,12,11,289,1
176,7,12,4,296,3,12,1,299,3
176,8,0,0,0,0,0,0,0,0
176,9,12,4,296,3,12,1,299,3
176,10,12,13,287,3,12,10,290,3
176,11,12,13,287,3,12,10,290,3
176,12,0,0,0,0,0,0,0,0
176,13,0,0,0,0,0,0,0,0
176,14,0,0,0,0,0,0,0,0
176,15,0,0,0,0,0,0,0,0
176,16,0,0,0,0,0,0,0,0
176,17,0,0,0,0,0,0,0,0
176,18,0,0,0,0,0,0,0,0
176,19,0,0,0,0,0,0,0,0
176,20,0,0,0,0,0,0,0,0
176,21,0,0,0,0,0,0,0,0
176,22,0,0,0,0,0,0,0,0
176,23,0,0,0,0,0,0,0,0
176,24,0,0,0,0,0,0,0,0
176,25,0,0,0,0,0,0,0,0
176,26,0,0,0,0,0,0,0,0
176,27,0,0,0,0,0,0,0,0
176,28,0,0,0,0,0,0,0,0
176,29,0,0,0,0,0,0,0,0
176,30,0,0,0,0,0,0,0,0
176,31,0,0,0,0,0,0,0,0
176,32,0,0,0,0,0,0,0,0
176,33,0,0,0,0,0,0,0,0
176,34,0,0,0,0,0,0,0,0
176,35,0,0,0,0,0,0,0,0
176,36,12,10,290,-10,12,20,280,-10
176,37,12,10,290,-10,12,20,280,-10
176,38,12,9,291,-1,12,10,290,-1
176,39,12,9,291,-1,12,10,290,-1
176,40,12,9,291,-1,12,10,290,-1
176,41,12,14,286,8,12,6,294,8
176,42,12,14,286,8,12,6,294,8
176,43,12,5,295,2,12,3,297,2
176,44,12,5,295,2,12,3,297,2
176,45,12,12,288,-1,12,13,287,-1
176,46,12,12,288,-1,12,13,287,-1
176,47,12,12,288,-1,12,13,287,-1
176,48,12,14,286,-2,12,16,284,-2
176,49,12,14,286,-2,12,16,284,-2
176,50,12,14,286,-2,12,16,284,-2
176,51,12,13,287,-3,12,16,284,-3
176,52,12,13,287,-3,12,16,284,-3
176,53,12,13,287,-3,12,16,284,-3
176,54,12,9,291,3,12,6,294,3
176,55,12,9,291,3,12,6,294,3
176,56,12,11,289,0,12,11,289,0
176,57,12,11,289,0,12,11,289,0
176,58,12,11,289,0,12,11,289,0
176,59,0,0,0,0,0,0,0,0
176,60,12,13,287,10,12,3,297,10
176,61,12,13,287,10,12,3,297,10
176,62,12,13,287,10,12,3,297,10
176,63,12,14,286,9,12,5,295,9
176,64,12,14,286,9,12,5,295,9
176,65,12,13,287,-4,12,17,283,-4
176,66,12,13,287,-4,12,17,283,-4
176,67,12,13,287,-4,12,17,283,-4
176,68,12,12,288,-2,12,14,286,-2
176,69,12,12,288,-2,12,14,286,-2
176,70,12,12,288,-2,12,14,286,-2
176,71,0,0,0,0,0,0,0,0
176,72,12,13,287,5,12,8,292,5
176,73,12,13,287,5,12,8,292,5
176,74,12,13,287,5,12,8,292,5
176,75,12,10,290,-5,12,15,285,-5
176,76,12,10,290,-5,12,15,285,-5
176,77,12,10,290,-5,12,15,285,-5
176,78,12,8,292,9,13,24,301,9
176,79,12,8,292,9,13,24,301,9
176,80,12,10,290,-1,12,11,289,-1
176,81,12,10,290,-1,12,11,289,-1
176,82,12,11,289,-6,12,17,283,-6
176,83,12,11,289,-6,12,17,283,-6
176,84,12,13,287,2,12,11,289,2
176,85,12,13,287,2,12,11,289,2
176,86,12,13,287,2,12,11,289,2
176,87,12,13,287,-8,12,21,279,-8
176,88,12,13,287,-8,12,21,279,-8
176,89,12,10,290,-2,12,12,288,-2
176,90,12,10,290,-2,12,12,288,-2
176,91,12,14,286,-9,12,23,277,-9
176,92,12,14,286,-9,12,23,277,-9
176,93,0,0,0,0,0,0,0,0
176,94,12,15,285,-3,12,18,282,-3
176,95,12,15,285,-3,12,18,282,-3
177,0,12,7,293,-2,12,9,291,-2
177,1,12,7,293,-2,12,9,291,-2
177,2,12,7,293,-2,12,9,291,-2
177,3,12,8,292,-8,12,16,284,-8
177,4,12,8,292,-8,12,16,284,-8
177,5,12,13,287,-4,12,17,283,-4
177,6,12,13,287,-4,12,17,283,-4
177,7,12,13,287,-4,12,17,283,-4
177,8,12,12,288,-9,12,21,279,-9
177,9,12,12,288,-9,12,21,279,-9
177,10,12,12,288,-9,12,21,279,-9
177,11,0,0,0,0,0,0,0,0
177,12,0,0,0,0,0,0,0,0
177,13,0,0,0,0,0,0,0,0
177,14,0,0,0,0,0,0,0,0
177,15,0,0,0,0,0,0,0,0
177,16,0,0,0,0,0,0,0,0
177,17,0,0,0,0,0,0,0,0
177,18,0,0,0,0,0,0,0,0
177,19,0,0,0,0,0,0,0,0
177,20,0,0,0,0,0,0,0,0
177,21,0,0,0,0,0,0,0,0
177,22,0,0,0,0,0,0,0,0
177,23,0,0,0,0,0,0,0,0
177,24,12,10,290,-8,12,18,282,-8
177,25,12,10,290,-8,12,18,282,-8
177,26,12,10,290,-8,12,18,282,-8
177,27,12,11,289,-6,12,17,283,-6
177,28,12,11,289,-6,12,17,283,-6
177,29,12,11,289,7,12,4,296,7
177,30,12,11,289,7,12,4,296,7
177,31,12,10,290,3,12,7,293,3
177,32,12,10,290,3,12,7,293,3
177,33,12,10,290,1,12,9,291,1
177,34,12,10,290,1,12,9,291,1
177,35,0,0,0,0,0,0,0,0
177,36,12,11,289,0,12,11,289,0
177,37,12,11,289,0,12,11,289,0
177,38,12,11,289,0,12,11,289,0
177,39,12,14,286,-6,12,20,280,-6
177,40,12,14,286,-6,12,20,280,-6
177,41,12,14,286,-10,12,24,276,-10
177,42,12,14,286,-10,12,24,276,-10
177,43,12,14,286,-10,12,24,276,-10
177,44,12,12,288,-9,12,21,279,-9
177,45,12,12,288,-9,12,21,279,-9
177,46,12,12,288,-9,12,21,279,-9
177,47,12,13,287,-6,12,19,281,-6
177,48,12,12,288,2,12,10,290,2
177,49,12,12,288,2,12,10,290,2
177,50,12,12,288,0,12,12,288,0
177,51,12,12,288,0,12,12,288,0
177,52,12,10,290,4,12,6,294,4
177,53,12,10,290,4,12,6,294,4
177,54,12,9,291,-1,12,10,290,-1
177,55,12,9,291,-1,12,10,290,-1
177,56,12,14,286,-1,12,15,285,-1
177,57,12,14,286,-1,12,15,285,-1
177,58,12,14,286,-1,12,15,285,-1
177,59,0,0,0,0,0,0,0,0
177,60,12,9,291,-2,12,11,289,-2
177,61,12,9,291,-2,12,11,289,-2
177,62,12,9,291,-2,12,11,289,-2
177,63,12,16,284,-7,12,23,277,-7
177,64,12,16,284,-7,12,23,277,-7
177,65,12,13,287,0,12,13,287,0
177,66,12,13,287,0,12,13,287,0
177,67,12,13,287,0,12,13,287,0
177,68,12,16,284,-9,11,0,275,-9
177,69,12,16,284,-9,11,0,275,-9
177,70,12,13,287,-6,12,19,281,-6
177,71,0,0,0,0,0,0,0,0
177,72,12,11,289,9,12,2,298,9
177,73,12,11,289,9,12,2,298,9
177,74,12,11,289,9,12,2,298,9
177,75,12,9,291,7,12,2,298,7
177,76,12,9,291,7,12,2,298,7
177,77,12,16,284,3,12,13,287,3
177,78,12,16,284,3,12,13,287,3
177,79,12,16,284,3,12,13,287,3
177,80,12,14,286,-8,12,22,278,-8
177,81,12,14,286,-8,12,22,278,-8
177,82,12,14,286,-8,12,22,278,-8
177,83,0,0,0,0,0,0,0,0
177,84,12,13,287,9,12,4,296,9
177,85,12,13,287,9,12,4,296,9
177,86,12,13,287,9,12,4,296,9
177,87,12,13,287,5,12,8,292,5
177,88,12,13,287,5,12,8,292,5
177,89,12,12,288,-4,12,16,284,-4
177,90,12,12,288,-4,12,16,284,-4
177,91,12,12,288,7,12,5,295,7
177,92,12,12,288,7,12,5,295,7
177,93,12,12,288,5,12,7,293,5
177,94,12,12,288,5,12,7,293,5
177,95,0,0,0,0,0,0,0,0
178,0,12,11,289,4,12,7,293,4
178,1,12,11,289,4,12,7,293,4
178,2,12,11,289,4,12,7,293,4
178,3,12,15,285,-6,12,21,279,-6
178,4,12,15,285,-6,12,21,279,-6
178,5,12,9,291,9,12,0,300,9
178,6,12,9,291,9,12,0,300,9
178,7,12,9,291,9,12,0,300,9
178,8,12,14,286,1,12,13,287,1
178,9,12,14,286,1,12,13,287,1
178,10,12,14,286,1,12,13,287,1
178,11,0,0,0,0,0,0,0,0
178,12,0,0,0,0,0,0,0,0
178,13,12,10,290,-7,12,17,283,-7
178,14,12,12,288,-1,12,13,287,-1
178,15,12,12,288,-1,12,13,287,-1
178,16,12,9,291,6,12,3,297,6
178,17,12,9,291,6,12,3,297,6
178,18,12,11,289,-2,12,13,287,-2
178,19,12,11,289,-2,12,13,287,-2
178,20,12,15,285,2,12,13,287,2
178,21,12,15,285,2,12,13,287,2
178,22,12,15,285,2,12,13,287,2
178,23,0,0,0,0,0,0,0,0
178,24,12,12,288,-2,12,14,286,-2
178,25,12,12,288,-2,12,14,286,-2
178,26,12,12,288,-2,12,14,286,-2
178,27,12,15,285,-9,12,24,276,-9
178,28,12,15,285,-9,12,24,276,-9
178,29,12,10,290,-9,12,19,281,-9
178,30,12,10,290,-9,12,19,281,-9
178,31,12,10,290,-9,12,19,281,-9
178,32,12,13,287,6,12,7,293,6
178,33,12,13,287,6,12,7,293,6
178,34,12,15,285,-8,12,23,277,-8
178,35,12,15,285,-8,12,23,277,-8
178,36,12,10,290,3,12,7,293,3
178,37,12,10,290,3,12,7,293,3
178,38,12,10,290,3,12,7,293,3
178,39,12,10,290,-8,12,18,282,-8
178,40,12,10,290,-8,12,18,282,-8
178,41,12,15,285,-3,12,18,282,-3
178,42,12,15,285,-3,12,18,282,-3
178,43,12,15,285,-3,12,18,282,-3
178,44,12,16,284,1,12,15,285,1
178,45,12,16,284,1,12,15,285,1
178,46,12,16,284,1,12,15,285,1
178,47,0,0,0,0,0,0,0,0
178,48,12,13,287,-3,12,16,284,-3
178,49,12,13,287,-3,12,16,284,-3
178,50,12,13,287,-3,12,16,284,-3
178,51,12,14,286,4,12,10,290,4
178,52,12,14,286,4,12,10,290,4
178,53,12,11,289,-7,12,18,282,-7
178,54,12,11,289,-7,12,18,282,-7
178,55,12,12,288,7,12,5,295,7
178,56,12,12,288,7,12,5,295,7
178,57,12,13,287,-2,12,15,285,-2
178,58,12,13,287,-2,12,15,285,-2
178,59,0,0,0,0,0,0,0,0
178,60,12,14,286,9,12,5,295,9
178,61,12,14,286,9,12,5,295,9
178,62,12,14,286,9,12,5,295,9
178,63,12,11,289,2,12,9,291,2
178,64,12,11,289,2,12,9,291,2
178,65,12,13,287,-5,12,18,282,-5
178,66,12,13,287,-5,12,18,282,-5
178,67,12,13,287,-5,12,18,282,-5
178,68,12,14,286,9,12,5,295,9
178,69,12,14,286,9,12,5,295,9
178,70,12,14,286,9,12,5,295,9
178,71,0,0,0,0,0,0,0,0
178,72,12,10,290,2,12,8,292,2
178,73,12,10,290,2,12,8,292,2
178,74,12,14,286,9,12,5,295,9
178,75,12,14,286,9,12,5,295,9
178,76,12,12,288,-2,12,14,286,-2
178,77,12,12,288,-2,12,14,286,-2
178,78,12,11,289,9,12,2,298,9
178,79,12,11,289,9,12,2,298,9
178,80,12,17,283,4,12,13,287,4
178,81,12,17,283,4,12,13,287,4
178,82,12,17,283,4,12,13,287,4
178,83,0,0,0,0,0,0,0,0
178,84,12,9,291,-8,12,17,283,-8
178,85,12,9,291,-8,12,17,283,-8
178,86,12,9,291,-8,12,17,283,-8
178,87,12,15,285,5,12,10,290,5
178,88,12,15,285,5,12,10,290,5
178,89,12,16,284,5,12,11,289,5
178,90,12,16,284,5,12,11,289,5
178,91,12,16,284,5,12,11,289,5
178,92,12,15,285,-1,12,16,284,-1
178,93,12,15,285,-1,12,16,284,-1
178,94,12,14,286,-7,12,21,279,-7
178,95,12,14,286,-7,12,21,279,-7
179,0,11,11,264,1,11,10,265,1
179,1,11,11,264,1,11,10,265,1
179,2,11,11,264,1,11,10,265,1
179,3,11,8,267,-10,11,18,257,-10
179,4,11,8,267,-10,11,18,257,-10
179,5,11,11,264,0,11,11,264,0
179,6,11,11,264,0,11,11,264,0
179,7,11,11,264,0,11,11,264,0
179,8,11,14,261,0,11,14,261,0
179,9,11,14,261,0,11,14,261,0
179,10,11,14,261,0,11,14,261,0
179,11,0,0,0,0,0,0,0,0
179,12,0,0,0,0,0,0,0,0
179,13,0,0,0,0,0,0,0,0
179,14,0,0,0,0,0,0,0,0
179,15,0,0,0,0,0,0,0,0
179,16,0,0,0,0,0,0,0,0
179,17,0,0,0,0,0,0,0,0
179,18,0,0,0,0,0,0,0,0
179,19,0,0,0,0,0,0,0,0
179,20,0,0,0,0,0,0,0,0
179,21,0,0,0,0,0,0,0,0
179,22,0,0,0,0,0,0,0,0
179,23,0,0,0,0,0,0,0,0
179,24,11,12,263,1,11,11,264,1
179,25,11,12,263,1,11,11,264,1
179,26,11,12,263,1,11,11,264,1
179,27,11,14,261,6,11,8,267,6
179,28,11,14,261,6,11,8,267,6
179,29,11,8,267,-4,11,12,263,-4
179,30,11,8,267,-4,11,12,263,-4
179,31,11,12,263,-7,11,19,256,-7
179,32,11,12,263,-7,11,19,256,-7
179,33,11,13,262,-5,11,18,257,-5
179,34,11,13,262,-5,11,18,257,-5
179,35,0,0,0,0,0,0,0,0
179,36,11,15,260,-10,10,0,250,-10
179,37,11,15,260,-10,10,0,250,-10
179,38,11,15,260,-10,10,0,250,-10
179,39,11,15,260,-10,10,0,250,-10
179,40,11,15,260,-10,10,0,250,-10
179,41,11,14,261,3,11,11,264,3
179,42,11,14,261,3,11,11,264,3
179,43,11,14,261,3,11,11,264,3
179,44,11,12,263,0,11,12,263,0
179,45,11,12,263,0,11,12,263,0
179,46,11,12,263,0,11,12,263,0
179,47,0,0,0,0,0,0,0,0
179,48,11,13,262,-4,11,17,258,-4
179,49,11,13,262,-4,11,17,258,-4
179,50,11,14,261,10,11,4,271,10
179,51,11,14,261,10,11,4,271,10
179,52,11,10,265,10,11,0,275,10
179,53,11,10,265,10,11,0,275,10
179,54,11,12,263,4,11,8,267,4
179,55,11,12,263,4,11,8,267,4
179,56,11,16,259,6,11,10,265,6
179,57,11,16,259,6,11,10,265,6
179,58,11,16,259,6,11,10,265,6
179,59,0,0,0,0,0,0,0,0
179,60,11,12,263,5,11,7,268,5
179,61,11,12,263,5,11,7,268,5
179,62,11,12,263,5,11,7,268,5
179,63,11,15,260,1,11,14,261,1
179,64,11,15,260,1,11,14,261,1
179,65,11,15,260,3,11,12,263,3
179,66,11,15,260,3,11,12,263,3
179,67,11,15,260,3,11,12,263,3
179,68,11,15,260,-9,11,24,251,-9
179,69,11,15,260,-9,11,24,251,-9
179,70,11,17,258,8,11,9,266,8
179,71,11,17,258,8,11,9,266,8
179,72,11,13,262,-4,11,17,258,-4
179,73,11,13,262,-4,11,17,258,-4
179,74,11,13,262,-4,11,17,258,-4
179,75,11,7,268,5,11,2,273,5
179,76,11,7,268,5,11,2,273,5
179,77,11,14,261,4,11,10,265,4
179,78,11,14,261,4,11,10,265,4
179,79,11,14,261,4,11,10,265,4
179,80,11,16,259,-9,10,0,250,-9
179,81,11,16,259,-9,10,0,250,-9
179,82,11,16,259,-9,10,0,250,-9
179,83,0,0,0,0,0,0,0,0
179,84,11,15,260,-5,11,20,255,-5
179,85,11,15,260,-5,11,20,255,-5
179,86,11,15,260,-5,11,20,255,-5
179,87,11,12,263,-7,11,19,256,-7
179,88,11,12,263,-7,11,19,256,-7
179,89,11,13,262,-9,11,22,253,-9
179,90,11,13,262,-9,11,22,253,-9
179,91,11,15,260,-4,11,19,256,-4
179,92,11,15,260,-4,11,19,256,-4
179,93,11,13,262,3,11,10,265,3
179,94,11,13,262,3,11,10,265,3
179,95,0,0,0,0,0,0,0,0
180,0,11,14,261,6,11,8,267,6
180,1,11,14,261,6,11,8,267,6
180,2,11,14,261,6,11,8,267,6
180,3,11,13,262,4,11,9,266,4
180,4,11,13,262,4,11,9,266,4
180,5,11,13,262,-3,11,16,259,-3
180,6,11,13,262,-3,11,16,259,-3
180,7,11,13,262,-3,11,16,259,-3
180,8,0,0,0,0,0,0,0,0
180,9,11,11,264,-8,11,19,256,-8
180,10,11,11,264,-8,11,19,256,-8
180,11,11,11,264,-8,11,19,256,-8
180,12,11,10,265,10,11,0,275,10
180,13,12,13,287,0,12,13,287,0
180,14,11,12,263,-8,11,20,255,-8
180,15,11,12,263,-8,11,20,255,-8
180,16,11,11,264,-1,11,12,263,-1
180,17,11,11,264,-1,11,12,263,-1
180,18,11,11,264,-2,11,13,262,-2
180,19,11,11,264,-2,11,13,262,-2
180,20,11,12,263,-6,11,18,257,-6
180,21,11,12,263,-6,11,18,257,-6
180,22,11,12,263,-6,11,18,257,-6
180,23,0,0,0,0,0,0,0,0
180,24,11,10,265,-5,11,15,260,-5
180,25,12,16,284,0,12,16,284,0
180,26,11,10,265,-5,11,15,260,-5
180,27,11,15,260,-9,11,24,251,-9
180,28,11,15,260,-9,11,24,251,-9
180,29,11,15,260,-5,11,20,255,-5
180,30,11,15,260,-5,11,20,255,-5
180,31,11,15,260,-5,11,20,255,-5
180,32,11,12,263,5,11,7,268,5
180,33,11,12,263,5,11,7,268,5
180,34,11,15,260,-7,11,22,253,-7
180,35,11,15,260,-7,11,22,253,-7
180,36,11,12,263,4,11,8,267,4
180,37,12,17,283,0,12,17,283,0
180,38,11,12,263,4,11,8,267,4
180,39,11,11,264,9,11,2,273,9
180,40,11,11,264,9,11,2,273,9
180,41,11,15,260,7,11,8,267,7
180,42,11,15,260,7,11,8,267,7
180,43,11,15,260,7,11,8,267,7
180,44,11,17,258,2,11,15,260,2
180,45,11,17,258,2,11,15,260,2
180,46,11,17,258,2,11,15,260,2
180,47,0,0,0,0,0,0,0,0
180,48,11,15,260,3,11,12,263,3
180,49,11,15,260,3,11,12,263,3
180,50,11,15,260,3,11,12,263,3
180,51,11,14,261,2,11,12,263,2
180,52,11,14,261,2,11,12,263,2
180,53,11,12,263,3,11,9,266,3
180,54,11,12,263,3,11,9,266,3
180,55,11,12,263,-3,11,15,260,-3
180,56,11,12,263,-3,11,15,260,-3
180,57,11,12,263,0,11,12,263,0
180,58,11,12,263,0,11,12,263,0
180,59,0,0,0,0,0,0,0,0
180,60,11,14,261,3,11,11,264,3
180,61,11,14,261,3,11,11,264,3
180,62,11,14,261,3,11,11,264,3
180,63,11,14,261,0,11,14,261,0
180,64,11,14,261,0,11,14,261,0
180,65,11,13,262,8,11,5,270,8
180,66,11,13,262,8,11,5,270,8
180,67,11,13,262,8,11,5,270,8
180,68,11,15,260,7,11,8,267,7
180,69,11,15,260,7,11,8,267,7
180,70,11,15,260,7,11,8,267,7
180,71,0,0,0,0,0,0,0,0
180,72,11,12,263,3,11,9,266,3
180,73,11,12,263,3,11,9,266,3
180,74,11,13,262,8,11,5,270,8
180,75,11,13,262,8,11,5,270,8
180,76,11,10,265,-10,11,20,255,-10
180,77,11,10,265,-10,11,20,255,-10
180,78,11,13,262,0,11,13,262,0
180,79,11,13,262,0,11,13,262,0
180,80,11,17,258,-10,10,2,248,-10
180,81,11,17,258,-10,10,2,248,-10
180,82,11,17,258,-10,10,2,248,-10
180,83,0,0,0,0,0,0,0,0
180,84,11,13,262,6,11,7,268,6
180,85,11,13,262,6,11,7,268,6
180,86,11,13,262,6,11,7,268,6
180,87,11,13,262,8,11,5,270,8
180,88,11,13,262,8,11,5,270,8
180,89,11,14,261,-8,11,22,253,-8
180,90,11,14,261,-8,11,22,253,-8
180,91,11,14,261,-8,11,22,253,-8
180,92,11,14,261,-1,11,15,260,-1
180,93,11,14,261,-1,11,15,260,-1
180,94,11,15,260,5,11,10,265,5
180,95,11,15,260,5,11,10,265,5
181,0,11,10,265,-4,11,14,261,-4
181,1,11,10,265,-4,11,14,261,-4
181,2,11,9,266,-5,11,14,261,-5
181,3,12,15,285,0,12,15,285,0
181,4,11,13,262,-6,11,19,256,-6
181,5,11,13,262,-6,11,19,256,-6
181,6,11,13,262,-6,11,19,256,-6
181,7,11,9,266,1,11,8,267,1
181,8,11,9,266,1,11,8,267,1
181,9,0,0,0,0,0,0,0,0
181,10,11,15,260,8,11,7,268,8
181,11,11,15,260,8,11,7,268,8
181,12,0,0,0,0,0,0,0,0
181,13,0,0,0,0,0,0,0,0
181,14,0,0,0,0,0,0,0,0
181,15,0,0,0,0,0,0,0,0
181,16,0,0,0,0,0,0,0,0
181,17,0,0,0,0,0,0,0,0
181,18,0,0,0,0,0,0,0,0
181,19,0,0,0,0,0,0,0,0
181,20,0,0,0,0,0,0,0,0
181,21,0,0,0,0,0,0,0,0
181,22,0,0,0,0,0,0,0,0
181,23,0,0,0,0,0,0,0,0
181,24,0,0,0,0,0,0,0,0
181,25,0,0,0,0,0,0,0,0
181,26,0,0,0,0,0,0,0,0
181,27,0,0,0,0,0,0,0,0
181,28,0,0,0,0,0,0,0,0
181,29,0,0,0,0,0,0,0,0
181,30,0,0,0,0,0,0,0,0
181,31,0,0,0,0,0,0,0,0
181,32,0,0,0,0,0,0,0,0
181,33,0,0,0,0,0,0,0,0
181,34,0,0,0,0,0,0,0,0
181,35,0,0,0,0,0,0,0,0
181,36,11,9,266,1,11,8,267,1
181,37,11,9,266,1,11,8,267,1
181,38,11,10,265,0,11,10,265,0
181,39,11,10,265,0,11,10,265,0
181,40,11,10,265,0,11,10,265,0
181,41,11,14,261,0,11,14,261,0
181,42,11,14,261,0,11,14,261,0
181,43,11,7,268,9,12,23,277,9
181,44,11,7,268,9,12,23,277,9
181,45,11,11,264,1,11,10,265,1
181,46,11,11,264,1,11,10,265,1
181,47,11,11,264,1,11,10,265,1
181,48,11,13,262,1,11,12,263,1
181,49,11,13,262,1,11,12,263,1
181,50,11,13,262,1,11,12,263,1
181,51,11,12,263,5,11,7,268,5
181,52,11,12,263,5,11,7,268,5
181,53,11,12,263,5,11,7,268,5
181,54,11,10,265,3,11,7,268,3
181,55,11,10,265,3,11,7,268,3
181,56,11,14,261,-8,11,22,253,-8
181,57,11,14,261,-8,11,22,253,-8
181,58,0,0,0,0,0,0,0,0
181,59,11,14,261,-8,11,22,253,-8
181,60,11,12,263,-3,11,15,260,-3
181,61,11,12,263,-3,11,15,260,-3
181,62,11,12,263,-3,11,15,260,-3
181,63,11,13,262,9,11,4,271,9
181,64,11,13,262,9,11,4,271,9
181,65,11,15,260,4,11,11,264,4
181,66,11,15,260,4,11,11,264,4
181,67,11,15,260,4,11,11,264,4
181,68,11,14,261,5,11,9,266,5
181,69,11,14,261,5,11,9,266,5
181,70,11,14,261,5,11,9,266,5
181,71,0,0,0,0,0,0,0,0
181,72,11,14,261,8,11,6,269,8
181,73,11,14,261,8,11,6,269,8
181,74,11,14,261,8,11,6,269,8
181,75,11,11,264,-5,11,16,259,-5
181,76,11,11,264,-5,11,16,259,-5
181,77,11,11,264,-5,11,16,259,-5
181,78,11,10,265,-6,11,16,259,-6
181,79,11,10,265,-6,11,16,259,-6
181,80,11,12,263,-5,11,17,258,-5
181,81,11,12,263,-5,11,17,258,-5
181,82,11,15,260,-3,11,18,257,-3
181,83,11,15,260,-3,11,18,257,-3
181,84,11,14,261,10,11,4,271,10
181,85,11,14,261,10,11,4,271,10
181,86,11,14,261,10,11,4,271,10
181,87,11,12,263,6,11,6,269,6
181,88,11,12,263,6,11,6,269,6
181,89,11,12,263,-7,11,19,256,-7
181,90,11,12,263,-7,11,19,256,-7
181,91,11,13,262,2,11,11,264,2
181,92,11,13,262,2,11,11,264,2
181,93,0,0,0,0,0,0,0,0
181,94,11,15,260,-9,11,24,251,-9
181,95,11,15,260,-9,11,24,251,-9
182,0,11,8,267,-10,11,18,257,-10
182,1,11,8,267,-10,11,18,257,-10
182,2,11,9,266,-6,11,15,260,-6
182,3,11,9,266,-6,11,15,260,-6
182,4,11,11,264,6,11,5,270,6
182,5,11,11,264,6,11,5,270,6
182,6,12,14,286,0,12,14,286,0
182,7,11,7,268,-8,11,15,260,-8
182,8,11,7,268,-8,11,15,260,-8
182,9,0,0,0,0,0,0,0,0
182,10,11,13,262,2,11,11,264,2
182,11,11,13,262,2,11,11,264,2
182,12,0,0,0,0,0,0,0,0
182,13,0,0,0,0,0,0,0,0
182,14,0,0,0,0,0,0,0,0
182,15,0,0,0,0,0,0,0,0
182,16,0,0,0,0,0,0,0,0
182,17,0,0,0,0,0,0,0,0
182,18,0,0,0,0,0,0,0,0
182,19,0,0,0,0,0,0,0,0
182,20,0,0,0,0,0,0,0,0
182,21,0,0,0,0,0,0,0,0
182,22,0,0,0,0,0,0,0,0
182,23,0,0,0,0,0,0,0,0
182,24,0,0,0,0,0,0,0,0
182,25,0,0,0,0,0,0,0,0
182,26,0,0,0,0,0,0,0,0
182,27,0,0,0,0,0,0,0,0
182,28,0,0,0,0,0,0,0,0
182,29,0,0,0,0,0,0,0,0
182,30,0,0,0,0,0,0,0,0
182,31,0,0,0,0,0,0,0,0
182,32,0,0,0,0,0,0,0,0
182,33,0,0,0,0,0,0,0,0
182,34,0,0,0,0,0,0,0,0
182,35,0,0,0,0,0,0,0,0
182,36,11,8,267,10,12,23,277,10
182,37,11,8,267,10,12,23,277,10
182,38,11,11,264,3,11,8,267,3
182,39,11,11,264,3,11,8,267,3
182,40,11,11,264,3,11,8,267,3
182,41,11,10,265,5,11,5,270,5
182,42,11,10,265,5,11,5,270,5
182,43,11,10,265,10,11,0,275,10
182,44,11,10,265,10,11,0,275,10
182,45,11,10,265,6,11,4,271,6
182,46,11,10,265,6,11,4,271,6
182,47,11,10,265,6,11,4,271,6
182,48,11,13,262,-5,11,18,257,-5
182,49,11,13,262,-5,11,18,257,-5
182,50,11,13,262,-5,11,18,257,-5
182,51,11,12,263,-2,11,14,261,-2
182,52,11,12,263,-2,11,14,261,-2
182,53,11,12,263,-2,11,14,261,-2
182,54,11,9,266,-5,11,14,261,-5
182,55,11,9,266,-5,11,14,261,-5
182,56,11,10,265,7,11,3,272,7
182,57,11,10,265,7,11,3,272,7
182,58,11,10,265,7,11,3,272,7
182,59,0,0,0,0,0,0,0,0
182,60,11,11,264,2,11,9,266,2
182,61,11,11,264,2,11,9,266,2
182,62,11,11,264,2,11,9,266,2
182,63,11,11,264,0,11,11,264,0
182,64,11,11,264,0,11,11,264,0
182,65,11,11,264,6,11,5,270,6
182,66,11,11,264,6,11,5,270,6
182,67,11,11,264,6,11,5,270,6
182,68,11,16,259,7,11,9,266,7
182,69,11,16,259,7,11,9,266,7
182,70,11,16,259,7,11,9,266,7
182,71,0,0,0,0,0,0,0,0
182,72,11,13,262,9,11,4,271,9
182,73,11,13,262,9,11,4,271,9
182,74,11,13,262,9,11,4,271,9
182,75,11,9,266,6,11,3,272,6
182,76,11,9,266,6,11,3,272,6
182,77,11,9,266,6,11,3,272,6
182,78,11,8,267,7,11,1,274,7
182,79,11,8,267,7,11,1,274,7
182,80,11,11,264,-8,11,19,256,-8
182,81,11,11,264,-8,11,19,256,-8
182,82,11,9,266,-1,11,10,265,-1
182,83,11,9,266,-1,11,10,265,-1
182,84,11,14,261,-6,11,20,255,-6
182,85,11,14,261,-6,11,20,255,-6
182,86,11,14,261,-6,11,20,255,-6
182,87,11,10,265,9,11,1,274,9
182,88,11,10,265,9,11,1,274,9
182,89,11,12,263,-3,11,15,260,-3
182,90,11,12,263,-3,11,15,260,-3
182,91,11,11,264,-8,11,19,256,-8
182,92,11,11,264,-8,11,19,256,-8
182,93,0,0,0,0,0,0,0,0
182,94,11,14,261,10,11,4,271,10
182,95,11,14,261,10,11,4,271,10
183,0,11,9,266,7,11,2,273,7
183,1,11,9,266,7,11,2,273,7
183,2,11,8,267,3,11,5,270,3
183,3,11,8,267,3,11,5,270,3
183,4,11,14,261,4,11,10,265,4
183,5,11,14,261,4,11,10,265,4
183,6,11,14,261,4,11,10,265,4
183,7,11,6,269,-10,11,16,259,-10
183,8,11,6,269,-10,11,16,259,-10
183,9,0,0,0,0,0,0,0,0
183,10,11,14,261,-2,11,16,259,-2
183,11,11,14,261,-2,11,16,259,-2
183,12,0,0,0,0,0,0,0,0
183,13,0,0,0,0,0,0,0,0
183,14,0,0,0,0,0,0,0,0
183,15,0,0,0,0,0,0,0,0
183,16,0,0,0,0,0,0,0,0
183,17,0,0,0,0,0,0,0,0
183,18,0,0,0,0,0,0,0,0
183,19,0,0,0,0,0,0,0,0
183,20,0,0,0,0,0,0,0,0
183,21,0,0,0,0,0,0,0,0
183,22,0,0,0,0,0,0,0,0
183,23,0,0,0,0,0,0,0,0
183,24,0,0,0,0,0,0,0,0
183,25,0,0,0,0,0,0,0,0
183,26,0,0,0,0,0,0,0,0
183,27,0,0,0,0,0,0,0,0
183,28,0,0,0,0,0,0,0,0
183,29,0,0,0,0,0,0,0,0
183,30,0,0,0,0,0,0,0,0
183,31,0,0,0,0,0,0,0,0
183,32,0,0,0,0,0,0,0,0
183,33,0,0,0,0,0,0,0,0
183,34,0,0,0,0,0,0,0,0
183,35,0,0,0,0,0,0,0,0
183,36,11,11,264,-8,11,19,256,-8
183,37,11,11,264,-8,11,19,256,-8
183,38,11,10,265,9,11,1,274,9
183,39,11,10,265,9,11,1,274,9
183,40,11,10,265,9,11,1,274,9
183,41,11,13,262,5,11,8,267,5
183,42,11,13,262,5,11,8,267,5
183,43,11,9,266,-10,11,19,256,-10
183,44,11,9,266,-10,11,19,256,-10
183,45,11,11,264,5,11,6,269,5
183,46,11,11,264,5,11,6,269,5
183,47,11,11,264,5,11,6,269,5
183,48,11,12,263,4,11,8,267,4
183,49,11,12,263,4,11,8,267,4
183,50,11,12,263,4,11,8,267,4
183,51,11,10,265,-3,11,13,262,-3
183,52,11,10,265,-3,11,13,262,-3
183,53,11,10,265,-3,11,13,262,-3
183,54,11,7,268,-3,11,10,265,-3
183,55,11,7,268,-3,11,10,265,-3
183,56,11,12,263,10,11,2,273,10
183,57,11,12,263,10,11,2,273,10
183,58,11,12,263,10,11,2,273,10
183,59,11,14,261,-10,11,24,251,-10
183,60,11,13,262,2,11,11,264,2
183,61,11,13,262,2,11,11,264,2
183,62,11,13,262,2,11,11,264,2
183,63,11,13,262,1,11,12,263,1
183,64,11,13,262,1,11,12,263,1
183,65,11,11,264,5,11,6,269,5
183,66,11,11,264,5,11,6,269,5
183,67,11,11,264,5,11,6,269,5
183,68,11,13,262,-3,11,16,259,-3
183,69,11,13,262,-3,11,16,259,-3
183,70,11,13,262,-3,11,16,259,-3
183,71,0,0,0,0,0,0,0,0
183,72,11,14,261,-10,11,24,251,-10
183,73,11,14,261,-10,11,24,251,-10
183,74,0,0,0,0,0,0,0,0
183,75,11,9,266,5,11,4,271,5
183,76,11,9,266,5,11,4,271,5
183,77,11,9,266,5,11,4,271,5
183,78,11,6,269,-8,11,14,261,-8
183,79,11,6,269,-8,11,14,261,-8
183,80,11,11,264,2,11,9,266,2
183,81,11,11,264,2,11,9,266,2
183,82,11,14,261,1,11,13,262,1
183,83,11,14,261,1,11,13,262,1
183,84,11,14,261,9,11,5,270,9
183,85,11,14,261,9,11,5,270,9
183,86,11,14,261,9,11,5,270,9
183,87,11,13,262,-7,11,20,255,-7
183,88,11,13,262,-7,11,20,255,-7
183,89,11,8,267,9,12,24,276,9
183,90,11,8,267,9,12,24,276,9
183,91,11,14,261,-1,11,15,260,-1
183,92,11,14,261,-1,11,15,260,-1
183,93,0,0,0,0,0,0,0,0
183,94,11,15,260,-8,11,23,252,-8
183,95,11,15,260,-8,11,23,252,-8
184,0,11,11,264,1,11,10,265,1
184,1,11,11,264,1,11,10,265,1
184,2,11,8,267,-4,11,12,263,-4
184,3,11,8,267,-4,11,12,263,-4
184,4,11,12,263,-9,11,21,254,-9
184,5,11,12,263,-9,11,21,254,-9
184,6,11,12,263,-9,11,21,254,-9
184,7,11,7,268,7,11,0,275,7
184,8,11,7,268,7,11,0,275,7
184,9,11,12,263,2,11,10,265,2
184,10,11,12,263,-9,11,21,254,-9
184,11,11,12,263,-9,11,21,254,-9
184,12,0,0,0,0,0,0,0,0
184,13,0,0,0,0,0,0,0,0
184,14,0,0,0,0,0,0,0,0
184,15,0,0,0,0,0,0,0,0
184,16,0,0,0,0,0,0,0,0
184,17,0,0,0,0,0,0,0,0
184,18,0,0,0,0,0,0,0,0
184,19,0,0,0,0,0,0,0,0
184,20,0,0,0,0,0,0,0,0
184,21,0,0,0,0,0,0,0,0
184,22,0,0,0,0,0,0,0,0
184,23,0,0,0,0,0,0,0,0
184,24,0,0,0,0,0,0,0,0
184,25,0,0,0,0,0,0,0,0
184,26,0,0,0,0,0,0,0,0
184,27,0,0,0,0,0,0,0,0
184,28,0,0,0,0,0,0,0,0
184,29,0,0,0,0,0,0,0,0
184,30,0,0,0,0,0,0,0,0
184,31,0,0,0,0,0,0,0,0
184,32,0,0,0,0,0,0,0,0
184,33,0,0,0,0,0,0,0,0
184,34,0,0,0,0,0,0,0,0
184,35,0,0,0,0,0,0,0,0
184,36,11,11,264,-7,11,18,257,-7
184,37,11,11,264,-7,11,18,257,-7
184,38,11,11,264,-5,11,16,259,-5
184,39,11,11,264,-5,11,16,259,-5
184,40,11,11,264,-5,11,16,259,-5
184,41,11,14,261,8,11,6,269,8
184,42,11,14,261,8,11,6,269,8
184,43,11,9,266,7,11,2,273,7
184,44,11,9,266,7,11,2,273,7
184,45,11,12,263,2,11,10,265,2
184,46,11,12,263,2,11,10,265,2
184,47,11,13,262,4,11,9,266,4
184,48,0,0,0,0,0,0,0,0
184,49,0,0,0,0,0,0,0,0
184,50,0,0,0,0,0,0,0,0
184,51,11,11,264,-4,11,15,260,-4
184,52,11,11,264,-4,11,15,260,-4
184,53,11,11,264,-4,11,15,260,-4
184,54,11,9,266,-7,11,16,259,-7
184,55,11,9,266,-7,11,16,259,-7
184,56,11,10,265,-8,11,18,257,-8
184,57,11,10,265,-8,11,18,257,-8
184,58,11,10,265,-8,11,18,257,-8
184,59,11,13,262,4,11,9,266,4
184,60,0,0,0,0,0,0,0,0
184,61,11,13,262,10,11,3,272,10
184,62,11,13,262,10,11,3,272,10
184,63,11,13,262,-4,11,17,258,-4
184,64,11,13,262,-4,11,17,258,-4
184,65,11,13,262,0,11,13,262,0
184,66,11,13,262,0,11,13,262,0
184,67,11,13,262,0,11,13,262,0
184,68,11,14,261,8,11,6,269,8
184,69,11,14,261,8,11,6,269,8
184,70,11,14,261,8,11,6,269,8
184,71,11,13,262,10,11,3,272,10
184,72,11,12,263,-2,11,14,261,-2
184,73,11,12,263,-2,11,14,261,-2
184,74,11,12,263,-2,11,14,261,-2
184,75,11,8,267,3,11,5,270,3
184,76,11,8,267,3,11,5,270,3
184,77,11,8,267,3,11,5,270,3
184,78,11,10,265,-7,11,17,258,-7
184,79,11,10,265,-7,11,17,258,-7
184,80,11,9,266,2,11,7,268,2
184,81,11,9,266,2,11,7,268,2
184,82,11,13,262,-5,11,18,257,-5
184,83,11,13,262,4,11,9,266,4
184,84,11,12,263,9,11,3,272,9
184,85,11,12,263,9,11,3,272,9
184,86,11,12,263,9,11,3,272,9
184,87,11,10,265,-5,11,15,260,-5
184,88,11,10,265,-5,11,15,260,-5
184,89,11,9,266,5,11,4,271,5
184,90,11,9,266,5,11,4,271,5
184,91,11,13,262,-9,11,22,253,-9
184,92,11,13,262,-9,11,22,253,-9
184,93,11,13,262,-5,11,18,257,-5
184,94,11,12,263,9,11,3,272,9
184,95,11,12,263,9,11,3,272,9
185,0,11,6,269,-9,11,15,260,-9
185,1,11,6,269,-9,11,15,260,-9
185,2,11,10,265,-5,11,15,260,-5
185,3,11,10,265,-5,11,15,260,-5
185,4,11,12,263,-10,11,22,253,-10
185,5,11,12,263,-10,11,22,253,-10
185,6,11,12,263,-10,11,22,253,-10
185,7,11,7,268,-5,11,12,263,-5
185,8,11,7,268,-5,11,12,263,-5
185,9,0,0,0,0,0,0,0,0
185,10,11,11,264,3,11,8,267,3
185,11,11,11,264,3,11,8,267,3
185,12,0,0,0,0,0,0,0,0
185,13,0,0,0,0,0,0,0,0
185,14,0,0,0,0,0,0,0,0
185,15,0,0,0,0,0,0,0,0
185,16,0,0,0,0,0,0,0,0
185,17,0,0,0,0,0,0,0,0
185,18,0,0,0,0,0,0,0,0
185,19,0,0,0,0,0,0,0,0
185,20,0,0,0,0,0,0,0,0
185,21,0,0,0,0,0,0,0,0
185,22,0,0,0,0,0,0,0,0
185,23,0,0,0,0,0,0,0,0
185,24,0,0,0,0,0,0,0,0
185,25,0,0,0,0,0,0,0,0
185,26,0,0,0,0,0,0,0,0
185,27,0,0,0,0,0,0,0,0
185,28,0,0,0,0,0,0,0,0
185,29,0,0,0,0,0,0,0,0
185,30,0,0,0,0,0,0,0,0
185,31,0,0,0,0,0,0,0,0
185,32,0,0,0,0,0,0,0,0
185,33,0,0,0,0,0,0,0,0
185,34,0,0,0,0,0,0,0,0
185,35,0,0,0,0,0,0,0,0
185,36,11,10,265,2,11,8,267,2
185,37,12,11,289,0,12,11,289,0
185,38,11,10,265,10,11,0,275,10
185,39,11,10,265,10,11,0,275,10
185,40,11,10,265,10,11,0,275,10
185,41,11,12,263,4,11,8,267,4
185,42,11,12,263,4,11,8,267,4
185,43,11,8,267,-5,11,13,262,-5
185,44,11,8,267,-5,11,13,262,-5
185,45,11,11,264,2,11,9,266,2
185,46,11,11,264,2,11,9,266,2
185,47,11,11,264,2,11,9,266,2
185,48,11,13,262,8,11,5,270,8
185,49,11,13,262,8,11,5,270,8
185,50,11,13,262,8,11,5,270,8
185,51,11,8,267,8,11,0,275,8
185,52,11,8,267,8,11,0,275,8
185,53,11,8,267,8,11,0,275,8
185,54,11,7,268,-3,11,10,265,-3
185,55,11,7,268,-3,11,10,265,-3
185,56,11,11,264,7,11,4,271,7
185,57,11,11,264,7,11,4,271,7
185,58,11,11,264,7,11,4,271,7
185,59,0,0,0,0,0,0,0,0
185,60,11,10,265,3,11,7,268,3
185,61,11,10,265,3,11,7,268,3
185,62,11,10,265,3,11,7,268,3
185,63,11,11,264,6,11,5,270,6
185,64,11,11,264,6,11,5,270,6
185,65,11,11,264,-1,11,12,263,-1
185,66,11,11,264,-1,11,12,263,-1
185,67,11,11,264,-1,11,12,263,-1
185,68,11,14,261,10,11,4,271,10
185,69,11,14,261,10,11,4,271,10
185,70,11,14,261,10,11,4,271,10
185,71,0,0,0,0,0,0,0,0
185,72,11,12,263,9,11,3,272,9
185,73,11,12,263,9,11,3,272,9
185,74,11,12,263,9,11,3,272,9
185,75,11,9,266,5,11,4,271,5
185,76,11,9,266,5,11,4,271,5
185,77,11,9,266,5,11,4,271,5
185,78,11,10,265,7,11,3,272,7
185,79,11,10,265,7,11,3,272,7
185,80,11,9,266,-4,11,13,262,-4
185,81,11,9,266,-4,11,13,262,-4
185,82,11,11,264,7,11,4,271,7
185,83,11,11,264,7,11,4,271,7
185,84,11,12,263,-10,11,22,253,-10
185,85,11,12,263,-10,11,22,253,-10
185,86,11,12,263,-10,11,22,253,-10
185,87,11,10,265,-6,11,16,259,-6
185,88,11,10,265,-6,11,16,259,-6
185,89,11,9,266,-4,11,13,262,-4
185,90,11,9,266,-4,11,13,262,-4
185,91,11,9,266,2,11,7,268,2
185,92,11,9,266,2,11,7,268,2
185,93,0,0,0,0,0,0,0,0
185,94,11,12,263,-3,11,15,260,-3
185,95,11,12,263,-3,11,15,260,-3
186,0,11,10,265,-4,11,14,261,-4
186,1,11,10,265,-4,11,14,261,-4
186,2,11,5,270,8,12,22,278,8
186,3,11,5,270,8,12,22,278,8
186,4,11,13,262,1,11,12,263,1
186,5,11,13,262,1,11,12,263,1
186,6,11,13,262,1,11,12,263,1
186,7,11,5,270,4,11,1,274,4
186,8,11,5,270,4,11,1,274,4
186,9,0,0,0,0,0,0,0,0
186,10,11,11,264,-2,11,13,262,-2
186,11,11,11,264,-2,11,13,262,-2
186,12,0,0,0,0,0,0,0,0
186,13,0,0,0,0,0,0,0,0
186,14,0,0,0,0,0,0,0,0
186,15,0,0,0,0,0,0,0,0
186,16,0,0,0,0,0,0,0,0
186,17,0,0,0,0,0,0,0,0
186,18,0,0,0,0,0,0,0,0
186,19,0,0,0,0,0,0,0,0
186,20,0,0,0,0,0,0,0,0
186,21,0,0,0,0,0,0,0,0
186,22,0,0,0,0,0,0,0,0
186,23,0,0,0,0,0,0,0,0
186,24,0,0,0,0,0,0,0,0
186,25,0,0,0,0,0,0,0,0
186,26,0,0,0,0,0,0,0,0
186,27,0,0,0,0,0,0,0,0
186,28,0,0,0,0,0,0,0,0
186,29,0,0,0,0,0,0,0,0
186,30,0,0,0,0,0,0,0,0
186,31,0,0,0,0,0,0,0,0
186,32,0,0,0,0,0,0,0,0
186,33,0,0,0,0,0,0,0,0
186,34,0,0,0,0,0,0,0,0
186,35,0,0,0,0,0,0,0,0
186,36,11,9,266,2,11,7,268,2
186,37,11,9,266,2,11,7,268,2
186,38,11,6,269,-8,11,14,261,-8
186,39,11,6,269,-8,11,14,261,-8
186,40,11,6,269,-8,11,14,261,-8
186,41,11,13,262,-7,11,20,255,-7
186,42,11,13,262,-7,11,20,255,-7
186,43,11,6,269,-4,11,10,265,-4
186,44,11,6,269,-4,11,10,265,-4
186,45,11,6,269,1,11,5,270,1
186,46,11,6,269,1,11,5,270,1
186,47,11,6,269,1,11,5,270,1
186,48,11,12,263,-2,11,14,261,-2
186,49,11,12,263,-2,11,14,261,-2
186,50,11,12,263,-2,11,14,261,-2
186,51,11,12,263,3,11,9,266,3
186,52,11,12,263,3,11,9,266,3
186,53,11,12,263,3,11,9,266,3
186,54,11,4,271,-9,11,13,262,-9
186,55,11,4,271,-9,11,13,262,-9
186,56,11,11,264,0,11,11,264,0
186,57,11,11,264,0,11,11,264,0
186,58,11,11,264,0,11,11,264,0
186,59,0,0,0,0,0,0,0,0
186,60,11,13,262,6,11,7,268,6
186,61,11,13,262,6,11,7,268,6
186,62,11,13,262,6,11,7,268,6
186,63,11,13,262,7,11,6,269,7
186,64,11,13,262,7,11,6,269,7
186,65,11,13,262,3,11,10,265,3
186,66,11,13,262,3,11,10,265,3
186,67,11,13,262,3,11,10,265,3
186,68,11,11,264,3,11,8,267,3
186,69,11,11,264,3,11,8,267,3
186,70,11,11,264,3,11,8,267,3
186,71,0,0,0,0,0,0,0,0
186,72,11,12,263,8,11,4,271,8
186,73,11,12,263,8,11,4,271,8
186,74,11,12,263,8,11,4,271,8
186,75,11,8,267,-6,11,14,261,-6
186,76,11,8,267,-6,11,14,261,-6
186,77,11,8,267,-6,11,14,261,-6
186,78,11,8,267,8,11,0,275,8
186,79,11,8,267,8,11,0,275,8
186,80,11,10,265,-8,11,18,257,-8
186,81,11,10,265,-8,11,18,257,-8
186,82,11,12,263,-1,11,13,262,-1
186,83,11,12,263,-1,11,13,262,-1
186,84,11,12,263,-1,11,13,262,-1
186,85,11,12,263,-1,11,13,262,-1
186,86,11,12,263,-1,11,13,262,-1
186,87,11,12,263,-5,11,17,258,-5
186,88,11,12,263,-5,11,17,258,-5
186,89,11,9,266,3,11,6,269,3
186,90,11,9,266,3,11,6,269,3
186,91,11,9,266,-4,11,13,262,-4
186,92,11,9,266,-4,11,13,262,-4
186,93,0,0,0,0,0,0,0,0
186,94,11,13,262,1,11,12,263,1
186,95,11,13,262,1,11,12,263,1
187,0,11,7,268,6,11,1,274,6
187,1,11,7,268,6,11,1,274,6
187,2,11,7,268,6,11,1,274,6
187,3,11,6,269,10,12,21,279,10
187,4,11,6,269,10,12,21,279,10
187,5,11,13,262,-10,11,23,252,-10
187,6,11,13,262,-10,11,23,252,-10
187,7,11,13,262,-10,11,23,252,-10
187,8,11,12,263,-7,11,19,256,-7
187,9,11,12,263,-7,11,19,256,-7
187,10,11,12,263,-7,11,19,256,-7
187,11,0,0,0,0,0,0,0,0
187,12,0,0,0,0,0,0,0,0
187,13,0,0,0,0,0,0,0,0
187,14,0,0,0,0,0,0,0,0
187,15,0,0,0,0,0,0,0,0
187,16,0,0,0,0,0,0,0,0
187,17,0,0,0,0,0,0,0,0
187,18,0,0,0,0,0,0,0,0
187,19,0,0,0,0,0,0,0,0
187,20,0,0,0,0,0,0,0,0
187,21,0,0,0,0,0,0,0,0
187,22,0,0,0,0,0,0,0,0
187,23,0,0,0,0,0,0,0,0
187,24,11,9,266,-5,11,14,261,-5
187,25,11,9,266,-5,11,14,261,-5
187,26,11,9,266,-5,11,14,261,-5
187,27,11,13,262,-9,11,22,253,-9
187,28,11,13,262,-9,11,22,253,-9
187,29,11,7,268,0,11,7,268,0
187,30,11,7,268,0,11,7,268,0
187,31,11,11,264,-6,11,17,258,-6
187,32,11,11,264,-6,11,17,258,-6
187,33,11,11,264,-2,11,13,262,-2
187,34,11,11,264,-2,11,13,262,-2
187,35,0,0,0,0,0,0,0,0
187,36,11,14,261,10,11,4,271,10
187,37,11,14,261,10,11,4,271,10
187,38,11,14,261,10,11,4,271,10
187,39,11,13,262,5,11,8,267,5
187,40,11,13,262,5,11,8,267,5
187,41,11,11,264,-5,11,16,259,-5
187,42,11,11,264,-5,11,16,259,-5
187,43,11,11,264,-5,11,16,259,-5
187,44,11,12,263,-1,11,13,262,-1
187,45,11,12,263,-1,11,13,262,-1
187,46,11,12,263,-1,11,13,262,-1
187,47,0,0,0,0,0,0,0,0
187,48,11,11,264,-8,11,19,256,-8
187,49,11,11,264,-8,11,19,256,-8
187,50,11,12,263,-7,11,19,256,-7
187,51,11,12,263,-7,11,19,256,-7
187,52,11,7,268,9,12,23,277,9
187,53,11,7,268,9,12,23,277,9
187,54,11,7,268,-2,11,9,266,-2
187,55,11,7,268,-2,11,9,266,-2
187,56,11,14,261,8,11,6,269,8
187,57,11,14,261,8,11,6,269,8
187,58,11,14,261,8,11,6,269,8
187,59,0,0,0,0,0,0,0,0
187,60,11,9,266,7,11,2,273,7
187,61,11,9,266,7,11,2,273,7
187,62,11,9,266,7,11,2,273,7
187,63,11,13,262,-2,11,15,260,-2
187,64,11,13,262,-2,11,15,260,-2
187,65,11,13,262,7,11,6,269,7
187,66,11,13,262,7,11,6,269,7
187,67,11,13,262,7,11,6,269,7
187,68,11,13,262,4,11,9,266,4
187,69,11,13,262,4,11,9,266,4
187,70,11,15,260,5,11,10,265,5
187,71,11,15,260,5,11,10,265,5
187,72,11,13,262,0,11,13,262,0
187,73,11,13,262,0,11,13,262,0
187,74,11,13,262,0,11,13,262,0
187,75,11,10,265,0,11,10,265,0
187,76,11,10,265,0,11,10,265,0
187,77,11,21,254,-3,11,24,251,-3
187,78,11,21,254,-3,11,24,251,-3
187,79,11,21,254,-3,11,24,251,-3
187,80,11,20,255,5,11,15,260,5
187,81,11,20,255,5,11,15,260,5
187,82,11,20,255,5,11,15,260,5
187,83,0,0,0,0,0,0,0,0
187,84,11,15,260,0,11,15,260,0
187,85,11,15,260,0,11,15,260,0
187,86,11,15,260,0,11,15,260,0
187,87,11,20,255,-2,11,22,253,-2
187,88,11,20,255,-2,11,22,253,-2
187,89,11,14,261,0,11,14,261,0
187,90,11,14,261,0,11,14,261,0
187,91,11,19,256,-4,11,23,252,-4
187,92,11,19,256,-4,11,23,252,-4
187,93,11,11,264,0,11,11,264,0
187,94,11,11,264,0,11,11,264,0
187,95,0,0,0,0,0,0,0,0
188,0,11,18,257,3,11,15,260,3
188,1,11,18,257,3,11,15,260,3
188,2,11,18,257,3,11,15,260,3
188,3,11,20,255,7,11,13,262,7
188,4,11,20,255,7,11,13,262,7
188,5,11,16,259,4,11,12,263,4
188,6,11,16,259,4,11,12,263,4
188,7,11,16,259,4,11,12,263,4
188,8,11,13,262,0,11,13,262,0
188,9,11,13,262,0,11,13,262,0
188,10,0,0,0,0,0,0,0,0
188,11,11,13,262,0,11,13,262,0
188,12,11,17,258,1,11,16,259,1
188,13,11,17,258,1,11,16,259,1
188,14,11,18,257,-10,10,3,247,-10
188,15,11,18,257,-10,10,3,247,-10
188,16,11,10,265,0,11,10,265,0
188,17,11,10,265,0,11,10,265,0
188,18,11,13,262,0,11,13,262,0
188,19,11,13,262,0,11,13,262,0
188,20,11,20,255,8,11,12,263,8
188,21,11,20,255,8,11,12,263,8
188,22,11,20,255,8,11,12,263,8
188,23,0,0,0,0,0,0,0,0
188,24,11,14,261,0,11,14,261,0
188,25,11,14,261,0,11,14,261,0
188,26,11,14,261,0,11,14,261,0
188,27,11,21,254,4,11,17,258,4
188,28,11,21,254,4,11,17,258,4
188,29,11,7,268,-3,11,10,265,-3
188,30,11,7,268,-3,11,10,265,-3
188,31,11,7,268,-3,11,10,265,-3
188,32,11,21,254,3,11,18,257,3
188,33,11,21,254,3,11,18,257,3
188,34,11,19,256,-4,11,23,252,-4
188,35,11,19,256,-4,11,23,252,-4
188,36,11,11,264,9,11,2,273,9
188,37,11,11,264,9,11,2,273,9
188,38,11,11,264,9,11,2,273,9
188,39,11,8,267,-10,11,18,257,-10
188,40,11,8,267,-10,11,18,257,-10
188,41,11,14,261,4,11,10,265,4
188,42,11,14,261,4,11,10,265,4
188,43,11,14,261,4,11,10,265,4
188,44,11,14,261,-1,11,15,260,-1
188,45,11,14,261,-1,11,15,260,-1
188,46,11,14,261,-1,11,15,260,-1
188,47,0,0,0,0,0,0,0,0
188,48,11,12,263,6,11,6,269,6
188,49,11,12,263,6,11,6,269,6
188,50,11,12,263,6,11,6,269,6
188,51,11,12,263,3,11,9,266,3
188,52,11,12,263,3,11,9,266,3
188,53,11,10,265,3,11,7,268,3
188,54,11,10,265,3,11,7,268,3
188,55,11,10,265,-1,11,11,264,-1
188,56,11,10,265,-1,11,11,264,-1
188,57,11,12,263,8,11,4,271,8
188,58,11,12,263,8,11,4,271,8
188,59,0,0,0,0,0,0,0,0
188,60,11,14,261,4,11,10,265,4
188,61,11,14,261,4,11,10,265,4
188,62,11,14,261,4,11,10,265,4
188,63,11,13,262,-2,11,15,260,-2
188,64,11,13,262,-2,11,15,260,-2
188,65,11,14,261,-9,11,23,252,-9
188,66,11,14,261,-9,11,23,252,-9
188,67,11,14,261,-9,11,23,252,-9
188,68,11,12,263,7,11,5,270,7
188,69,11,12,263,7,11,5,270,7
188,70,11,12,263,7,11,5,270,7
188,71,0,0,0,0,0,0,0,0
188,72,11,10,265,-8,11,18,257,-8
188,73,11,10,265,-8,11,18,257,-8
188,74,11,13,262,4,11,9,266,4
188,75,11,13,262,4,11,9,266,4
188,76,11,11,264,4,11,7,268,4
188,77,11,11,264,4,11,7,268,4
188,78,11,11,264,-3,11,14,261,-3
188,79,11,11,264,-3,11,14,261,-3
188,80,11,15,260,8,11,7,268,8
188,81,11,15,260,8,11,7,268,8
188,82,11,15,260,8,11,7,268,8
188,83,0,0,0,0,0,0,0,0
188,84,11,10,265,-5,11,15,260,-5
188,85,11,10,265,-5,11,15,260,-5
188,86,11,10,265,-5,11,15,260,-5
188,87,11,15,260,-4,11,19,256,-4
188,88,11,15,260,-4,11,19,256,-4
188,89,11,14,261,7,11,7,268,7
188,90,11,14,261,7,11,7,268,7
188,91,11,14,261,7,11,7,268,7
188,92,11,13,262,4,11,9,266,4
188,93,11,13,262,4,11,9,266,4
188,94,11,13,262,-9,11,22,253,-9
188,95,11,13,262,-9,11,22,253,-9
189,0,11,13,262,-3,11,16,259,-3
189,1,11,13,262,-3,11,16,259,-3
189,2,11,13,262,-3,11,16,259,-3
189,3,11,10,265,-9,11,19,256,-9
189,4,11,10,265,-9,11,19,256,-9
189,5,11,16,259,-5,11,21,254,-5
189,6,11,16,259,-5,11,21,254,-5
189,7,11,16,259,-5,11,21,254,-5
189,8,11,17,258,-2,11,19,256,-2
189,9,11,17,258,-2,11,19,256,-2
189,10,11,17,258,-2,11,19,256,-2
189,11,0,0,0,0,0,0,0,0
189,12,0,0,0,0,0,0,0,0
189,13,0,0,0,0,0,0,0,0
189,14,0,0,0,0,0,0,0,0
189,15,0,0,0,0,0,0,0,0
189,16,0,0,0,0,0,0,0,0
189,17,0,0,0,0,0,0,0,0
189,18,0,0,0,0,0,0,0,0
189,19,0,0,0,0,0,0,0,0
189,20,0,0,0,0,0,0,0,0
189,21,0,0,0,0,0,0,0,0
189,22,0,0,0,0,0,0,0,0
189,23,0,0,0,0,0,0,0,0
189,24,11,13,262,9,11,4,271,9
189,25,11,13,262,9,11,4,271,9
189,26,11,13,262,9,11,4,271,9
189,27,11,16,259,-9,10,0,250,-9
189,28,11,16,259,-9,10,0,250,-9
189,29,11,12,263,-8,11,20,255,-8
189,30,11,12,263,-8,11,20,255,-8
189,31,11,16,259,7,11,9,266,7
189,32,11,16,259,7,11,9,266,7
189,33,11,13,262,-2,11,15,260,-2
189,34,11,13,262,-2,11,15,260,-2
189,35,0,0,0,0,0,0,0,0
189,36,11,16,259,5,11,11,264,5
189,37,11,16,259,5,11,11,264,5
189,38,11,16,259,5,11,11,264,5
189,39,11,16,259,-3,11,19,256,-3
189,40,11,16,259,-3,11,19,256,-3
189,41,11,15,260,7,11,8,267,7
189,42,11,15,260,7,11,8,267,7
189,43,11,15,260,7,11,8,267,7
189,44,11,15,260,8,11,7,268,8
189,45,11,15,260,8,11,7,268,8
189,46,11,15,260,8,11,7,268,8
189,47,0,0,0,0,0,0,0,0
189,48,11,14,261,-4,11,18,257,-4
189,49,11,14,261,-4,11,18,257,-4
189,50,11,15,260,-7,11,22,253,-7
189,51,11,15,260,-7,11,22,253,-7
189,52,11,13,262,9,11,4,271,9
189,53,11,13,262,9,11,4,271,9
189,54,11,12,263,3,11,9,266,3
189,55,11,12,263,3,11,9,266,3
189,56,11,18,257,-6,11,24,251,-6
189,57,11,18,257,-6,11,24,251,-6
189,58,11,18,257,-6,11,24,251,-6
189,59,11,13,262,-8,11,21,254,-8
189,60,11,13,262,-8,11,21,254,-8
189,61,0,0,0,0,0,0,0,0
189,62,11,13,262,-8,11,21,254,-8
189,63,11,19,256,-7,10,1,249,-7
189,64,11,19,256,-7,10,1,249,-7
189,65,11,17,258,-3,11,20,255,-3
189,66,11,17,258,-3,11,20,255,-3
189,67,11,17,258,-3,11,20,255,-3
189,68,11,17,258,-3,11,20,255,-3
189,69,11,17,258,-3,11,20,255,-3
189,70,11,18,257,-2,11,20,255,-2
189,71,11,18,257,-2,11,20,255,-2
189,72,11,16,259,-8,11,24,251,-8
189,73,11,16,259,-8,11,24,251,-8
189,74,11,16,259,-8,11,24,251,-8
189,75,11,14,261,-8,11,22,253,-8
189,76,11,14,261,-8,11,22,253,-8
189,77,11,15,260,8,11,7,268,8
189,78,11,15,260,8,11,7,268,8
189,79,11,15,260,8,11,7,268,8
189,80,11,17,258,10,11,7,268,10
189,81,11,17,258,10,11,7,268,10
189,82,11,17,258,10,11,7,268,10
189,83,0,0,0,0,0,0,0,0
189,84,11,17,258,0,11,17,258,0
189,85,11,17,258,0,11,17,258,0
189,86,11,17,258,0,11,17,258,0
189,87,11,19,256,-8,10,2,248,-8
189,88,11,19,256,-8,10,2,248,-8
189,89,11,14,261,2,11,12,263,2
189,90,11,14,261,2,11,12,263,2
189,91,11,17,258,-3,11,20,255,-3
189,92,11,17,258,-3,11,20,255,-3
189,93,11,15,260,5,11,10,265,5
189,94,11,15,260,5,11,10,265,5
189,95,0,0,0,0,0,0,0,0
190,0,11,14,261,5,11,9,266,5
190,1,11,14,261,5,11,9,266,5
190,2,11,14,261,5,11,9,266,5
190,3,11,13,262,-7,11,20,255,-7
190,4,11,13,262,-7,11,20,255,-7
190,5,11,12,263,-8,11,20,255,-8
190,6,11,12,263,-8,11,20,255,-8
190,7,11,12,263,-8,11,20,255,-8
190,8,11,15,260,2,11,13,262,2
190,9,11,15,260,2,11,13,262,2
190,10,11,15,260,2,11,13,262,2
190,11,0,0,0,0,0,0,0,0
190,12,11,14,261,10,11,4,271,10
190,13,11,14,261,10,11,4,271,10
190,14,11,12,263,-2,11,14,261,-2
190,15,11,12,263,-2,11,14,261,-2
190,16,11,10,265,9,11,1,274,9
190,17,11,10,265,9,11,1,274,9
190,18,11,12,263,1,11,11,264,1
190,19,11,12,263,1,11,11,264,1
190,20,11,14,261,2,11,12,263,2
190,21,11,14,261,2,11,12,263,2
190,22,11,14,261,2,11,12,263,2
190,23,0,0,0,0,0,0,0,0
190,24,11,13,262,3,11,10,265,3
190,25,11,13,262,3,11,10,265,3
190,26,11,13,262,3,11,10,265,3
190,27,11,14,261,-5,11,19,256,-5
190,28,11,14,261,-5,11,19,256,-5
190,29,11,13,262,-5,11,18,257,-5
190,30,11,13,262,-5,11,18,257,-5
190,31,11,13,262,-5,11,18,257,-5
190,32,11,15,260,-10,10,0,250,-10
190,33,11,15,260,-10,10,0,250,-10
190,34,11,18,257,4,11,14,261,4
190,35,11,18,257,4,11,14,261,4
190,36,11,12,263,-3,11,15,260,-3
190,37,11,12,263,-3,11,15,260,-3
190,38,11,12,263,-3,11,15,260,-3
190,39,11,10,265,-7,11,17,258,-7
190,40,11,10,265,-7,11,17,258,-7
190,41,11,18,257,5,11,13,262,5
190,42,11,18,257,5,11,13,262,5
190,43,11,18,257,5,11,13,262,5
190,44,11,16,259,-10,10,1,249,-10
190,45,11,16,259,-10,10,1,249,-10
190,46,11,16,259,-10,10,1,249,-10
190,47,0,0,0,0,0,0,0,0
190,48,11,13,262,-1,11,14,261,-1
190,49,11,13,262,-1,11,14,261,-1
190,50,11,13,262,-1,11,14,261,-1
190,51,11,15,260,-8,11,23,252,-8
190,52,11,15,260,-8,11,23,252,-8
190,53,11,12,263,-6,11,18,257,-6
190,54,11,12,263,-6,11,18,257,-6
190,55,11,15,260,7,11,8,267,7
190,56,11,15,260,7,11,8,267,7
190,57,11,16,259,6,11,10,265,6
190,58,11,16,259,6,11,10,265,6
190,59,0,0,0,0,0,0,0,0
190,60,11,18,257,-1,11,19,256,-1
190,61,11,18,257,-1,11,19,256,-1
190,62,11,18,257,-1,11,19,256,-1
190,63,11,15,260,1,11,14,261,1
190,64,11,15,260,1,11,14,261,1
190,65,11,17,258,-1,11,18,257,-1
190,66,11,17,258,-1,11,18,257,-1
190,67,11,17,258,-1,11,18,257,-1
190,68,11,14,261,1,11,13,262,1
190,69,11,14,261,1,11,13,262,1
190,70,11,14,261,1,11,13,262,1
190,71,0,0,0,0,0,0,0,0
190,72,11,14,261,5,11,9,266,5
190,73,11,14,261,5,11,9,266,5
190,74,11,15,260,0,11,15,260,0
190,75,11,15,260,0,11,15,260,0
190,76,11,13,262,0,11,13,262,0
190,77,11,13,262,0,11,13,262,0
190,78,11,13,262,6,11,7,268,6
190,79,11,13,262,6,11,7,268,6
190,80,11,18,257,10,11,8,267,10
190,81,11,18,257,10,11,8,267,10
190,82,11,18,257,10,11,8,267,10
190,83,0,0,0,0,0,0,0,0
190,84,11,13,262,3,11,10,265,3
190,85,11,13,262,3,11,10,265,3
190,86,11,13,262,3,11,10,265,3
190,87,11,16,259,0,11,16,259,0
190,88,11,16,259,0,11,16,259,0
190,89,11,15,260,4,11,11,264,4
190,90,11,15,260,4,11,11,264,4
190,91,11,15,260,4,11,11,264,4
190,92,11,15,260,7,11,8,267,7
190,93,11,15,260,7,11,8,267,7
190,94,11,17,258,-4,11,21,254,-4
190,95,11,17,258,-4,11,21,254,-4
191,0,11,11,264,-7,11,18,257,-7
191,1,11,11,264,-7,11,18,257,-7
191,2,11,10,265,-2,11,12,263,-2
191,3,11,10,265,-2,11,12,263,-2
191,4,11,12,263,9,11,3,272,9
191,5,11,12,263,9,11,3,272,9
191,6,11,12,263,9,11,3,272,9
191,7,11,9,266,5,11,4,271,5
191,8,11,9,266,5,11,4,271,5
191,9,0,0,0,0,0,0,0,0
191,10,11,16,259,5,11,11,264,5
191,11,11,16,259,5,11,11,264,5
191,12,0,0,0,0,0,0,0,0
191,13,0,0,0,0,0,0,0,0
191,14,0,0,0,0,0,0,0,0
191,15,0,0,0,0,0,0,0,0
191,16,0,0,0,0,0,0,0,0
191,17,0,0,0,0,0,0,0,0
191,18,0,0,0,0,0,0,0,0
191,19,0,0,0,0,0,0,0,0
191,20,0,0,0,0,0,0,0,0
191,21,0,0,0,0,0,0,0,0
191,22,0,0,0,0,0,0,0,0
191,23,0,0,0,0,0,0,0,0
191,24,0,0,0,0,0,0,0,0
191,25,0,0,0,0,0,0,0,0
191,26,0,0,0,0,0,0,0,0
191,27,0,0,0,0,0,0,0,0
191,28,0,0,0,0,0,0,0,0
191,29,0,0,0,0,0,0,0,0
191,30,0,0,0,0,0,0,0,0
191,31,0,0,0,0,0,0,0,0
191,32,0,0,0,0,0,0,0,0
191,33,0,0,0,0,0,0,0,0
191,34,0,0,0,0,0,0,0,0
191,35,0,0,0,0,0,0,0,0
191,36,11,12,263,10,11,2,273,10
191,37,11,12,263,10,11,2,273,10
191,38,11,11,264,3,11,8,267,3
191,39,11,11,264,3,11,8,267,3
191,40,11,11,264,3,11,8,267,3
191,41,11,14,261,9,11,5,270,9
191,42,11,14,261,9,11,5,270,9
191,43,11,11,264,9,11,2,273,9
191,44,11,11,264,9,11,2,273,9
191,45,11,12,263,7,11,5,270,7
191,46,11,12,263,7,11,5,270,7
191,47,11,12,263,7,11,5,270,7
191,48,11,15,260,0,11,15,260,0
191,49,11,15,260,0,11,15,260,0
191,50,11,15,260,0,11,15,260,0
191,51,11,12,263,-5,11,17,258,-5
191,52,11,12,263,-5,11,17,258,-5
191,53,11,12,263,-5,11,17,258,-5
191,54,11,10,265,4,11,6,269,4
191,55,11,10,265,4,11,6,269,4
191,56,11,12,263,10,11,2,273,10
191,57,11,12,263,10,11,2,273,10
191,58,11,12,263,10,11,2,273,10
191,59,0,0,0,0,0,0,0,0
191,60,11,14,261,2,11,12,263,2
191,61,11,14,261,2,11,12,263,2
191,62,11,14,261,2,11,12,263,2
191,63,11,15,260,-1,11,16,259,-1
191,64,11,15,260,-1,11,16,259,-1
191,65,11,14,261,2,11,12,263,2
191,66,11,14,261,2,11,12,263,2
191,67,11,14,261,2,11,12,263,2
191,68,11,15,260,0,11,15,260,0
191,69,11,15,260,0,11,15,260,0
191,70,11,15,260,0,11,15,260,0
191,71,0,0,0,0,0,0,0,0
191,72,11,13,262,-5,11,18,257,-5
191,73,11,13,262,-5,11,18,257,-5
191,74,11,13,262,-5,11,18,257,-5
191,75,11,10,265,2,11,8,267,2
191,76,11,10,265,2,11,8,267,2
191,77,11,10,265,2,11,8,267,2
191,78,11,12,263,-8,11,20,255,-8
191,79,11,12,263,-8,11,20,255,-8
191,80,11,12,263,7,11,5,270,7
191,81,11,12,263,7,11,5,270,7
191,82,11,14,261,1,11,13,262,1
191,83,11,14,261,1,11,13,262,1
191,84,11,16,259,-2,11,18,257,-2
191,85,11,16,259,-2,11,18,257,-2
191,86,11,16,259,-2,11,18,257,-2
191,87,11,14,261,-8,11,22,253,-8
191,88,11,14,261,-8,11,22,253,-8
191,89,11,12,263,-1,11,13,262,-1
191,90,11,12,263,-1,11,13,262,-1
191,91,11,13,262,9,11,4,271,9
191,92,11,13,262,9,11,4,271,9
191,93,0,0,0,0,0,0,0,0
191,94,11,17,258,5,11,12,263,5
191,95,11,17,258,5,11,12,263,5
192,0,11,7,268,-7,11,14,261,-7
192,1,11,7,268,-7,11,14,261,-7
192,2,11,9,266,-5,11,14,261,-5
192,3,11,9,266,-5,11,14,261,-5
192,4,11,12,263,5,11,7,268,5
192,5,11,12,263,5,11,7,268,5
192,6,11,12,263,5,11,7,268,5
192,7,11,7,268,-4,11,11,264,-4
192,8,11,7,268,-4,11,11,264,-4
192,9,11,11,264,-9,11,20,255,-9
192,10,0,0,0,0,0,0,0,0
192,11,0,0,0,0,0,0,0,0
192,12,0,0,0,0,0,0,0,0
192,13,0,0,0,0,0,0,0,0
192,14,0,0,0,0,0,0,0,0
192,15,0,0,0,0,0,0,0,0
192,16,0,0,0,0,0,0,0,0
192,17,0,0,0,0,0,0,0,0
192,18,0,0,0,0,0,0,0,0
192,19,0,0,0,0,0,0,0,0
192,20,0,0,0,0,0,0,0,0
192,21,0,0,0,0,0,0,0,0
192,22,0,0,0,0,0,0,0,0
192,23,0,0,0,0,0,0,0,0
192,24,0,0,0,0,0,0,0,0
192,25,0,0,0,0,0,0,0,0
192,26,0,0,0,0,0,0,0,0
192,27,0,0,0,0,0,0,0,0
192,28,0,0,0,0,0,0,0,0
192,29,0,0,0,0,0,0,0,0
192,30,0,0,0,0,0,0,0,0
192,31,0,0,0,0,0,0,0,0
192,32,0,0,0,0,0,0,0,0
192,33,0,0,0,0,0,0,0,0
192,34,0,0,0,0,0,0,0,0
192,35,0,0,0,0,0,0,0,0
192,36,11,10,265,3,11,7,268,3
192,37,11,10,265,3,11,7,268,3
192,38,11,10,265,-5,11,15,260,-5
192,39,11,10,265,-5,11,15,260,-5
192,40,11,10,265,-5,11,15,260,-5
192,41,11,12,263,9,11,3,272,9
192,42,11,12,263,9,11,3,272,9
192,43,11,6,269,1,11,5,270,1
192,44,11,6,269,1,11,5,270,1
192,45,11,9,266,5,11,4,271,5
192,46,11,9,266,5,11,4,271,5
192,47,11,9,266,5,11,4,271,5
192,48,11,10,265,-8,11,18,257,-8
192,49,11,10,265,-8,11,18,257,-8
192,50,11,10,265,-8,11,18,257,-8
192,51,11,12,263,1,11,11,264,1
192,52,11,12,263,1,11,11,264,1
192,53,11,12,263,1,11,11,264,1
192,54,11,8,267,-6,11,14,261,-6
192,55,11,8,267,-6,11,14,261,-6
192,56,11,10,265,-6,11,16,259,-6
192,57,11,10,265,-6,11,16,259,-6
192,58,11,10,265,-6,11,16,259,-6
192,59,0,0,0,0,0,0,0,0
192,60,11,10,265,8,11,2,273,8
192,61,11,10,265,8,11,2,273,8
192,62,11,10,265,8,11,2,273,8
192,63,11,12,263,-5,11,17,258,-5
192,64,11,12,263,-5,11,17,258,-5
192,65,11,11,264,3,11,8,267,3
192,66,11,11,264,3,11,8,267,3
192,67,11,11,264,3,11,8,267,3
192,68,11,15,260,7,11,8,267,7
192,69,11,15,260,7,11,8,267,7
192,70,11,15,260,7,11,8,267,7
192,71,11,11,264,-9,11,20,255,-9
192,72,11,11,264,6,11,5,270,6
192,73,11,11,264,6,11,5,270,6
192,74,11,11,264,6,11,5,270,6
192,75,11,8,267,-2,11,10,265,-2
192,76,11,8,267,-2,11,10,265,-2
192,77,11,8,267,-2,11,10,265,-2
192,78,11,8,267,0,11,8,267,0
192,79,11,8,267,0,11,8,267,0
192,80,11,11,264,-8,11,19,256,-8
192,81,11,11,264,-8,11,19,256,-8
192,82,11,10,265,3,11,7,268,3
192,83,11,10,265,3,11,7,268,3
192,84,11,12,263,7,11,5,270,7
192,85,11,12,263,7,11,5,270,7
192,86,11,12,263,7,11,5,270,7
192,87,11,7,268,-3,11,10,265,-3
192,88,11,7,268,-3,11,10,265,-3
192,89,11,11,264,-10,11,21,254,-10
192,90,11,11,264,-10,11,21,254,-10
192,91,11,9,266,10,12,24,276,10
192,92,11,9,266,10,12,24,276,10
192,93,0,0,0,0,0,0,0,0
192,94,11,12,263,-10,11,22,253,-10
192,95,0,0,0,0,0,0,0,0
193,0,11,9,266,2,11,7,268,2
193,1,11,9,266,2,11,7,268,2
193,2,11,6,269,4,11,2,273,4
193,3,11,6,269,4,11,2,273,4
193,4,11,13,262,9,11,4,271,9
193,5,11,13,262,9,11,4,271,9
193,6,11,13,262,9,11,4,271,9
193,7,11,6,269,-9,11,15,260,-9
193,8,11,6,269,-9,11,15,260,-9
193,9,0,0,0,0,0,0,0,0
193,10,11,17,258,-1,11,18,257,-1
193,11,11,17,258,-1,11,18,257,-1
193,12,0,0,0,0,0,0,0,0
193,13,0,0,0,0,0,0,0,0
193,14,0,0,0,0,0,0,0,0
193,15,0,0,0,0,0,0,0,0
193,16,0,0,0,0,0,0,0,0
193,17,0,0,0,0,0,0,0,0
193,18,0,0,0,0,0,0,0,0
193,19,0,0,0,0,0,0,0,0
193,20,0,0,0,0,0,0,0,0
193,21,0,0,0,0,0,0,0,0
193,22,0,0,0,0,0,0,0,0
193,23,0,0,0,0,0,0,0,0
193,24,0,0,0,0,0,0,0,0
193,25,0,0,0,0,0,0,0,0
193,26,0,0,0,0,0,0,0,0
193,27,0,0,0,0,0,0,0,0
193,28,0,0,0,0,0,0,0,0
193,29,0,0,0,0,0,0,0,0
193,30,0,0,0,0,0,0,0,0
193,31,0,0,0,0,0,0,0,0
193,32,0,0,0,0,0,0,0,0
193,33,0,0,0,0,0,0,0,0
193,34,0,0,0,0,0,0,0,0
193,35,0,0,0,0,0,0,0,0
193,36,11,12,263,10,11,2,273,10
193,37,11,12,263,10,11,2,273,10
193,38,11,9,266,5,11,4,271,5
193,39,11,9,266,5,11,4,271,5
193,40,11,9,266,5,11,4,271,5
193,41,11,18,257,-7,10,0,250,-7
193,42,11,18,257,-7,10,0,250,-7
193,43,11,9,266,4,11,5,270,4
193,44,11,9,266,4,11,5,270,4
193,45,11,9,266,4,11,5,270,4
193,46,11,9,266,4,11,5,270,4
193,47,11,9,266,4,11,5,270,4
193,48,11,13,262,-2,11,15,260,-2
193,49,11,13,262,-2,11,15,260,-2
193,50,11,13,262,-2,11,15,260,-2
193,51,11,13,262,8,11,5,270,8
193,52,11,13,262,8,11,5,270,8
193,53,11,13,262,8,11,5,270,8
193,54,11,6,269,8,12,23,277,8
193,55,11,6,269,8,12,23,277,8
193,56,11,11,264,9,11,2,273,9
193,57,11,11,264,9,11,2,273,9
193,58,11,11,264,9,11,2,273,9
193,59,0,0,0,0,0,0,0,0
193,60,11,13,262,-10,11,23,252,-10
193,61,11,13,262,-10,11,23,252,-10
193,62,11,13,262,-10,11,23,252,-10
193,63,11,14,261,0,11,14,261,0
193,64,11,14,261,0,11,14,261,0
193,65,11,13,262,-8,11,21,254,-8
193,66,11,13,262,-8,11,21,254,-8
193,67,11,13,262,-8,11,21,254,-8
193,68,11,14,261,2,11,12,263,2
193,69,11,14,261,2,11,12,263,2
193,70,11,14,261,2,11,12,263,2
193,71,0,0,0,0,0,0,0,0
193,72,11,11,264,9,11,2,273,9
193,73,11,11,264,9,11,2,273,9
193,74,11,11,264,9,11,2,273,9
193,75,11,9,266,-4,11,13,262,-4
193,76,11,9,266,-4,11,13,262,-4
193,77,11,9,266,-4,11,13,262,-4
193,78,11,10,265,-10,11,20,255,-10
193,79,11,10,265,-10,11,20,255,-10
193,80,11,9,266,10,12,24,276,10
193,81,11,9,266,10,12,24,276,10
193,82,11,14,261,0,11,14,261,0
193,83,11,14,261,0,11,14,261,0
193,84,11,15,260,-4,11,19,256,-4
193,85,11,15,260,-4,11,19,256,-4
193,86,11,15,260,-4,11,19,256,-4
193,87,11,15,260,10,11,5,270,10
193,88,11,15,260,10,11,5,270,10
193,89,11,12,263,-4,11,16,259,-4
193,90,11,12,263,-4,11,16,259,-4
193,91,11,12,263,-7,11,19,256,-7
193,92,11,12,263,-7,11,19,256,-7
193,93,0,0,0,0,0,0,0,0
193,94,11,16,259,9,11,7,268,9
193,95,11,16,259,9,11,7,268,9
194,0,11,7,268,6,11,1,274,6
194,1,11,7,268,6,11,1,274,6
194,2,11,7,268,-7,11,14,261,-7
194,3,11,7,268,-7,11,14,261,-7
194,4,11,12,263,9,11,3,272,9
194,5,11,12,263,9,11,3,272,9
194,6,11,12,263,9,11,3,272,9
194,7,11,7,268,6,11,1,274,6
194,8,11,7,268,6,11,1,274,6
194,9,0,0,0,0,0,0,0,0
194,10,11,12,263,-10,11,22,253,-10
194,11,11,12,263,-10,11,22,253,-10
194,12,0,0,0,0,0,0,0,0
194,13,0,0,0,0,0,0,0,0
194,14,0,0,0,0,0,0,0,0
194,15,0,0,0,0,0,0,0,0
194,16,0,0,0,0,0,0,0,0
194,17,0,0,0,0,0,0,0,0
194,18,0,0,0,0,0,0,0,0
194,19,0,0,0,0,0,0,0,0
194,20,0,0,0,0,0,0,0,0
194,21,0,0,0,0,0,0,0,0
194,22,0,0,0,0,0,0,0,0
194,23,0,0,0,0,0,0,0,0
194,24,0,0,0,0,0,0,0,0
194,25,0,0,0,0,0,0,0,0
194,26,0,0,0,0,0,0,0,0
194,27,0,0,0,0,0,0,0,0
194,28,0,0,0,0,0,0,0,0
194,29,0,0,0,0,0,0,0,0
194,30,0,0,0,0,0,0,0,0
194,31,0,0,0,0,0,0,0,0
194,32,0,0,0,0,0,0,0,0
194,33,0,0,0,0,0,0,0,0
194,34,0,0,0,0,0,0,0,0
194,35,0,0,0,0,0,0,0,0
194,36,11,12,263,0,11,12,263,0
194,37,11,12,263,0,11,12,263,0
194,38,11,10,265,7,11,3,272,7
194,39,11,10,265,7,11,3,272,7
194,40,11,10,265,7,11,3,272,7
194,41,11,13,262,8,11,5,270,8
194,42,11,13,262,8,11,5,270,8
194,43,11,10,265,-8,11,18,257,-8
194,44,11,10,265,-8,11,18,257,-8
194,45,11,11,264,4,11,7,268,4
194,46,11,11,264,4,11,7,268,4
194,47,11,11,264,4,11,7,268,4
194,48,11,14,261,-5,11,19,256,-5
194,49,11,14,261,-5,11,19,256,-5
194,50,11,14,261,-5,11,19,256,-5
194,51,11,11,264,9,11,2,273,9
194,52,11,11,264,9,11,2,273,9
194,53,11,11,264,9,11,2,273,9
194,54,11,6,269,4,11,2,273,4
194,55,11,6,269,4,11,2,273,4
194,56,11,12,263,1,11,11,264,1
194,57,11,12,263,1,11,11,264,1
194,58,11,12,263,1,11,11,264,1
194,59,11,8,267,9,12,24,276,9
194,60,11,11,264,-1,11,12,263,-1
194,61,11,11,264,-1,11,12,263,-1
194,62,11,11,264,-1,11,12,263,-1
194,63,11,12,263,7,11,5,270,7
194,64,11,12,263,7,11,5,270,7
194,65,11,14,261,10,11,4,271,10
194,66,11,14,261,10,11,4,271,10
194,67,11,14,261,10,11,4,271,10
194,68,11,14,261,-1,11,15,260,-1
194,69,11,14,261,-1,11,15,260,-1
194,70,11,14,261,-1,11,15,260,-1
194,71,0,0,0,0,0,0,0,0
194,72,11,11,264,6,11,5,270,6
194,73,11,11,264,6,11,5,270,6
194,74,11,11,264,6,11,5,270,6
194,75,11,9,266,-9,11,18,257,-9
194,76,11,9,266,-9,11,18,257,-9
194,77,11,9,266,-9,11,18,257,-9
194,78,11,7,268,2,11,5,270,2
194,79,11,7,268,2,11,5,270,2
194,80,0,0,0,0,0,0,0,0
194,81,11,8,267,9,12,24,276,9
194,82,11,11,264,4,11,7,268,4
194,83,11,11,264,4,11,7,268,4
194,84,11,13,262,-7,11,20,255,-7
194,85,11,13,262,-7,11,20,255,-7
194,86,11,13,262,-7,11,20,255,-7
194,87,11,11,264,1,11,10,265,1
194,88,11,11,264,1,11,10,265,1
194,89,11,10,265,9,11,1,274,9
194,90,11,10,265,9,11,1,274,9
194,91,11,10,265,-4,11,14,261,-4
194,92,11,10,265,-4,11,14,261,-4
194,93,0,0,0,0,0,0,0,0
194,94,11,15,260,6,11,9,266,6
194,95,11,15,260,6,11,9,266,6
195,0,11,10,265,4,11,6,269,4
195,1,11,10,265,4,11,6,269,4
195,2,11,11,264,8,11,3,272,8
195,3,11,11,264,8,11,3,272,8
195,4,11,11,264,-5,11,16,259,-5
195,5,11,11,264,-5,11,16,259,-5
195,6,11,11,264,-5,11,16,259,-5
195,7,11,6,269,-7,11,13,262,-7
195,8,11,6,269,-7,11,13,262,-7
195,9,0,0,0,0,0,0,0,0
195,10,11,14,261,10,11,4,271,10
195,11,11,14,261,10,11,4,271,10
195,12,0,0,0,0,0,0,0,0
195,13,0,0,0,0,0,0,0,0
195,14,0,0,0,0,0,0,0,0
195,15,0,0,0,0,0,0,0,0
195,16,0,0,0,0,0,0,0,0
195,17,0,0,0,0,0,0,0,0
195,18,0,0,0,0,0,0,0,0
195,19,0,0,0,0,0,0,0,0
195,20,0,0,0,0,0,0,0,0
195,21,0,0,0,0,0,0,0,0
195,22,0,0,0,0,0,0,0,0
195,23,0,0,0,0,0,0,0,0
195,24,0,0,0,0,0,0,0,0
195,25,0,0,0,0,0,0,0,0
195,26,0,0,0,0,0,0,0,0
195,27,0,0,0,0,0,0,0,0
195,28,0,0,0,0,0,0,0,0
195,29,0,0,0,0,0,0,0,0
195,30,0,0,0,0,0,0,0,0
195,31,0,0,0,0,0,0,0,0
195,32,0,0,0,0,0,0,0,0
195,33,0,0,0,0,0,0,0,0
195,34,0,0,0,0,0,0,0,0
195,35,0,0,0,0,0,0,0,0
195,36,11,9,266,-7,11,16,259,-7
195,37,11,9,266,-7,11,16,259,-7
195,38,11,13,262,-2,11,15,260,-2
195,39,11,13,262,-2,11,15,260,-2
195,40,11,13,262,-2,11,15,260,-2
195,41,11,13,262,-6,11,19,256,-6
195,42,11,13,262,-6,11,19,256,-6
195,43,11,10,265,0,11,10,265,0
195,44,11,10,265,0,11,10,265,0
195,45,11,13,262,2,11,11,264,2
195,46,11,13,262,2,11,11,264,2
195,47,11,13,262,2,11,11,264,2
195,48,11,13,262,4,11,9,266,4
195,49,11,13,262,4,11,9,266,4
195,50,11,13,262,4,11,9,266,4
195,51,11,10,265,-10,11,20,255,-10
195,52,11,10,265,-10,11,20,255,-10
195,53,11,10,265,-10,11,20,255,-10
195,54,11,10,265,5,11,5,270,5
195,55,11,10,265,5,11,5,270,5
195,56,11,13,262,1,11,12,263,1
195,57,11,13,262,1,11,12,263,1
195,58,11,13,262,1,11,12,263,1
195,59,0,0,0,0,0,0,0,0
195,60,11,13,262,8,11,5,270,8
195,61,11,13,262,8,11,5,270,8
195,62,11,13,262,8,11,5,270,8
195,63,11,13,262,9,11,4,271,9
195,64,11,13,262,9,11,4,271,9
195,65,11,13,262,10,11,3,272,10
195,66,11,13,262,10,11,3,272,10
195,67,11,13,262,10,11,3,272,10
195,68,11,15,260,-5,11,20,255,-5
195,69,11,15,260,-5,11,20,255,-5
195,70,11,15,260,-5,11,20,255,-5
195,71,0,0,0,0,0,0,0,0
195,72,11,14,261,4,11,10,265,4
195,73,11,14,261,4,11,10,265,4
195,74,11,14,261,4,11,10,265,4
195,75,11,11,264,-8,11,19,256,-8
195,76,11,11,264,-8,11,19,256,-8
195,77,11,11,264,-8,11,19,256,-8
195,78,11,10,265,-8,11,18,257,-8
195,79,11,10,265,-8,11,18,257,-8
195,80,11,10,265,3,11,7,268,3
195,81,11,10,265,3,11,7,268,3
195,82,11,14,261,-9,11,23,252,-9
195,83,11,14,261,-9,11,23,252,-9
195,84,11,14,261,0,11,14,261,0
195,85,11,14,261,0,11,14,261,0
195,86,11,14,261,0,11,14,261,0
195,87,11,13,262,0,11,13,262,0
195,88,11,13,262,0,11,13,262,0
195,89,11,10,265,7,11,3,272,7
195,90,11,10,265,7,11,3,272,7
195,91,11,10,265,-1,11,11,264,-1
195,92,11,10,265,-1,11,11,264,-1
195,93,0,0,0,0,0,0,0,0
195,94,11,13,262,-5,11,18,257,-5
195,95,11,13,262,-5,11,18,257,-5
196,0,11,9,266,-2,11,11,264,-2
196,1,11,9,266,-2,11,11,264,-2
196,2,11,7,268,2,11,5,270,2
196,3,11,7,268,2,11,5,270,2
196,4,11,14,261,10,11,4,271,10
196,5,11,14,261,10,11,4,271,10
196,6,11,14,261,10,11,4,271,10
196,7,11,7,268,0,11,7,268,0
196,8,11,7,268,0,11,7,268,0
196,9,0,0,0,0,0,0,0,0
196,10,11,15,260,8,11,7,268,8
196,11,11,15,260,8,11,7,268,8
196,12,0,0,0,0,0,0,0,0
196,13,0,0,0,0,0,0,0,0
196,14,0,0,0,0,0,0,0,0
196,15,0,0,0,0,0,0,0,0
196,16,0,0,0,0,0,0,0,0
196,17,0,0,0,0,0,0,0,0
196,18,0,0,0,0,0,0,0,0
196,19,0,0,0,0,0,0,0,0
196,20,0,0,0,0,0,0,0,0
196,21,0,0,0,0,0,0,0,0
196,22,0,0,0,0,0,0,0,0
196,23,0,0,0,0,0,0,0,0
196,24,0,0,0,0,0,0,0,0
196,25,0,0,0,0,0,0,0,0
196,26,0,0,0,0,0,0,0,0
196,27,0,0,0,0,0,0,0,0
196,28,0,0,0,0,0,0,0,0
196,29,0,0,0,0,0,0,0,0
196,30,0,0,0,0,0,0,0,0
196,31,0,0,0,0,0,0,0,0
196,32,0,0,0,0,0,0,0,0
196,33,0,0,0,0,0,0,0,0
196,34,0,0,0,0,0,0,0,0
196,35,0,0,0,0,0,0,0,0
196,36,11,12,263,3,11,9,266,3
196,37,11,12,263,3,11,9,266,3
196,38,11,10,265,-3,11,13,262,-3
196,39,11,10,265,-3,11,13,262,-3
196,40,11,10,265,-3,11,13,262,-3
196,41,11,14,261,-8,11,22,253,-8
196,42,11,14,261,-8,11,22,253,-8
196,43,11,7,268,5,11,2,273,5
196,44,11,7,268,5,11,2,273,5
196,45,11,11,264,-7,11,18,257,-7
196,46,11,11,264,-7,11,18,257,-7
196,47,11,11,264,-7,11,18,257,-7
196,48,11,14,261,2,11,12,263,2
196,49,11,14,261,2,11,12,263,2
196,50,11,14,261,2,11,12,263,2
196,51,11,14,261,10,11,4,271,10
196,52,11,14,261,10,11,4,271,10
196,53,11,14,261,10,11,4,271,10
196,54,11,9,266,-2,11,11,264,-2
196,55,11,9,266,-2,11,11,264,-2
196,56,11,12,263,1,11,11,264,1
196,57,11,12,263,1,11,11,264,1
196,58,11,12,263,1,11,11,264,1
196,59,0,0,0,0,0,0,0,0
196,60,11,13,262,-1,11,14,261,-1
196,61,11,13,262,-1,11,14,261,-1
196,62,11,13,262,-1,11,14,261,-1
196,63,11,11,264,-10,11,21,254,-10
196,64,11,11,264,-10,11,21,254,-10
196,65,11,13,262,-2,11,15,260,-2
196,66,11,13,262,-2,11,15,260,-2
196,67,11,13,262,-2,11,15,260,-2
196,68,11,16,259,-1,11,17,258,-1
196,69,11,16,259,-1,11,17,258,-1
196,70,11,16,259,-1,11,17,258,-1
196,71,0,0,0,0,0,0,0,0
196,72,11,11,264,-2,11,13,262,-2
196,73,11,11,264,-2,11,13,262,-2
196,74,11,11,264,-2,11,13,262,-2
196,75,11,9,266,2,11,7,268,2
196,76,11,9,266,2,11,7,268,2
196,77,11,9,266,2,11,7,268,2
196,78,11,8,267,1,11,7,268,1
196,79,11,8,267,1,11,7,268,1
196,80,11,11,264,-10,11,21,254,-10
196,81,11,11,264,-10,11,21,254,-10
196,82,11,13,262,-6,11,19,256,-6
196,83,11,13,262,-6,11,19,256,-6
196,84,11,14,261,-1,11,15,260,-1
196,85,11,14,261,-1,11,15,260,-1
196,86,11,14,261,-1,11,15,260,-1
196,87,11,14,261,5,11,9,266,5
196,88,11,14,261,5,11,9,266,5
196,89,11,12,263,-1,11,13,262,-1
196,90,11,12,263,-1,11,13,262,-1
196,91,11,14,261,-1,11,15,260,-1
196,92,11,14,261,-1,11,15,260,-1
196,93,0,0,0,0,0,0,0,0
196,94,11,18,257,7,11,11,264,7
196,95,11,18,257,7,11,11,264,7
197,0,0,0,0,0,0,0,0,0
197,1,0,0,0,0,0,0,0,0
197,2,0,0,0,0,0,0,0,0
197,3,0,0,0,0,0,0,0,0
197,4,0,0,0,0,0,0,0,0
197,5,0,0,0,0,0,0,0,0
197,6,0,0,0,0,0,0,0,0
197,7,0,0,0,0,0,0,0,0
197,8,0,0,0,0,0,0,0,0
197,9,0,0,0,0,0,0,0,0
197,10,0,0,0,0,0,0,0,0
197,11,0,0,0,0,0,0,0,0
197,12,11,10,265,0,11,10,265,0
197,13,11,10,265,0,11,10,265,0
197,14,11,10,265,0,11,10,265,0
197,15,11,6,269,1,11,5,270,1
197,16,11,6,269,1,11,5,270,1
197,17,11,12,263,6,11,6,269,6
197,18,11,12,263,6,11,6,269,6
197,19,11,12,263,6,11,6,269,6
197,20,12,10,290,0,12,10,290,0
197,21,11,11,264,4,11,7,268,4
197,22,11,11,264,4,11,7,268,4
197,23,0,0,0,0,0,0,0,0
197,24,11,9,266,1,11,8,267,1
197,25,11,9,266,1,11,8,267,1
197,26,11,9,266,1,11,8,267,1
197,27,11,12,263,2,11,10,265,2
197,28,11,12,263,2,11,10,265,2
197,29,11,9,266,-2,11,11,264,-2
197,30,11,9,266,-2,11,11,264,-2
197,31,11,12,263,8,11,4,271,8
197,32,11,12,263,8,11,4,271,8
197,33,11,11,264,-6,11,17,258,-6
197,34,11,11,264,-6,11,17,258,-6
197,35,0,0,0,0,0,0,0,0
197,36,11,12,263,-3,11,15,260,-3
197,37,11,12,263,-3,11,15,260,-3
197,38,11,12,263,-3,11,15,260,-3
197,39,11,10,265,5,11,5,270,5
197,40,11,10,265,5,11,5,270,5
197,41,11,13,262,-1,11,14,261,-1
197,42,11,13,262,-1,11,14,261,-1
197,43,11,13,262,-1,11,14,261,-1
197,44,11,11,264,-5,11,16,259,-5
197,45,11,11,264,-5,11,16,259,-5
197,46,11,11,264,-5,11,16,259,-5
197,47,0,0,0,0,0,0,0,0
197,48,11,11,264,9,11,2,273,9
197,49,11,11,264,9,11,2,273,9
197,50,11,11,264,-8,11,19,256,-8
197,51,11,11,264,-8,11,19,256,-8
197,52,11,9,266,9,11,0,275,9
197,53,11,9,266,9,11,0,275,9
197,54,11,10,265,10,11,0,275,10
197,55,11,10,265,10,11,0,275,10
197,56,11,15,260,8,11,7,268,8
197,57,11,15,260,8,11,7,268,8
197,58,11,15,260,8,11,7,268,8
197,59,0,0,0,0,0,0,0,0
197,60,11,10,265,-4,11,14,261,-4
197,61,11,10,265,-4,11,14,261,-4
197,62,11,10,265,-4,11,14,261,-4
197,63,11,13,262,10,11,3,272,10
197,64,11,13,262,10,11,3,272,10
197,65,11,13,262,-3,11,16,259,-3
197,66,11,13,262,-3,11,16,259,-3
197,67,11,13,262,-3,11,16,259,-3
197,68,11,15,260,1,11,14,261,1
197,69,11,15,260,1,11,14,261,1
197,70,11,15,260,3,11,12,263,3
197,71,11,15,260,3,11,12,263,3
197,72,11,12,263,0,11,12,263,0
197,73,11,12,263,0,11,12,263,0
197,74,11,12,263,0,11,12,263,0
197,75,11,7,268,10,12,22,278,10
197,76,11,7,268,10,12,22,278,10
197,77,11,15,260,-2,11,17,258,-2
197,78,11,15,260,-2,11,17,258,-2
197,79,11,15,260,-2,11,17,258,-2
197,80,11,14,261,3,11,11,264,3
197,81,11,14,261,3,11,11,264,3
197,82,11,14,261,3,11,11,264,3
197,83,0,0,0,0,0,0,0,0
197,84,11,13,262,-6,11,19,256,-6
197,85,11,13,262,-6,11,19,256,-6
197,86,11,13,262,-6,11,19,256,-6
197,87,11,12,263,-9,11,21,254,-9
197,88,11,12,263,-9,11,21,254,-9
197,89,11,9,266,5,11,4,271,5
197,90,11,9,266,5,11,4,271,5
197,91,11,11,264,-4,11,15,260,-4
197,92,11,11,264,-4,11,15,260,-4
197,93,11,11,264,-5,11,16,259,-5
197,94,11,11,264,-5,11,16,259,-5
197,95,0,0,0,0,0,0,0,0
198,0,11,13,262,-9,11,22,253,-9
198,1,11,13,262,-9,11,22,253,-9
198,2,11,13,262,-9,11,22,253,-9
198,3,11,15,260,3,11,12,263,3
198,4,11,15,260,3,11,12,263,3
198,5,11,13,262,-5,11,18,257,-5
198,6,11,13,262,-5,11,18,257,-5
198,7,11,13,262,-5,11,18,257,-5
198,8,11,13,262,5,11,8,267,5
198,9,11,13,262,5,11,8,267,5
198,10,11,13,262,5,11,8,267,5
198,11,0,0,0,0,0,0,0,0
198,12,11,9,266,6,11,3,272,6
198,13,11,9,266,6,11,3,272,6
198,14,11,12,263,-6,11,18,257,-6
198,15,11,12,263,-6,11,18,257,-6
198,16,11,10,265,-8,11,18,257,-8
198,17,11,10,265,-8,11,18,257,-8
198,18,11,13,262,4,11,9,266,4
198,19,11,13,262,4,11,9,266,4
198,20,11,14,261,-5,11,19,256,-5
198,21,11,14,261,-5,11,19,256,-5
198,22,11,14,261,-5,11,19,256,-5
198,23,0,0,0,0,0,0,0,0
198,24,11,15,260,3,11,12,263,3
198,25,11,15,260,3,11,12,263,3
198,26,11,15,260,3,11,12,263,3
198,27,11,13,262,-9,11,22,253,-9
198,28,11,13,262,-9,11,22,253,-9
198,29,11,14,261,-4,11,18,257,-4
198,30,11,14,261,-4,11,18,257,-4
198,31,11,14,261,-4,11,18,257,-4
198,32,11,12,263,-10,11,22,253,-10
198,33,11,12,263,-10,11,22,253,-10
198,34,11,16,259,-2,11,18,257,-2
198,35,11,16,259,-2,11,18,257,-2
198,36,11,12,263,7,11,5,270,7
198,37,11,12,263,7,11,5,270,7
198,38,11,12,263,7,11,5,270,7
198,39,11,12,263,-4,11,16,259,-4
198,40,11,12,263,-4,11,16,259,-4
198,41,11,16,259,-10,10,1,249,-10
198,42,11,16,259,-10,10,1,249,-10
198,43,11,16,259,-10,10,1,249,-10
198,44,11,15,260,1,11,14,261,1
198,45,11,15,260,1,11,14,261,1
198,46,11,15,260,1,11,14,261,1
198,47,0,0,0,0,0,0,0,0
198,48,11,14,261,9,11,5,270,9
198,49,11,14,261,9,11,5,270,9
198,50,11,14,261,9,11,5,270,9
198,51,11,12,263,-5,11,17,258,-5
198,52,11,12,263,-5,11,17,258,-5
198,53,11,11,264,-9,11,20,255,-9
198,54,11,11,264,-9,11,20,255,-9
198,55,11,14,261,5,11,9,266,5
198,56,11,14,261,5,11,9,266,5
198,57,11,15,260,-6,11,21,254,-6
198,58,11,15,260,-6,11,21,254,-6
198,59,0,0,0,0,0,0,0,0
198,60,11,16,259,1,11,15,260,1
198,61,11,16,259,1,11,15,260,1
198,62,11,16,259,1,11,15,260,1
198,63,11,13,262,4,11,9,266,4
198,64,11,13,262,4,11,9,266,4
198,65,11,16,259,-8,11,24,251,-8
198,66,11,16,259,-8,11,24,251,-8
198,67,11,16,259,-8,11,24,251,-8
198,68,11,14,261,9,11,5,270,9
198,69,11,14,261,9,11,5,270,9
198,70,11,14,261,9,11,5,270,9
198,71,0,0,0,0,0,0,0,0
198,72,11,12,263,9,11,3,272,9
198,73,11,12,263,9,11,3,272,9
198,74,11,15,260,10,11,5,270,10
198,75,11,15,260,10,11,5,270,10
198,76,11,10,265,3,11,7,268,3
198,77,11,10,265,3,11,7,268,3
198,78,11,11,264,5,11,6,269,5
198,79,11,11,264,5,11,6,269,5
198,80,11,17,258,2,11,15,260,2
198,81,11,17,258,2,11,15,260,2
198,82,11,17,258,2,11,15,260,2
198,83,0,0,0,0,0,0,0,0
198,84,11,12,263,-4,11,16,259,-4
198,85,11,12,263,-4,11,16,259,-4
198,86,11,12,263,-4,11,16,259,-4
198,87,11,16,259,9,11,7,268,9
198,88,11,16,259,9,11,7,268,9
198,89,11,16,259,4,11,12,263,4
198,90,11,16,259,4,11,12,263,4
198,91,11,16,259,4,11,12,263,4
198,92,11,16,259,6,11,10,265,6
198,93,11,16,259,6,11,10,265,6
198,94,11,13,262,-9,11,22,253,-9
198,95,11,13,262,-9,11,22,253,-9
199,0,0,0,0,0,0,0,0,0
199,1,0,0,0,0,0,0,0,0
199,2,0,0,0,0,0,0,0,0
199,3,0,0,0,0,0,0,0,0
199,4,0,0,0,0,0,0,0,0
199,5,0,0,0,0,0,0,0,0
199,6,0,0,0,0,0,0,0,0
199,7,0,0,0,0,0,0,0,0
199,8,0,0,0,0,0,0,0,0
199,9,0,0,0,0,0,0,0,0
199,10,0,0,0,0,0,0,0,0
199,11,0,0,0,0,0,0,0,0
199,12,12,12,288,-3,12,15,285,-3
199,13,12,12,288,-3,12,15,285,-3
199,14,12,12,288,-3,12,15,285,-3
199,15,12,11,289,8,12,3,297,8
199,16,12,11,289,8,12,3,297,8
199,17,12,15,285,-7,12,22,278,-7
199,18,12,15,285,-7,12,22,278,-7
199,19,12,15,285,-7,12,22,278,-7
199,20,12,14,286,8,12,6,294,8
199,21,12,14,286,8,12,6,294,8
199,22,12,14,286,8,12,6,294,8
199,23,0,0,0,0,0,0,0,0
199,24,12,13,287,3,12,10,290,3
199,25,12,13,287,3,12,10,290,3
199,26,12,13,287,3,12,10,290,3
199,27,12,17,283,-10,11,2,273,-10
199,28,12,17,283,-10,11,2,273,-10
199,29,12,11,289,-9,12,20,280,-9
199,30,12,11,289,-9,12,20,280,-9
199,31,12,15,285,-5,12,20,280,-5
199,32,12,15,285,-5,12,20,280,-5
199,33,12,13,287,-4,12,17,283,-4
199,34,12,13,287,-4,12,17,283,-4
199,35,0,0,0,0,0,0,0,0
199,36,12,17,283,-4,12,21,279,-4
199,37,12,17,283,-4,12,21,279,-4
199,38,12,17,283,-4,12,21,279,-4
199,39,12,18,282,2,12,16,284,2
199,40,12,18,282,2,12,16,284,2
199,41,12,16,284,-6,12,22,278,-6
199,42,12,16,284,-6,12,22,278,-6
199,43,12,16,284,-6,12,22,278,-6
199,44,12,14,286,2,12,12,288,2
199,45,12,14,286,2,12,12,288,2
199,46,12,14,286,2,12,12,288,2
199,47,0,0,0,0,0,0,0,0
199,48,12,15,285,6,12,9,291,6
199,49,12,15,285,6,12,9,291,6
199,50,12,15,285,-5,12,20,280,-5
199,51,12,15,285,-5,12,20,280,-5
199,52,12,12,288,-8,12,20,280,-8
199,53,12,12,288,-8,12,20,280,-8
199,54,12,12,288,9,12,3,297,9
199,55,12,12,288,9,12,3,297,9
199,56,12,16,284,7,12,9,291,7
199,57,12,16,284,7,12,9,291,7
199,58,12,16,284,7,12,9,291,7
199,59,0,0,0,0,0,0,0,0
199,60,12,11,289,-3,12,14,286,-3
199,61,12,11,289,-3,12,14,286,-3
199,62,12,11,289,-3,12,14,286,-3
199,63,12,18,282,-9,11,2,273,-9
199,64,12,18,282,-9,11,2,273,-9
199,65,12,18,282,-10,11,3,272,-10
199,66,12,18,282,-10,11,3,272,-10
199,67,12,18,282,-10,11,3,272,-10
199,68,12,18,282,3,12,15,285,3
199,69,12,18,282,3,12,15,285,3
199,70,12,16,284,2,12,14,286,2
199,71,12,16,284,2,12,14,286,2
199,72,12,12,288,-5,12,17,283,-5
199,73,12,12,288,-5,12,17,283,-5
199,74,12,12,288,-5,12,17,283,-5
199,75,12,10,290,-9,12,19,281,-9
199,76,12,10,290,-9,12,19,281,-9
199,77,12,16,284,7,12,9,291,7
199,78,12,16,284,7,12,9,291,7
199,79,12,16,284,7,12,9,291,7
199,80,12,15,285,-9,12,24,276,-9
199,81,12,15,285,-9,12,24,276,-9
199,82,12,15,285,-9,12,24,276,-9
199,83,0,0,0,0,0,0,0,0
199,84,12,16,284,-3,12,19,281,-3
199,85,12,16,284,-3,12,19,281,-3
199,86,12,16,284,-3,12,19,281,-3
199,87,12,16,284,-6,12,22,278,-6
199,88,12,16,284,-6,12,22,278,-6
199,89,12,14,286,5,12,9,291,5
199,90,12,14,286,5,12,9,291,5
199,91,12,14,286,-4,12,18,282,-4
199,92,12,14,286,-4,12,18,282,-4
199,93,13,15,310,0,13,15,310,0
199,94,13,15,310,0,13,15,310,0
199,95,0,0,0,0,0,0,0,0
200,0,12,16,284,6,12,10,290,6
200,1,12,16,284,6,12,10,290,6
200,2,12,16,284,6,12,10,290,6
200,3,12,16,284,-5,12,21,279,-5
200,4,12,16,284,-5,12,21,279,-5
200,5,12,14,286,7,12,7,293,7
200,6,12,14,286,7,12,7,293,7
200,7,12,14,286,7,12,7,293,7
200,8,12,16,284,-2,12,18,282,-2
200,9,12,16,284,-2,12,18,282,-2
200,10,12,16,284,-2,12,18,282,-2
200,11,0,0,0,0,0,0,0,0
200,12,12,12,288,2,12,10,290,2
200,13,12,12,288,2,12,10,290,2
200,14,12,15,285,-2,12,17,283,-2
200,15,12,15,285,-2,12,17,283,-2
200,16,12,11,289,-7,12,18,282,-7
200,17,12,11,289,-7,12,18,282,-7
200,18,12,12,288,-5,12,17,283,-5
200,19,12,12,288,-5,12,17,283,-5
200,20,12,17,283,-2,12,19,281,-2
200,21,12,17,283,-2,12,19,281,-2
200,22,12,17,283,-2,12,19,281,-2
200,23,0,0,0,0,0,0,0,0
200,24,12,15,285,-10,11,0,275,-10
200,25,12,15,285,-10,11,0,275,-10
200,26,12,15,285,-10,11,0,275,-10
200,27,12,17,283,-8,11,0,275,-8
200,28,12,17,283,-8,11,0,275,-8
200,29,12,15,285,-6,12,21,279,-6
200,30,12,15,285,-6,12,21,279,-6
200,31,12,15,285,-6,12,21,279,-6
200,32,12,16,284,0,12,16,284,0
200,33,12,16,284,0,12,16,284,0
200,34,12,19,281,-9,11,3,272,-9
200,35,12,19,281,-9,11,3,272,-9
200,36,12,15,285,5,12,10,290,5
200,37,12,15,285,5,12,10,290,5
200,38,12,15,285,5,12,10,290,5
200,39,12,12,288,1,12,11,289,1
200,40,12,12,288,1,12,11,289,1
200,41,12,17,283,-5,12,22,278,-5
200,42,12,17,283,-5,12,22,278,-5
200,43,12,17,283,-5,12,22,278,-5
200,44,12,19,281,7,12,12,288,7
200,45,12,19,281,7,12,12,288,7
200,46,12,19,281,7,12,12,288,7
200,47,0,0,0,0,0,0,0,0
200,48,12,15,285,-5,12,20,280,-5
200,49,12,15,285,-5,12,20,280,-5
200,50,12,15,285,-5,12,20,280,-5
200,51,12,17,283,10,12,7,293,10
200,52,12,17,283,10,12,7,293,10
200,53,12,14,286,-2,12,16,284,-2
200,54,12,14,286,-2,12,16,284,-2
200,55,12,15,285,-4,12,19,281,-4
200,56,12,15,285,-4,12,19,281,-4
200,57,12,17,283,-9,11,1,274,-9
200,58,12,17,283,-9,11,1,274,-9
200,59,0,0,0,0,0,0,0,0
200,60,12,17,283,-7,12,24,276,-7
200,61,12,17,283,-7,12,24,276,-7
200,62,12,17,283,-7,12,24,276,-7
200,63,12,15,285,2,12,13,287,2
200,64,12,15,285,2,12,13,287,2
200,65,12,17,283,10,12,7,293,10
200,66,12,17,283,10,12,7,293,10
200,67,12,17,283,10,12,7,293,10
200,68,12,16,284,3,12,13,287,3
200,69,12,16,284,3,12,13,287,3
200,70,12,16,284,3,12,13,287,3
200,71,0,0,0,0,0,0,0,0
200,72,12,14,286,1,12,13,287,1
200,73,12,14,286,1,12,13,287,1
200,74,12,16,284,-1,12,17,283,-1
200,75,12,16,284,-1,12,17,283,-1
200,76,12,15,285,-8,12,23,277,-8
200,77,12,15,285,-8,12,23,277,-8
200,78,12,14,286,-10,12,24,276,-10
200,79,12,14,286,-10,12,24,276,-10
200,80,12,20,280,-6,11,1,274,-6
200,81,12,20,280,-6,11,1,274,-6
200,82,12,20,280,-6,11,1,274,-6
200,83,0,0,0,0,0,0,0,0
200,84,12,14,286,1,12,13,287,1
200,85,12,14,286,1,12,13,287,1
200,86,12,14,286,1,12,13,287,1
200,87,12,17,283,-8,11,0,275,-8
200,88,12,17,283,-8,11,0,275,-8
200,89,12,17,283,-3,12,20,280,-3
200,90,12,17,283,-3,12,20,280,-3
200,91,12,17,283,-3,12,20,280,-3
200,92,12,18,282,5,12,13,287,5
200,93,12,18,282,5,12,13,287,5
200,94,12,18,282,3,12,15,285,3
200,95,12,18,282,3,12,15,285,3
201,0,12,12,288,8,12,4,296,8
201,1,12,12,288,8,12,4,296,8
201,2,12,13,287,-5,12,18,282,-5
201,3,12,13,287,-5,12,18,282,-5
201,4,12,15,285,-5,12,20,280,-5
201,5,12,15,285,-5,12,20,280,-5
201,6,12,15,285,-5,12,20,280,-5
201,7,12,12,288,0,12,12,288,0
201,8,12,12,288,0,12,12,288,0
201,9,0,0,0,0,0,0,0,0
201,10,12,18,282,1,12,17,283,1
201,11,12,18,282,1,12,17,283,1
201,12,0,0,0,0,0,0,0,0
201,13,0,0,0,0,0,0,0,0
201,14,0,0,0,0,0,0,0,0
201,15,0,0,0,0,0,0,0,0
201,16,0,0,0,0,0,0,0,0
201,17,0,0,0,0,0,0,0,0
201,18,0,0,0,0,0,0,0,0
201,19,0,0,0,0,0,0,0,0
201,20,0,0,0,0,0,0,0,0
201,21,0,0,0,0,0,0,0,0
201,22,0,0,0,0,0,0,0,0
201,23,0,0,0,0,0,0,0,0
201,24,0,0,0,0,0,0,0,0
201,25,0,0,0,0,0,0,0,0
201,26,0,0,0,0,0,0,0,0
201,27,0,0,0,0,0,0,0,0
201,28,0,0,0,0,0,0,0,0
201,29,0,0,0,0,0,0,0,0
201,30,0,0,0,0,0,0,0,0
201,31,0,0,0,0,0,0,0,0
201,32,0,0,0,0,0,0,0,0
201,33,0,0,0,0,0,0,0,0
201,34,0,0,0,0,0,0,0,0
201,35,0,0,0,0,0,0,0,0
201,36,12,13,287,5,12,8,292,5
201,37,12,13,287,5,12,8,292,5
201,38,12,13,287,-2,12,15,285,-2
201,39,12,13,287,-2,12,15,285,-2
201,40,12,13,287,-2,12,15,285,-2
201,41,12,18,282,-5,12,23,277,-5
201,42,12,18,282,-5,12,23,277,-5
201,43,12,10,290,2,12,8,292,2
201,44,12,10,290,2,12,8,292,2
201,45,12,14,286,5,12,9,291,5
201,46,12,14,286,5,12,9,291,5
201,47,12,14,286,5,12,9,291,5
201,48,12,17,283,0,12,17,283,0
201,49,12,17,283,0,12,17,283,0
201,50,12,17,283,0,12,17,283,0
201,51,12,15,285,5,12,10,290,5
201,52,12,15,285,5,12,10,290,5
201,53,12,15,285,5,12,10,290,5
201,54,12,13,287,5,12,8,292,5
201,55,12,13,287,5,12,8,292,5
201,56,12,13,287,-10,12,23,277,-10
201,57,12,13,287,-10,12,23,277,-10
201,58,12,13,287,-10,12,23,277,-10
201,59,0,0,0,0,0,0,0,0
201,60,12,16,284,7,12,9,291,7
201,61,12,16,284,7,12,9,291,7
201,62,12,16,284,7,12,9,291,7
201,63,12,17,283,7,12,10,290,7
201,64,12,17,283,7,12,10,290,7
201,65,12,15,285,0,12,15,285,0
201,66,12,15,285,0,12,15,285,0
201,67,12,15,285,0,12,15,285,0
201,68,12,19,281,5,12,14,286,5
201,69,12,19,281,5,12,14,286,5
201,70,12,19,281,5,12,14,286,5
201,71,0,0,0,0,0,0,0,0
201,72,12,16,284,4,12,12,288,4
201,73,12,16,284,4,12,12,288,4
201,74,12,16,284,4,12,12,288,4
201,75,12,14,286,2,12,12,288,2
201,76,12,14,286,2,12,12,288,2
201,77,12,14,286,2,12,12,288,2
201,78,12,12,288,-5,12,17,283,-5
201,79,12,12,288,-5,12,17,283,-5
201,80,12,16,284,-9,11,0,275,-9
201,81,12,16,284,-9,11,0,275,-9
201,82,12,17,283,-8,11,0,275,-8
201,83,12,17,283,-8,11,0,275,-8
201,84,12,17,283,-7,12,24,276,-7
201,85,12,17,283,-7,12,24,276,-7
201,86,12,17,283,-7,12,24,276,-7
201,87,12,15,285,6,12,9,291,6
201,88,12,15,285,6,12,9,291,6
201,89,12,14,286,5,12,9,291,5
201,90,12,14,286,5,12,9,291,5
201,91,12,16,284,-5,12,21,279,-5
201,92,12,16,284,-5,12,21,279,-5
201,93,0,0,0,0,0,0,0,0
201,94,12,19,281,7,12,12,288,7
201,95,12,19,281,7,12,12,288,7
202,0,12,12,288,10,12,2,298,10
202,1,12,12,288,10,12,2,298,10
202,2,12,13,287,3,12,10,290,3
202,3,12,13,287,3,12,10,290,3
202,4,12,15,285,10,12,5,295,10
202,5,12,15,285,10,12,5,295,10
202,6,12,15,285,10,12,5,295,10
202,7,12,8,292,-8,12,16,284,-8
202,8,12,8,292,-8,12,16,284,-8
202,9,0,0,0,0,0,0,0,0
202,10,12,16,284,1,12,15,285,1
202,11,12,16,284,1,12,15,285,1
202,12,0,0,0,0,0,0,0,0
202,13,0,0,0,0,0,0,0,0
202,14,0,0,0,0,0,0,0,0
202,15,0,0,0,0,0,0,0,0
202,16,0,0,0,0,0,0,0,0
202,17,0,0,0,0,0,0,0,0
202,18,0,0,0,0,0,0,0,0
202,19,0,0,0,0,0,0,0,0
202,20,0,0,0,0,0,0,0,0
202,21,0,0,0,0,0,0,0,0
202,22,0,0,0,0,0,0,0,0
202,23,0,0,0,0,0,0,0,0
202,24,0,0,0,0,0,0,0,0
202,25,0,0,0,0,0,0,0,0
202,26,0,0,0,0,0,0,0,0
202,27,0,0,0,0,0,0,0,0
202,28,0,0,0,0,0,0,0,0
202,29,0,0,0,0,0,0,0,0
202,30,0,0,0,0,0,0,0,0
202,31,0,0,0,0,0,0,0,0
202,32,0,0,0,0,0,0,0,0
202,33,0,0,0,0,0,0,0,0
202,34,0,0,0,0,0,0,0,0
202,35,0,0,0,0,0,0,0,0
202,36,12,13,287,-2,12,15,285,-2
202,37,12,13,287,-2,12,15,285,-2
202,38,12,15,285,-1,12,16,284,-1
202,39,12,15,285,-1,12,16,284,-1
202,40,12,15,285,-1,12,16,284,-1
202,41,12,17,283,1,12,16,284,1
202,42,12,17,283,1,12,16,284,1
202,43,12,12,288,5,12,7,293,5
202,44,12,12,288,5,12,7,293,5
202,45,12,16,284,2,12,14,286,2
202,46,12,16,284,2,12,14,286,2
202,47,12,16,284,2,12,14,286,2
202,48,12,16,284,-6,12,22,278,-6
202,49,12,16,284,-6,12,22,278,-6
202,50,12,16,284,-6,12,22,278,-6
202,51,12,14,286,9,12,5,295,9
202,52,0,0,0,0,0,0,0,0
202,53,12,14,286,9,12,5,295,9
202,54,12,10,290,-6,12,16,284,-6
202,55,12,10,290,-6,12,16,284,-6
202,56,12,15,285,9,12,6,294,9
202,57,12,15,285,9,12,6,294,9
202,58,12,15,285,9,12,6,294,9
202,59,12,14,286,9,12,5,295,9
202,60,12,15,285,0,12,15,285,0
202,61,12,15,285,0,12,15,285,0
202,62,12,15,285,0,12,15,285,0
202,63,12,15,285,-9,12,24,276,-9
202,64,12,15,285,-9,12,24,276,-9
202,65,12,16,284,8,12,8,292,8
202,66,12,16,284,8,12,8,292,8
202,67,12,16,284,8,12,8,292,8
202,68,12,18,282,-4,12,22,278,-4
202,69,12,18,282,-4,12,22,278,-4
202,70,12,18,282,-4,12,22,278,-4
202,71,0,0,0,0,0,0,0,0
202,72,12,16,284,-2,12,18,282,-2
202,73,12,16,284,-2,12,18,282,-2
202,74,12,16,284,-2,12,18,282,-2
202,75,12,14,286,1,12,13,287,1
202,76,12,14,286,1,12,13,287,1
202,77,12,14,286,1,12,13,287,1
202,78,12,14,286,-2,12,16,284,-2
202,79,12,14,286,-2,12,16,284,-2
202,80,12,16,284,7,12,9,291,7
202,81,12,16,284,7,12,9,291,7
202,82,12,17,283,1,12,16,284,1
202,83,12,17,283,1,12,16,284,1
202,84,12,17,283,4,12,13,287,4
202,85,12,17,283,4,12,13,287,4
202,86,12,17,283,4,12,13,287,4
202,87,12,16,284,3,12,13,287,3
202,88,12,16,284,3,12,13,287,3
202,89,12,16,284,1,12,15,285,1
202,90,12,16,284,1,12,15,285,1
202,91,12,15,285,-1,12,16,284,-1
202,92,12,15,285,-1,12,16,284,-1
202,93,0,0,0,0,0,0,0,0
202,94,12,18,282,1,12,17,283,1
202,95,12,18,282,1,12,17,283,1
203,0,12,12,288,1,12,11,289,1
203,1,12,12,288,1,12,11,289,1
203,2,12,6,294,8,13,23,302,8
203,3,12,6,294,8,13,23,302,8
203,4,12,12,288,7,12,5,295,7
203,5,12,12,288,7,12,5,295,7
203,6,12,12,288,7,12,5,295,7
203,7,12,6,294,-7,12,13,287,-7
203,8,12,6,294,-7,12,13,287,-7
203,9,0,0,0,0,0,0,0,0
203,10,12,17,283,-1,12,18,282,-1
203,11,12,17,283,-1,12,18,282,-1
203,12,0,0,0,0,0,0,0,0
203,13,0,0,0,0,0,0,0,0
203,14,0,0,0,0,0,0,0,0
203,15,0,0,0,0,0,0,0,0
203,16,0,0,0,0,0,0,0,0
203,17,0,0,0,0,0,0,0,0
203,18,0,0,0,0,0,0,0,0
203,19,0,0,0,0,0,0,0,0
203,20,0,0,0,0,0,0,0,0
203,21,0,0,0,0,0,0,0,0
203,22,0,0,0,0,0,0,0,0
203,23,0,0,0,0,0,0,0,0
203,24,0,0,0,0,0,0,0,0
203,25,0,0,0,0,0,0,0,0
203,26,0,0,0,0,0,0,0,0
203,27,0,0,0,0,0,0,0,0
203,28,0,0,0,0,0,0,0,0
203,29,0,0,0,0,0,0,0,0
203,30,0,0,0,0,0,0,0,0
203,31,0,0,0,0,0,0,0,0
203,32,0,0,0,0,0,0,0,0
203,33,0,0,0,0,0,0,0,0
203,34,0,0,0,0,0,0,0,0
203,35,0,0,0,0,0,0,0,0
203,36,12,12,288,7,12,5,295,7
203,37,12,12,288,7,12,5,295,7
203,38,12,12,288,6,12,6,294,6
203,39,12,12,288,6,12,6,294,6
203,40,12,12,288,6,12,6,294,6
203,41,12,14,286,-6,12,20,280,-6
203,42,12,14,286,-6,12,20,280,-6
203,43,12,9,291,-8,12,17,283,-8
203,44,12,9,291,-8,12,17,283,-8
203,45,12,13,287,-7,12,20,280,-7
203,46,12,13,287,-7,12,20,280,-7
203,47,12,13,287,-7,12,20,280,-7
203,48,12,14,286,9,12,5,295,9
203,49,12,14,286,9,12,5,295,9
203,50,12,14,286,9,12,5,295,9
203,51,12,14,286,1,12,13,287,1
203,52,12,14,286,1,12,13,287,1
203,53,12,14,286,1,12,13,287,1
203,54,12,10,290,-4,12,14,286,-4
203,55,12,10,290,-4,12,14,286,-4
203,56,12,12,288,6,12,6,294,6
203,57,12,12,288,6,12,6,294,6
203,58,12,12,288,6,12,6,294,6
203,59,0,0,0,0,0,0,0,0
203,60,12,16,284,-9,11,0,275,-9
203,61,12,16,284,-9,11,0,275,-9
203,62,12,16,284,-9,11,0,275,-9
203,63,12,15,285,-7,12,22,278,-7
203,64,12,15,285,-7,12,22,278,-7
203,65,12,16,284,1,12,15,285,1
203,66,12,16,284,1,12,15,285,1
203,67,12,16,284,1,12,15,285,1
203,68,12,14,286,0,12,14,286,0
203,69,12,14,286,0,12,14,286,0
203,70,12,14,286,0,12,14,286,0
203,71,0,0,0,0,0,0,0,0
203,72,12,15,285,-4,12,19,281,-4
203,73,12,15,285,-4,12,19,281,-4
203,74,12,15,285,-4,12,19,281,-4
203,75,12,11,289,-6,12,17,283,-6
203,76,12,11,289,-6,12,17,283,-6
203,77,12,11,289,-6,12,17,283,-6
203,78,12,11,289,3,12,8,292,3
203,79,12,11,289,3,12,8,292,3
203,80,12,13,287,6,12,7,293,6
203,81,12,13,287,6,12,7,293,6
203,82,12,16,284,-2,12,18,282,-2
203,83,12,16,284,-2,12,18,282,-2
203,84,12,14,286,2,12,12,288,2
203,85,12,14,286,2,12,12,288,2
203,86,12,14,286,2,12,12,288,2
203,87,12,13,287,9,12,4,296,9
203,88,12,13,287,9,12,4,296,9
203,89,12,13,287,2,12,11,289,2
203,90,12,13,287,2,12,11,289,2
203,91,12,14,286,-4,12,18,282,-4
203,92,12,14,286,-4,12,18,282,-4
203,93,0,0,0,0,0,0,0,0
203,94,12,18,282,-6,12,24,276,-6
203,95,12,18,282,-6,12,24,276,-6
204,0,12,12,288,0,12,12,288,0
204,1,12,12,288,0,12,12,288,0
204,2,12,12,288,0,12,12,288,0
204,3,11,7,268,-6,11,13,262,-6
204,4,11,7,268,-6,11,13,262,-6
204,5,11,14,261,-8,11,22,253,-8
204,6,11,14,261,-8,11,22,253,-8
204,7,11,14,261,-8,11,22,253,-8
204,8,11,14,261,8,11,6,269,8
204,9,11,14,261,8,11,6,269,8
204,10,11,14,261,8,11,6,269,8
204,11,0,0,0,0,0,0,0,0
204,12,0,0,0,0,0,0,0,0
204,13,0,0,0,0,0,0,0,0
204,14,0,0,0,0,0,0,0,0
204,15,0,0,0,0,0,0,0,0
204,16,0,0,0,0,0,0,0,0
204,17,0,0,0,0,0,0,0,0
204,18,0,0,0,0,0,0,0,0
204,19,0,0,0,0,0,0,0,0
204,20,0,0,0,0,0,0,0,0
204,21,0,0,0,0,0,0,0,0
204,22,0,0,0,0,0,0,0,0
204,23,0,0,0,0,0,0,0,0
204,24,0,0,0,0,0,0,0,0
204,25,0,0,0,0,0,0,0,0
204,26,0,0,0,0,0,0,0,0
204,27,13,8,317,0,13,8,317,0
204,28,13,8,317,0,13,8,317,0
204,29,11,10,265,-5,11,15,260,-5
204,30,11,10,265,-5,11,15,260,-5
204,31,11,10,265,-4,11,14,261,-4
204,32,11,10,265,-4,11,14,261,-4
204,33,11,12,263,0,11,12,263,0
204,34,11,12,263,0,11,12,263,0
204,35,0,0,0,0,0,0,0,0
204,36,11,15,260,4,11,11,264,4
204,37,11,15,260,4,11,11,264,4
204,38,11,15,260,4,11,11,264,4
204,39,11,13,262,3,11,10,265,3
204,40,11,13,262,3,11,10,265,3
204,41,11,14,261,3,11,11,264,3
204,42,11,14,261,3,11,11,264,3
204,43,11,14,261,3,11,11,264,3
204,44,0,0,0,0,0,0,0,0
204,45,0,0,0,0,0,0,0,0
204,46,0,0,0,0,0,0,0,0
204,47,0,0,0,0,0,0,0,0
204,48,11,8,267,2,11,6,269,2
204,49,11,8,267,2,11,6,269,2
204,50,11,10,265,1,11,9,266,1
204,51,11,10,265,1,11,9,266,1
204,52,11,7,268,-4,11,11,264,-4
204,53,11,7,268,-4,11,11,264,-4
204,54,11,11,264,-2,11,13,262,-2
204,55,11,11,264,-2,11,13,262,-2
204,56,11,14,261,-3,11,17,258,-3
204,57,11,14,261,-3,11,17,258,-3
204,58,11,14,261,-3,11,17,258,-3
204,59,0,0,0,0,0,0,0,0
204,60,11,12,263,-7,11,19,256,-7
204,61,11,12,263,-7,11,19,256,-7
204,62,11,12,263,-7,11,19,256,-7
204,63,11,13,262,4,11,9,266,4
204,64,11,13,262,4,11,9,266,4
204,65,11,14,261,-3,11,17,258,-3
204,66,11,14,261,-3,11,17,258,-3
204,67,11,14,261,-3,11,17,258,-3
204,68,11,15,260,3,11,12,263,3
204,69,11,15,260,3,11,12,263,3
204,70,11,13,262,-8,11,21,254,-8
204,71,11,13,262,-8,11,21,254,-8
204,72,11,12,263,-7,11,19,256,-7
204,73,11,12,263,-7,11,19,256,-7
204,74,11,12,263,-7,11,19,256,-7
204,75,11,8,267,8,11,0,275,8
204,76,11,8,267,8,11,0,275,8
204,77,11,15,260,-6,11,21,254,-6
204,78,11,15,260,-6,11,21,254,-6
204,79,11,15,260,-6,11,21,254,-6
204,80,11,16,259,-10,10,1,249,-10
204,81,11,16,259,-10,10,1,249,-10
204,82,11,16,259,-10,10,1,249,-10
204,83,0,0,0,0,0,0,0,0
204,84,0,0,0,0,0,0,0,0
204,85,0,0,0,0,0,0,0,0
204,86,0,0,0,0,0,0,0,0
204,87,11,13,262,2,11,11,264,2
204,88,11,13,262,2,11,11,264,2
204,89,11,8,267,6,11,2,273,6
204,90,11,8,267,6,11,2,273,6
204,91,11,12,263,3,11,9,266,3
204,92,11,12,263,3,11,9,266,3
204,93,11,9,266,2,11,7,268,2
204,94,11,9,266,2,11,7,268,2
204,95,0,0,0,0,0,0,0,0
205,0,11,12,263,-8,11,20,255,-8
205,1,11,12,263,-8,11,20,255,-8
205,2,11,12,263,-8,11,20,255,-8
205,3,11,13,262,2,11,11,264,2
205,4,11,13,262,2,11,11,264,2
205,5,11,11,264,9,11,2,273,9
205,6,11,11,264,9,11,2,273,9
205,7,11,11,264,9,11,2,273,9
205,8,0,0,0,0,0,0,0,0
205,9,0,0,0,0,0,0,0,0
205,10,0,0,0,0,0,0,0,0
205,11,0,0,0,0,0,0,0,0
205,12,11,10,265,3,11,7,268,3
205,13,11,10,265,3,11,7,268,3
205,14,11,11,264,-7,11,18,257,-7
205,15,11,11,264,-7,11,18,257,-7
205,16,11,7,268,2,11,5,270,2
205,17,11,7,268,2,11,5,270,2
205,18,11,8,267,-6,11,14,261,-6
205,19,11,8,267,-6,11,14,261,-6
205,20,11,11,264,-5,11,16,259,-5
205,21,11,11,264,-5,11,16,259,-5
205,22,11,11,264,-5,11,16,259,-5
205,23,0,0,0,0,0,0,0,0
205,24,11,9,266,-2,11,11,264,-2
205,25,11,9,266,-2,11,11,264,-2
205,26,11,9,266,-2,11,11,264,-2
205,27,11,13,262,-4,11,17,258,-4
205,28,11,13,262,-4,11,17,258,-4
205,29,11,11,264,-5,11,16,259,-5
205,30,11,11,264,-5,11,16,259,-5
205,31,11,11,264,-5,11,16,259,-5
205,32,11,12,263,-1,11,13,262,-1
205,33,11,12,263,-1,11,13,262,-1
205,34,11,13,262,-1,11,14,261,-1
205,35,11,13,262,-1,11,14,261,-1
205,36,11,12,263,5,11,7,268,5
205,37,11,12,263,5,11,7,268,5
205,38,11,12,263,5,11,7,268,5
205,39,11,6,269,2,11,4,271,2
205,40,11,6,269,2,11,4,271,2
205,41,11,11,264,8,11,3,272,8
205,42,11,11,264,8,11,3,272,8
205,43,11,11,264,8,11,3,272,8
205,44,11,14,261,-4,11,18,257,-4
205,45,11,14,261,-4,11,18,257,-4
205,46,11,14,261,-4,11,18,257,-4
205,47,0,0,0,0,0,0,0,0
205,48,0,0,0,0,0,0,0,0
205,49,0,0,0,0,0,0,0,0
205,50,0,0,0,0,0,0,0,0
205,51,11,11,264,10,11,1,274,10
205,52,11,11,264,10,11,1,274,10
205,53,11,10,265,3,11,7,268,3
205,54,11,10,265,3,11,7,268,3
205,55,11,9,266,8,11,1,274,8
205,56,11,9,266,8,11,1,274,8
205,57,11,11,264,10,11,1,274,10
205,58,11,11,264,10,11,1,274,10
205,59,0,0,0,0,0,0,0,0
205,60,11,15,260,5,11,10,265,5
205,61,11,15,260,5,11,10,265,5
205,62,11,15,260,5,11,10,265,5
205,63,11,14,261,-7,11,21,254,-7
205,64,11,14,261,-7,11,21,254,-7
205,65,11,13,262,-7,11,20,255,-7
205,66,11,13,262,-7,11,20,255,-7
205,67,11,13,262,-7,11,20,255,-7
205,68,0,0,0,0,0,0,0,0
205,69,0,0,0,0,0,0,0,0
205,70,0,0,0,0,0,0,0,0
205,71,0,0,0,0,0,0,0,0
205,72,11,7,268,2,11,5,270,2
205,73,11,7,268,2,11,5,270,2
205,74,11,11,264,-3,11,14,261,-3
205,75,11,11,264,-3,11,14,261,-3
205,76,11,9,266,-10,11,19,256,-10
205,77,11,9,266,-10,11,19,256,-10
205,78,11,11,264,-8,11,19,256,-8
205,79,11,11,264,-8,11,19,256,-8
205,80,11,13,262,10,11,3,272,10
205,81,11,13,262,10,11,3,272,10
205,82,11,13,262,10,11,3,272,10
205,83,0,0,0,0,0,0,0,0
205,84,11,10,265,1,11,9,266,1
205,85,11,10,265,1,11,9,266,1
205,86,11,10,265,1,11,9,266,1
205,87,11,10,265,-3,11,13,262,-3
205,88,11,10,265,-3,11,13,262,-3
205,89,11,13,262,6,11,7,268,6
205,90,11,13,262,6,11,7,268,6
205,91,11,13,262,6,11,7,268,6
205,92,11,11,264,-1,11,12,263,-1
205,93,11,11,264,-1,11,12,263,-1
205,94,11,14,261,-6,11,20,255,-6
205,95,11,14,261,-6,11,20,255,-6
206,0,11,8,267,-3,11,11,264,-3
206,1,11,8,267,-3,11,11,264,-3
206,2,11,12,263,7,11,5,270,7
206,3,11,12,263,7,11,5,270,7
206,4,11,5,270,0,11,5,270,0
206,5,11,5,270,0,11,5,270,0
206,6,11,9,266,-1,11,10,265,-1
206,7,11,9,266,-1,11,10,265,-1
206,8,0,0,0,0,0,0,0,0
206,9,0,0,0,0,0,0,0,0
206,10,11,14,261,-6,11,20,255,-6
206,11,11,14,261,-6,11,20,255,-6
206,12,11,8,267,-5,11,13,262,-5
206,13,11,8,267,-5,11,13,262,-5
206,14,11,8,267,-5,11,13,262,-5
206,15,11,11,264,-9,11,20,255,-9
206,16,11,11,264,-9,11,20,255,-9
206,17,11,8,267,-2,11,10,265,-2
206,18,11,8,267,-2,11,10,265,-2
206,19,11,8,267,6,11,2,273,6
206,20,11,8,267,6,11,2,273,6
206,21,11,12,263,9,11,3,272,9
206,22,11,12,263,9,11,3,272,9
206,23,11,12,263,9,11,3,272,9
206,24,11,10,265,9,11,1,274,9
206,25,11,10,265,9,11,1,274,9
206,26,11,14,261,2,11,12,263,2
206,27,11,14,261,2,11,12,263,2
206,28,11,9,266,10,12,24,276,10
206,29,11,9,266,10,12,24,276,10
206,30,11,10,265,2,11,8,267,2
206,31,11,10,265,2,11,8,267,2
206,32,11,10,265,2,11,8,267,2
206,33,0,0,0,0,0,0,0,0
206,34,10,1,249,-5,10,6,244,-5
206,35,10,1,249,-5,10,6,244,-5
206,36,11,9,266,4,11,5,270,4
206,37,11,9,266,4,11,5,270,4
206,38,11,8,267,10,12,23,277,10
206,39,11,8,267,10,12,23,277,10
206,40,11,8,267,10,12,23,277,10
206,41,11,9,266,3,11,6,269,3
206,42,11,9,266,3,11,6,269,3
206,43,11,7,268,-7,11,14,261,-7
206,44,11,7,268,-7,11,14,261,-7
206,45,11,11,264,4,11,7,268,4
206,46,11,11,264,4,11,7,268,4
206,47,11,11,264,4,11,7,268,4
206,48,11,12,263,-2,11,14,261,-2
206,49,11,12,263,-2,11,14,261,-2
206,50,11,12,263,-2,11,14,261,-2
206,51,11,9,266,1,11,8,267,1
206,52,11,9,266,1,11,8,267,1
206,53,11,9,266,1,11,8,267,1
206,54,11,11,264,0,11,11,264,0
206,55,11,11,264,0,11,11,264,0
206,56,11,11,264,0,11,11,264,0
206,57,11,11,264,-1,11,12,263,-1
206,58,11,11,264,-1,11,12,263,-1
206,59,11,7,268,8,12,24,276,8
206,60,11,9,266,10,12,24,276,10
206,61,11,9,266,10,12,24,276,10
206,62,11,11,264,5,11,6,269,5
206,63,11,11,264,5,11,6,269,5
206,64,11,9,266,-4,11,13,262,-4
206,65,11,9,266,-4,11,13,262,-4
206,66,11,9,266,-2,11,11,264,-2
206,67,11,9,266,-2,11,11,264,-2
206,68,0,0,0,0,0,0,0,0
206,69,0,0,0,0,0,0,0,0
206,70,11,14,261,-10,11,24,251,-10
206,71,11,14,261,-10,11,24,251,-10
206,72,11,12,263,2,11,10,265,2
206,73,11,12,263,2,11,10,265,2
206,74,11,12,263,2,11,10,265,2
206,75,11,12,263,4,11,8,267,4
206,76,11,12,263,4,11,8,267,4
206,77,11,8,267,-4,11,12,263,-4
206,78,11,8,267,-4,11,12,263,-4
206,79,0,0,0,0,0,0,0,0
206,80,11,7,268,8,12,24,276,8
206,81,11,15,260,-7,11,22,253,-7
206,82,11,15,260,-7,11,22,253,-7
206,83,11,15,260,-7,11,22,253,-7
206,84,11,8,267,9,12,24,276,9
206,85,11,8,267,9,12,24,276,9
206,86,11,12,263,-3,11,15,260,-3
206,87,11,12,263,-3,11,15,260,-3
206,88,11,7,268,8,12,24,276,8
206,89,11,7,268,8,12,24,276,8
206,90,11,12,263,10,11,2,273,10
206,91,11,12,263,10,11,2,273,10
206,92,11,12,263,10,11,2,273,10
206,93,0,0,0,0,0,0,0,0
206,94,11,13,262,-1,11,14,261,-1
206,95,11,13,262,-1,11,14,261,-1
207,0,11,3,272,1,11,2,273,1
207,1,11,3,272,1,11,2,273,1
207,2,11,2,273,-10,11,12,263,-10
207,3,11,2,273,-10,11,12,263,-10
207,4,11,2,273,-10,11,12,263,-10
207,5,11,1,274,-8,11,9,266,-8
207,6,11,1,274,-8,11,9,266,-8
207,7,11,2,273,6,12,21,279,6
207,8,11,2,273,6,12,21,279,6
207,9,11,5,270,-1,11,6,269,-1
207,10,11,5,270,-1,11,6,269,-1
207,11,11,5,270,-1,11,6,269,-1
207,12,11,2,273,6,12,21,279,6
207,13,11,2,273,6,12,21,279,6
207,14,11,4,271,9,12,20,280,9
207,15,11,4,271,9,12,20,280,9
207,16,11,4,271,-9,11,13,262,-9
207,17,11,4,271,-9,11,13,262,-9
207,18,11,8,267,-8,11,16,259,-8
207,19,11,8,267,-8,11,16,259,-8
207,20,11,8,267,-8,11,16,259,-8
207,21,0,0,0,0,0,0,0,0
207,22,11,6,269,-9,11,15,260,-9
207,23,11,6,269,-9,11,15,260,-9
207,24,11,8,267,-10,11,18,257,-10
207,25,11,8,267,-10,11,18,257,-10
207,26,11,8,267,-10,11,18,257,-10
207,27,11,3,272,-6,11,9,266,-6
207,28,11,3,272,-6,11,9,266,-6
207,29,11,3,272,-6,11,9,266,-6
207,30,11,2,273,9,12,18,282,9
207,31,11,2,273,9,12,18,282,9
207,32,11,2,273,9,12,18,282,9
207,33,11,8,267,3,11,5,270,3
207,34,11,8,267,3,11,5,270,3
207,35,0,0,0,0,0,0,0,0
207,36,11,4,271,-2,11,6,269,-2
207,37,12,12,288,0,12,12,288,0
207,38,11,4,271,-4,11,8,267,-4
207,39,11,4,271,-4,11,8,267,-4
207,40,11,4,271,8,12,21,279,8
207,41,11,4,271,8,12,21,279,8
207,42,11,5,270,3,11,2,273,3
207,43,11,5,270,3,11,2,273,3
207,44,0,0,0,0,0,0,0,0
207,45,0,0,0,0,0,0,0,0
207,46,11,8,267,-10,11,18,257,-10
207,47,11,8,267,-10,11,18,257,-10
207,48,11,6,269,9,12,22,278,9
207,49,11,6,269,9,12,22,278,9
207,50,11,6,269,9,12,22,278,9
207,51,11,5,270,1,11,4,271,1
207,52,11,5,270,1,11,4,271,1
207,53,11,5,270,-3,11,8,267,-3
207,54,11,5,270,-3,11,8,267,-3
207,55,11,1,274,5,12,21,279,5
207,56,11,1,274,5,12,21,279,5
207,57,11,9,266,7,11,2,273,7
207,58,11,9,266,7,11,2,273,7
207,59,11,9,266,7,11,2,273,7
207,60,0,0,0,0,0,0,0,0
207,61,0,0,0,0,0,0,0,0
207,62,0,0,0,0,0,0,0,0
207,63,0,0,0,0,0,0,0,0
207,64,0,0,0,0,0,0,0,0
207,65,0,0,0,0,0,0,0,0
207,66,0,0,0,0,0,0,0,0
207,67,0,0,0,0,0,0,0,0
207,68,0,0,0,0,0,0,0,0
207,69,0,0,0,0,0,0,0,0
207,70,0,0,0,0,0,0,0,0
207,71,0,0,0,0,0,0,0,0
207,72,11,5,270,10,12,20,280,10
207,73,11,5,270,10,12,20,280,10
207,74,11,7,268,7,11,0,275,7
207,75,11,7,268,7,11,0,275,7
207,76,11,7,268,7,11,0,275,7
207,77,11,4,271,10,12,19,281,10
207,78,11,4,271,10,12,19,281,10
207,79,11,3,272,5,12,23,277,5
207,80,11,3,272,5,12,23,277,5
207,81,11,6,269,9,12,22,278,9
207,82,11,6,269,9,12,22,278,9
207,83,11,6,269,9,12,22,278,9
207,84,11,6,269,1,11,5,270,1
207,85,11,6,269,1,11,5,270,1
207,86,11,6,269,1,11,5,270,1
207,87,11,5,270,-5,11,10,265,-5
207,88,11,5,270,-5,11,10,265,-5
207,89,11,5,270,-5,11,10,265,-5
207,90,11,6,269,-4,11,10,265,-4
207,91,11,6,269,-4,11,10,265,-4
207,92,11,6,269,-4,11,10,265,-4
207,93,11,7,268,-1,11,8,267,-1
207,94,11,7,268,-1,11,8,267,-1
207,95,0,0,0,0,0,0,0,0
208,0,11,14,261,-3,11,17,258,-3
208,1,11,14,261,-3,11,17,258,-3
208,2,11,14,261,-3,11,17,258,-3
208,3,11,16,259,1,11,15,260,1
208,4,11,16,259,1,11,15,260,1
208,5,11,13,262,-4,11,17,258,-4
208,6,11,13,262,-4,11,17,258,-4
208,7,11,13,262,-4,11,17,258,-4
208,8,0,0,0,0,0,0,0,0
208,9,0,0,0,0,0,0,0,0
208,10,0,0,0,0,0,0,0,0
208,11,0,0,0,0,0,0,0,0
208,12,0,0,0,0,0,0,0,0
208,13,11,13,262,-10,11,23,252,-10
208,14,11,13,262,-10,11,23,252,-10
208,15,11,13,262,-10,11,23,252,-10
208,16,11,12,263,-1,11,13,262,-1
208,17,11,12,263,-1,11,13,262,-1
208,18,0,0,0,0,0,0,0,0
208,19,11,9,266,-3,11,12,263,-3
208,20,11,15,260,1,11,14,261,1
208,21,11,15,260,1,11,14,261,1
208,22,11,12,263,-2,11,14,261,-2
208,23,11,12,263,-2,11,14,261,-2
208,24,11,12,263,5,11,7,268,5
208,25,11,12,263,5,11,7,268,5
208,26,11,12,263,5,11,7,268,5
208,27,11,15,260,9,11,6,269,9
208,28,11,15,260,9,11,6,269,9
208,29,11,12,263,-4,11,16,259,-4
208,30,11,12,263,-4,11,16,259,-4
208,31,11,12,263,-4,11,16,259,-4
208,32,11,14,261,2,11,12,263,2
208,33,11,14,261,2,11,12,263,2
208,34,11,16,259,2,11,14,261,2
208,35,11,16,259,2,11,14,261,2
208,36,11,13,262,7,11,6,269,7
208,37,11,13,262,7,11,6,269,7
208,38,11,13,262,7,11,6,269,7
208,39,11,10,265,5,11,5,270,5
208,40,11,10,265,5,11,5,270,5
208,41,11,14,261,-9,11,23,252,-9
208,42,11,14,261,-9,11,23,252,-9
208,43,11,14,261,-9,11,23,252,-9
208,44,11,17,258,3,11,14,261,3
208,45,11,17,258,3,11,14,261,3
208,46,11,17,258,3,11,14,261,3
208,47,0,0,0,0,0,0,0,0
208,48,0,0,0,0,0,0,0,0
208,49,0,0,0,0,0,0,0,0
208,50,0,0,0,0,0,0,0,0
208,51,11,15,260,6,11,9,266,6
208,52,11,15,260,6,11,9,266,6
208,53,11,11,264,-1,11,12,263,-1
208,54,11,11,264,-1,11,12,263,-1
208,55,11,14,261,2,11,12,263,2
208,56,11,14,261,2,11,12,263,2
208,57,11,13,262,-3,11,16,259,-3
208,58,11,13,262,-3,11,16,259,-3
208,59,0,0,0,0,0,0,0,0
208,60,11,16,259,-8,11,24,251,-8
208,61,11,16,259,-8,11,24,251,-8
208,62,11,16,259,-8,11,24,251,-8
208,63,11,16,259,4,11,12,263,4
208,64,11,16,259,4,11,12,263,4
208,65,11,15,260,-9,11,24,251,-9
208,66,11,15,260,-9,11,24,251,-9
208,67,11,15,260,-9,11,24,251,-9
208,68,0,0,0,0,0,0,0,0
208,69,0,0,0,0,0,0,0,0
208,70,0,0,0,0,0,0,0,0
208,71,0,0,0,0,0,0,0,0
208,72,11,10,265,7,11,3,272,7
208,73,11,10,265,7,11,3,272,7
208,74,11,13,262,-7,11,20,255,-7
208,75,11,13,262,-7,11,20,255,-7
208,76,11,14,261,0,11,14,261,0
208,77,11,14,261,0,11,14,261,0
208,78,11,14,261,6,11,8,267,6
208,79,11,14,261,6,11,8,267,6
208,80,11,17,258,8,11,9,266,8
208,81,11,17,258,8,11,9,266,8
208,82,11,17,258,8,11,9,266,8
208,83,0,0,0,0,0,0,0,0
208,84,11,12,263,-6,11,18,257,-6
208,85,11,12,263,-6,11,18,257,-6
208,86,11,12,263,-6,11,18,257,-6
208,87,11,17,258,9,11,8,267,9
208,88,11,17,258,9,11,8,267,9
208,89,11,15,260,0,11,15,260,0
208,90,11,15,260,0,11,15,260,0
208,91,11,15,260,0,11,15,260,0
208,92,11,16,259,-8,11,24,251,-8
208,93,11,16,259,-8,11,24,251,-8
208,94,11,15,260,2,11,13,262,2
208,95,11,15,260,2,11,13,262,2
209,0,11,9,266,2,11,7,268,2
209,1,11,9,266,2,11,7,268,2
209,2,11,9,266,2,11,7,268,2
209,3,11,6,269,-6,11,12,263,-6
209,4,11,6,269,-6,11,12,263,-6
209,5,11,13,262,8,11,5,270,8
209,6,11,13,262,8,11,5,270,8
209,7,11,13,262,8,11,5,270,8
209,8,11,12,263,-1,11,13,262,-1
209,9,11,12,263,-1,11,13,262,-1
209,10,11,12,263,-1,11,13,262,-1
209,11,0,0,0,0,0,0,0,0
209,12,0,0,0,0,0,0,0,0
209,13,0,0,0,0,0,0,0,0
209,14,0,0,0,0,0,0,0,0
209,15,0,0,0,0,0,0,0,0
209,16,0,0,0,0,0,0,0,0
209,17,0,0,0,0,0,0,0,0
209,18,0,0,0,0,0,0,0,0
209,19,0,0,0,0,0,0,0,0
209,20,0,0,0,0,0,0,0,0
209,21,0,0,0,0,0,0,0,0
209,22,0,0,0,0,0,0,0,0
209,23,0,0,0,0,0,0,0,0
209,24,0,0,0,0,0,0,0,0
209,25,0,0,0,0,0,0,0,0
209,26,0,0,0,0,0,0,0,0
209,27,11,12,263,-9,11,21,254,-9
209,28,11,12,263,-9,11,21,254,-9
209,29,11,9,266,6,11,3,272,6
209,30,11,9,266,6,11,3,272,6
209,31,11,11,264,-1,11,12,263,-1
209,32,11,11,264,-1,11,12,263,-1
209,33,11,11,264,-9,11,20,255,-9
209,34,11,11,264,-9,11,20,255,-9
209,35,0,0,0,0,0,0,0,0
209,36,11,14,261,7,11,7,268,7
209,37,11,14,261,7,11,7,268,7
209,38,11,14,261,7,11,7,268,7
209,39,11,10,265,-7,11,17,258,-7
209,40,11,10,265,-7,11,17,258,-7
209,41,11,14,261,-10,11,24,251,-10
209,42,11,14,261,-10,11,24,251,-10
209,43,11,14,261,-10,11,24,251,-10
209,44,0,0,0,0,0,0,0,0
209,45,0,0,0,0,0,0,0,0
209,46,0,0,0,0,0,0,0,0
209,47,0,0,0,0,0,0,0,0
209,48,11,9,266,4,11,5,270,4
209,49,11,9,266,4,11,5,270,4
209,50,11,9,266,7,11,2,273,7
209,51,11,9,266,7,11,2,273,7
209,52,11,10,265,6,11,4,271,6
209,53,11,10,265,6,11,4,271,6
209,54,11,10,265,5,11,5,270,5
209,55,11,10,265,5,11,5,270,5
209,56,11,16,259,5,11,11,264,5
209,57,11,16,259,5,11,11,264,5
209,58,11,16,259,5,11,11,264,5
209,59,0,0,0,0,0,0,0,0
209,60,11,8,267,9,12,24,276,9
209,61,11,8,267,9,12,24,276,9
209,62,11,8,267,9,12,24,276,9
209,63,11,12,263,-9,11,21,254,-9
209,64,11,12,263,-9,11,21,254,-9
209,65,11,12,263,-7,11,19,256,-7
209,66,11,12,263,-7,11,19,256,-7
209,67,11,12,263,-7,11,19,256,-7
209,68,11,14,261,-9,11,23,252,-9
209,69,11,14,261,-9,11,23,252,-9
209,70,11,14,261,8,11,6,269,8
209,71,11,14,261,8,11,6,269,8
209,72,11,11,264,5,11,6,269,5
209,73,11,11,264,5,11,6,269,5
209,74,11,11,264,5,11,6,269,5
209,75,11,6,269,-7,11,13,262,-7
209,76,11,6,269,-7,11,13,262,-7
209,77,11,14,261,-2,11,16,259,-2
209,78,11,14,261,-2,11,16,259,-2
209,79,11,14,261,-2,11,16,259,-2
209,80,11,13,262,-6,11,19,256,-6
209,81,11,13,262,-6,11,19,256,-6
209,82,11,13,262,-6,11,19,256,-6
209,83,0,0,0,0,0,0,0,0
209,84,0,0,0,0,0,0,0,0
209,85,0,0,0,0,0,0,0,0
209,86,11,9,266,-3,11,12,263,-3
209,87,11,13,262,-3,11,16,259,-3
209,88,11,13,262,-3,11,16,259,-3
209,89,11,8,267,2,11,6,269,2
209,90,11,8,267,2,11,6,269,2
209,91,11,13,262,-10,11,23,252,-10
209,92,11,13,262,-10,11,23,252,-10
209,93,11,9,266,2,11,7,268,2
209,94,11,9,266,2,11,7,268,2
209,95,0,0,0,0,0,0,0,0
210,0,11,5,270,-4,11,9,266,-4
210,1,12,11,289,0,12,11,289,0
210,2,11,6,269,-5,11,11,264,-5
210,3,11,6,269,-5,11,11,264,-5
210,4,11,6,269,9,12,22,278,9
210,5,11,6,269,9,12,22,278,9
210,6,11,8,267,7,11,1,274,7
210,7,11,8,267,7,11,1,274,7
210,8,0,0,0,0,0,0,0,0
210,9,0,0,0,0,0,0,0,0
210,10,11,11,264,9,11,2,273,9
210,11,11,11,264,9,11,2,273,9
210,12,11,8,267,1,11,7,268,1
210,13,11,8,267,1,11,7,268,1
210,14,11,8,267,1,11,7,268,1
210,15,11,10,265,-8,11,18,257,-8
210,16,11,10,265,-8,11,18,257,-8
210,17,11,6,269,0,11,6,269,0
210,18,11,6,269,0,11,6,269,0
210,19,11,7,268,5,11,2,273,5
210,20,11,7,268,5,11,2,273,5
210,21,11,12,263,5,11,7,268,5
210,22,11,12,263,5,11,7,268,5
210,23,11,12,263,5,11,7,268,5
210,24,11,6,269,5,11,1,274,5
210,25,11,6,269,5,11,1,274,5
210,26,11,10,265,7,11,3,272,7
210,27,11,10,265,7,11,3,272,7
210,28,11,9,266,-1,11,10,265,-1
210,29,11,9,266,-1,11,10,265,-1
210,30,11,9,266,-2,11,11,264,-2
210,31,11,9,266,-2,11,11,264,-2
210,32,11,9,266,-2,11,11,264,-2
210,33,0,0,0,0,0,0,0,0
210,34,11,14,261,-10,11,24,251,-10
210,35,11,14,261,-10,11,24,251,-10
210,36,11,10,265,0,11,10,265,0
210,37,12,10,290,0,12,10,290,0
210,38,11,8,267,-5,11,13,262,-5
210,39,11,8,267,-5,11,13,262,-5
210,40,11,8,267,-5,11,13,262,-5
210,41,11,9,266,1,11,8,267,1
210,42,11,9,266,1,11,8,267,1
210,43,11,5,270,-9,11,14,261,-9
210,44,11,5,270,-9,11,14,261,-9
210,45,11,5,270,-6,11,11,264,-6
210,46,11,5,270,-6,11,11,264,-6
210,47,11,5,270,-6,11,11,264,-6
210,48,11,10,265,-9,11,19,256,-9
210,49,11,10,265,-9,11,19,256,-9
210,50,11,10,265,-9,11,19,256,-9
210,51,11,7,268,9,12,23,277,9
210,52,11,7,268,9,12,23,277,9
210,53,11,7,268,9,12,23,277,9
210,54,11,8,267,3,11,5,270,3
210,55,11,8,267,3,11,5,270,3
210,56,11,8,267,3,11,5,270,3
210,57,11,13,262,-9,11,22,253,-9
210,58,11,13,262,-9,11,22,253,-9
210,59,0,0,0,0,0,0,0,0
210,60,11,7,268,-3,11,10,265,-3
210,61,11,7,268,-3,11,10,265,-3
210,62,11,10,265,-4,11,14,261,-4
210,63,11,10,265,-4,11,14,261,-4
210,64,11,8,267,-6,11,14,261,-6
210,65,11,8,267,-6,11,14,261,-6
210,66,11,12,263,-8,11,20,255,-8
210,67,11,12,263,-8,11,20,255,-8
210,68,0,0,0,0,0,0,0,0
210,69,0,0,0,0,0,0,0,0
210,70,11,10,265,-10,11,20,255,-10
210,71,11,10,265,-10,11,20,255,-10
210,72,11,11,264,9,11,2,273,9
210,73,11,11,264,9,11,2,273,9
210,74,11,11,264,9,11,2,273,9
210,75,11,9,266,7,11,2,273,7
210,76,11,9,266,7,11,2,273,7
210,77,11,6,269,1,11,5,270,1
210,78,11,6,269,1,11,5,270,1
210,79,11,6,269,9,12,22,278,9
210,80,11,6,269,9,12,22,278,9
210,81,11,14,261,1,11,13,262,1
210,82,11,14,261,1,11,13,262,1
210,83,11,14,261,1,11,13,262,1
210,84,11,10,265,4,11,6,269,4
210,85,11,10,265,4,11,6,269,4
210,86,11,9,266,4,11,5,270,4
210,87,11,9,266,4,11,5,270,4
210,88,11,8,267,-4,11,12,263,-4
210,89,11,8,267,-4,11,12,263,-4
210,90,11,12,263,7,11,5,270,7
210,91,11,12,263,7,11,5,270,7
210,92,11,12,263,7,11,5,270,7
210,93,0,0,0,0,0,0,0,0
210,94,11,13,262,-3,11,16,259,-3
210,95,11,13,262,-3,11,16,259,-3
211,0,11,10,265,4,11,6,269,4
211,1,11,10,265,4,11,6,269,4
211,2,11,7,268,8,12,24,276,8
211,3,11,7,268,8,12,24,276,8
211,4,11,7,268,8,12,24,276,8
211,5,11,7,268,4,11,3,272,4
211,6,11,7,268,4,11,3,272,4
211,7,11,7,268,9,12,23,277,9
211,8,11,7,268,9,12,23,277,9
211,9,11,12,263,-5,11,17,258,-5
211,10,11,12,263,-5,11,17,258,-5
211,11,11,12,263,-5,11,17,258,-5
211,12,0,0,0,0,0,0,0,0
211,13,0,0,0,0,0,0,0,0
211,14,0,0,0,0,0,0,0,0
211,15,0,0,0,0,0,0,0,0
211,16,0,0,0,0,0,0,0,0
211,17,0,0,0,0,0,0,0,0
211,18,0,0,0,0,0,0,0,0
211,19,0,0,0,0,0,0,0,0
211,20,0,0,0,0,0,0,0,0
211,21,0,0,0,0,0,0,0,0
211,22,0,0,0,0,0,0,0,0
211,23,0,0,0,0,0,0,0,0
211,24,11,12,263,4,11,8,267,4
211,25,11,12,263,4,11,8,267,4
211,26,11,12,263,4,11,8,267,4
211,27,11,12,263,2,11,10,265,2
211,28,11,12,263,2,11,10,265,2
211,29,11,12,263,2,11,10,265,2
211,30,11,10,265,0,11,10,265,0
211,31,11,10,265,0,11,10,265,0
211,32,11,10,265,0,11,10,265,0
211,33,11,12,263,-6,11,18,257,-6
211,34,11,12,263,-6,11,18,257,-6
211,35,0,0,0,0,0,0,0,0
211,36,11,6,269,1,11,5,270,1
211,37,11,6,269,1,11,5,270,1
211,38,11,12,263,-10,11,22,253,-10
211,39,11,12,263,-10,11,22,253,-10
211,40,11,6,269,1,11,5,270,1
211,41,11,6,269,1,11,5,270,1
211,42,11,10,265,-2,11,12,263,-2
211,43,11,10,265,-2,11,12,263,-2
211,44,0,0,0,0,0,0,0,0
211,45,0,0,0,0,0,0,0,0
211,46,11,14,261,1,11,13,262,1
211,47,11,14,261,1,11,13,262,1
211,48,11,12,263,-5,11,17,258,-5
211,49,11,12,263,-5,11,17,258,-5
211,50,11,12,263,-5,11,17,258,-5
211,51,11,13,262,9,11,4,271,9
211,52,0,0,0,0,0,0,0,0
211,53,11,7,268,-3,11,10,265,-3
211,54,11,7,268,-3,11,10,265,-3
211,55,11,7,268,-2,11,9,266,-2
211,56,11,7,268,-2,11,9,266,-2
211,57,11,15,260,-5,11,20,255,-5
211,58,11,15,260,-5,11,20,255,-5
211,59,11,15,260,-5,11,20,255,-5
211,60,11,10,265,-3,11,13,262,-3
211,61,11,10,265,-3,11,13,262,-3
211,62,11,11,264,-10,11,21,254,-10
211,63,11,11,264,-10,11,21,254,-10
211,64,11,7,268,-8,11,15,260,-8
211,65,11,7,268,-8,11,15,260,-8
211,66,11,13,262,-3,11,16,259,-3
211,67,11,13,262,-3,11,16,259,-3
211,68,11,13,262,-3,11,16,259,-3
211,69,0,0,0,0,0,0,0,0
211,70,11,14,261,7,11,7,268,7
211,71,11,14,261,7,11,7,268,7
211,72,11,10,265,-1,11,11,264,-1
211,73,11,10,265,-1,11,11,264,-1
211,74,11,11,264,-8,11,19,256,-8
211,75,11,11,264,-8,11,19,256,-8
211,76,11,11,264,-8,11,19,256,-8
211,77,11,8,267,3,11,5,270,3
211,78,11,8,267,3,11,5,270,3
211,79,11,7,268,-3,11,10,265,-3
211,80,11,7,268,-3,11,10,265,-3
211,81,11,13,262,-2,11,15,260,-2
211,82,11,13,262,-2,11,15,260,-2
211,83,11,13,262,-2,11,15,260,-2
211,84,11,15,260,-9,11,24,251,-9
211,85,11,15,260,-9,11,24,251,-9
211,86,11,15,260,-9,11,24,251,-9
211,87,11,11,264,-10,11,21,254,-10
211,88,11,11,264,-10,11,21,254,-10
211,89,11,11,264,-10,11,21,254,-10
211,90,11,11,264,1,11,10,265,1
211,91,11,11,264,1,11,10,265,1
211,92,11,11,264,1,11,10,265,1
211,93,11,14,261,4,11,10,265,4
211,94,11,14,261,4,11,10,265,4
211,95,0,0,0,0,0,0,0,0
212,0,11,4,271,-6,11,10,265,-6
212,1,11,4,271,-6,11,10,265,-6
212,2,11,4,271,-6,11,10,265,-6
212,3,11,3,272,-10,11,13,262,-10
212,4,11,3,272,-10,11,13,262,-10
212,5,11,11,264,-6,11,17,258,-6
212,6,11,11,264,-6,11,17,258,-6
212,7,11,11,264,-6,11,17,258,-6
212,8,11,12,263,9,11,3,272,9
212,9,11,12,263,9,11,3,272,9
212,10,11,12,263,9,11,3,272,9
212,11,0,0,0,0,0,0,0,0
212,12,0,0,0,0,0,0,0,0
212,13,0,0,0,0,0,0,0,0
212,14,0,0,0,0,0,0,0,0
212,15,0,0,0,0,0,0,0,0
212,16,0,0,0,0,0,0,0,0
212,17,0,0,0,0,0,0,0,0
212,18,0,0,0,0,0,0,0,0
212,19,0,0,0,0,0,0,0,0
212,20,0,0,0,0,0,0,0,0
212,21,0,0,0,0,0,0,0,0
212,22,0,0,0,0,0,0,0,0
212,23,0,0,0,0,0,0,0,0
212,24,0,0,0,0,0,0,0,0
212,25,0,0,0,0,0,0,0,0
212,26,0,0,0,0,0,0,0,0
212,27,11,9,266,3,11,6,269,3
212,28,11,9,266,3,11,6,269,3
212,29,11,8,267,-6,11,14,261,-6
212,30,11,8,267,-6,11,14,261,-6
212,31,11,8,267,-4,11,12,263,-4
212,32,11,8,267,-4,11,12,263,-4
212,33,11,10,265,6,11,4,271,6
212,34,11,10,265,6,11,4,271,6
212,35,0,0,0,0,0,0,0,0
212,36,11,13,262,-2,11,15,260,-2
212,37,11,13,262,-2,11,15,260,-2
212,38,11,13,262,-2,11,15,260,-2
212,39,11,9,266,-7,11,16,259,-7
212,40,11,9,266,-7,11,16,259,-7
212,41,11,8,267,-2,11,10,265,-2
212,42,11,8,267,-2,11,10,265,-2
212,43,11,8,267,-2,11,10,265,-2
212,44,0,0,0,0,0,0,0,0
212,45,0,0,0,0,0,0,0,0
212,46,0,0,0,0,0,0,0,0
212,47,0,0,0,0,0,0,0,0
212,48,11,6,269,-9,11,15,260,-9
212,49,11,6,269,-9,11,15,260,-9
212,50,11,7,268,7,11,0,275,7
212,51,11,7,268,7,11,0,275,7
212,52,11,8,267,-5,11,13,262,-5
212,53,11,8,267,-5,11,13,262,-5
212,54,11,5,270,-5,11,10,265,-5
212,55,11,5,270,-5,11,10,265,-5
212,56,11,13,262,-5,11,18,257,-5
212,57,11,13,262,-5,11,18,257,-5
212,58,11,13,262,-5,11,18,257,-5
212,59,0,0,0,0,0,0,0,0
212,60,11,7,268,-4,11,11,264,-4
212,61,11,7,268,-4,11,11,264,-4
212,62,11,7,268,-4,11,11,264,-4
212,63,11,9,266,-8,11,17,258,-8
212,64,11,9,266,-8,11,17,258,-8
212,65,11,12,263,-2,11,14,261,-2
212,66,11,12,263,-2,11,14,261,-2
212,67,11,12,263,-2,11,14,261,-2
212,68,11,9,266,8,11,1,274,8
212,69,11,9,266,8,11,1,274,8
212,70,11,10,265,-4,11,14,261,-4
212,71,11,10,265,-4,11,14,261,-4
212,72,11,8,267,-5,11,13,262,-5
212,73,11,8,267,-5,11,13,262,-5
212,74,11,8,267,-5,11,13,262,-5
212,75,11,6,269,2,11,4,271,2
212,76,11,6,269,2,11,4,271,2
212,77,11,11,264,-8,11,19,256,-8
212,78,11,11,264,-8,11,19,256,-8
212,79,11,11,264,-8,11,19,256,-8
212,80,11,10,265,1,11,9,266,1
212,81,11,10,265,1,11,9,266,1
212,82,11,10,265,1,11,9,266,1
212,83,0,0,0,0,0,0,0,0
212,84,0,0,0,0,0,0,0,0
212,85,0,0,0,0,0,0,0,0
212,86,0,0,0,0,0,0,0,0
212,87,11,12,263,-8,11,20,255,-8
212,88,11,12,263,-8,11,20,255,-8
212,89,11,8,267,1,11,7,268,1
212,90,11,8,267,1,11,7,268,1
212,91,11,10,265,-2,11,12,263,-2
212,92,11,10,265,-2,11,12,263,-2
212,93,11,10,265,-6,11,16,259,-6
212,94,11,10,265,-6,11,16,259,-6
212,95,0,0,0,0,0,0,0,0
213,0,11,10,265,-2,11,12,263,-2
213,1,11,11,264,-4,11,15,260,-4
213,2,11,11,264,-4,11,15,260,-4
213,3,11,11,264,5,11,6,269,5
213,4,11,11,264,5,11,6,269,5
213,5,11,11,264,-4,11,15,260,-4
213,6,11,10,265,-2,11,12,263,-2
213,7,11,10,265,-2,11,12,263,-2
213,8,0,0,0,0,0,0,0,0
213,9,0,0,0,0,0,0,0,0
213,10,0,0,0,0,0,0,0,0
213,11,0,0,0,0,0,0,0,0
213,12,11,11,264,-4,11,15,260,-4
213,13,11,11,264,-4,11,15,260,-4
213,14,11,12,263,3,11,9,266,3
213,15,11,12,263,3,11,9,266,3
213,16,11,7,268,6,11,1,274,6
213,17,11,7,268,6,11,1,274,6
213,18,11,9,266,0,11,9,266,0
213,19,11,9,266,0,11,9,266,0
213,20,11,12,263,-8,11,20,255,-8
213,21,11,12,263,-8,11,20,255,-8
213,22,11,12,263,-8,11,20,255,-8
213,23,0,0,0,0,0,0,0,0
213,24,11,8,267,10,12,23,277,10
213,25,11,8,267,10,12,23,277,10
213,26,11,8,267,10,12,23,277,10
213,27,11,11,264,-7,11,18,257,-7
213,28,11,11,264,-7,11,18,257,-7
213,29,11,10,265,9,11,1,274,9
213,30,11,10,265,9,11,1,274,9
213,31,11,10,265,9,11,1,274,9
213,32,11,12,263,7,11,5,270,7
213,33,11,12,263,7,11,5,270,7
213,34,11,13,262,-6,11,19,256,-6
213,35,11,13,262,-6,11,19,256,-6
213,36,11,11,264,4,11,7,268,4
213,37,11,11,264,4,11,7,268,4
213,38,11,11,264,4,11,7,268,4
213,39,11,10,265,-1,11,11,264,-1
213,40,11,10,265,-1,11,11,264,-1
213,41,11,12,263,-7,11,19,256,-7
213,42,11,12,263,-7,11,19,256,-7
213,43,11,12,263,-7,11,19,256,-7
213,44,11,12,263,-9,11,21,254,-9
213,45,11,12,263,-9,11,21,254,-9
213,46,11,12,263,-9,11,21,254,-9
213,47,0,0,0,0,0,0,0,0
213,48,0,0,0,0,0,0,0,0
213,49,0,0,0,0,0,0,0,0
213,50,0,0,0,0,0,0,0,0
213,51,11,13,262,-2,11,15,260,-2
213,52,11,13,262,-2,11,15,260,-2
213,53,11,8,267,-6,11,14,261,-6
213,54,11,8,267,-6,11,14,261,-6
213,55,11,10,265,5,11,5,270,5
213,56,11,10,265,5,11,5,270,5
213,57,11,12,263,6,11,6,269,6
213,58,11,12,263,6,11,6,269,6
213,59,0,0,0,0,0,0,0,0
213,60,11,12,263,-3,11,15,260,-3
213,61,11,12,263,-3,11,15,260,-3
213,62,11,12,263,-3,11,15,260,-3
213,63,11,11,264,5,11,6,269,5
213,64,11,11,264,5,11,6,269,5
213,65,0,0,0,0,0,0,0,0
213,66,11,13,262,10,11,3,272,10
213,67,11,13,262,10,11,3,272,10
213,68,11,13,262,10,11,3,272,10
213,69,0,0,0,0,0,0,0,0
213,70,0,0,0,0,0,0,0,0
213,71,0,0,0,0,0,0,0,0
213,72,11,12,263,-8,11,20,255,-8
213,73,11,12,263,-8,11,20,255,-8
213,74,11,11,264,5,11,6,269,5
213,75,11,11,264,5,11,6,269,5
213,76,11,8,267,3,11,5,270,3
213,77,11,8,267,3,11,5,270,3
213,78,11,10,265,9,11,1,274,9
213,79,11,10,265,9,11,1,274,9
213,80,11,14,261,2,11,12,263,2
213,81,11,14,261,2,11,12,263,2
213,82,11,14,261,2,11,12,263,2
213,83,0,0,0,0,0,0,0,0
213,84,11,11,264,4,11,7,268,4
213,85,11,11,264,4,11,7,268,4
213,86,11,11,264,4,11,7,268,4
213,87,11,11,264,10,11,1,274,10
213,88,11,11,264,10,11,1,274,10
213,89,11,13,262,0,11,13,262,0
213,90,11,13,262,0,11,13,262,0
213,91,11,13,262,0,11,13,262,0
213,92,11,15,260,-10,10,0,250,-10
213,93,11,15,260,-10,10,0,250,-10
213,94,11,16,259,4,11,12,263,4
213,95,11,16,259,4,11,12,263,4
214,0,10,12,238,-9,10,21,229,-9
214,1,10,12,238,-9,10,21,229,-9
214,2,10,12,238,-9,10,21,229,-9
214,3,10,14,236,5,10,9,241,5
214,4,10,14,236,5,10,9,241,5
214,5,10,13,237,-8,10,21,229,-8
214,6,10,13,237,-8,10,21,229,-8
214,7,10,13,237,-8,10,21,229,-8
214,8,0,0,0,0,0,0,0,0
214,9,0,0,0,0,0,0,0,0
214,10,0,0,0,0,0,0,0,0
214,11,0,0,0,0,0,0,0,0
214,12,10,12,238,10,10,2,248,10
214,13,10,12,238,10,10,2,248,10
214,14,10,15,235,-3,10,18,232,-3
214,15,10,15,235,-3,10,18,232,-3
214,16,10,7,243,-8,10,15,235,-8
214,17,10,7,243,-8,10,15,235,-8
214,18,10,12,238,3,10,9,241,3
214,19,10,12,238,3,10,9,241,3
214,20,10,15,235,3,10,12,238,3
214,21,10,15,235,3,10,12,238,3
214,22,10,15,235,3,10,12,238,3
214,23,0,0,0,0,0,0,0,0
214,24,10,12,238,-8,10,20,230,-8
214,25,10,12,238,-8,10,20,230,-8
214,26,10,12,238,-8,10,20,230,-8
214,27,10,14,236,5,10,9,241,5
214,28,10,14,236,5,10,9,241,5
214,29,10,14,236,9,10,5,245,9
214,30,10,14,236,9,10,5,245,9
214,31,10,14,236,9,10,5,245,9
214,32,10,16,234,-5,10,21,229,-5
214,33,10,16,234,-5,10,21,229,-5
214,34,10,16,234,-9,9,0,225,-9
214,35,10,16,234,-9,9,0,225,-9
214,36,10,12,238,-10,10,22,228,-10
214,37,10,12,238,-10,10,22,228,-10
214,38,10,12,238,-10,10,22,228,-10
214,39,10,10,240,-7,10,17,233,-7
214,40,10,10,240,-7,10,17,233,-7
214,41,10,16,234,3,10,13,237,3
214,42,10,16,234,3,10,13,237,3
214,43,10,16,234,3,10,13,237,3
214,44,10,15,235,-6,10,21,229,-6
214,45,10,15,235,-6,10,21,229,-6
214,46,10,15,235,-6,10,21,229,-6
214,47,0,0,0,0,0,0,0,0
214,48,0,0,0,0,0,0,0,0
214,49,0,0,0,0,0,0,0,0
214,50,10,13,237,-4,10,17,233,-4
214,51,10,14,236,-10,10,24,226,-10
214,52,10,14,236,-10,10,24,226,-10
214,53,10,11,239,-1,10,12,238,-1
214,54,10,11,239,-1,10,12,238,-1
214,55,10,10,240,-2,10,12,238,-2
214,56,10,10,240,-2,10,12,238,-2
214,57,10,14,236,8,10,6,244,8
214,58,10,14,236,8,10,6,244,8
214,59,0,0,0,0,0,0,0,0
214,60,10,16,234,-5,10,21,229,-5
214,61,10,16,234,-5,10,21,229,-5
214,62,10,16,234,-5,10,21,229,-5
214,63,10,13,237,2,10,11,239,2
214,64,10,13,237,2,10,11,239,2
214,65,10,14,236,-3,10,17,233,-3
214,66,10,14,236,-3,10,17,233,-3
214,67,10,14,236,-3,10,17,233,-3
214,68,0,0,0,0,0,0,0,0
214,69,0,0,0,0,0,0,0,0
214,70,0,0,0,0,0,0,0,0
214,71,0,0,0,0,0,0,0,0
214,72,10,13,237,-9,10,22,228,-9
214,73,10,13,237,-9,10,22,228,-9
214,74,10,12,238,-7,10,19,231,-7
214,75,10,12,238,-7,10,19,231,-7
214,76,10,10,240,5,10,5,245,5
214,77,10,10,240,5,10,5,245,5
214,78,10,13,237,7,10,6,244,7
214,79,10,13,237,7,10,6,244,7
214,80,10,16,234,-7,10,23,227,-7
214,81,10,16,234,-7,10,23,227,-7
214,82,10,16,234,-7,10,23,227,-7
214,83,0,0,0,0,0,0,0,0
214,84,0,0,0,0,0,0,0,0
214,85,10,13,237,-4,10,17,233,-4
214,86,10,13,237,-4,10,17,233,-4
214,87,10,14,236,-5,10,19,231,-5
214,88,10,14,236,-5,10,19,231,-5
214,89,10,15,235,0,10,15,235,0
214,90,10,15,235,0,10,15,235,0
214,91,10,15,235,0,10,15,235,0
214,92,10,16,234,5,10,11,239,5
214,93,10,16,234,5,10,11,239,5
214,94,10,16,234,-1,10,17,233,-1
214,95,10,16,234,-1,10,17,233,-1
215,0,10,9,241,-5,10,14,236,-5
215,1,10,9,241,-5,10,14,236,-5
215,2,10,9,241,-5,10,14,236,-5
215,3,10,7,243,1,10,6,244,1
215,4,10,7,243,1,10,6,244,1
215,5,10,14,236,-6,10,20,230,-6
215,6,10,14,236,-6,10,20,230,-6
215,7,10,14,236,-6,10,20,230,-6
215,8,10,14,236,-7,10,21,229,-7
215,9,10,14,236,-7,10,21,229,-7
215,10,10,14,236,-7,10,21,229,-7
215,11,0,0,0,0,0,0,0,0
215,12,0,0,0,0,0,0,0,0
215,13,0,0,0,0,0,0,0,0
215,14,0,0,0,0,0,0,0,0
215,15,0,0,0,0,0,0,0,0
215,16,0,0,0,0,0,0,0,0
215,17,0,0,0,0,0,0,0,0
215,18,0,0,0,0,0,0,0,0
215,19,0,0,0,0,0,0,0,0
215,20,0,0,0,0,0,0,0,0
215,21,0,0,0,0,0,0,0,0
215,22,0,0,0,0,0,0,0,0
215,23,0,0,0,0,0,0,0,0
215,24,0,0,0,0,0,0,0,0
215,25,0,0,0,0,0,0,0,0
215,26,0,0,0,0,0,0,0,0
215,27,10,12,238,9,10,3,247,9
215,28,10,12,238,9,10,3,247,9
215,29,10,9,241,-3,10,12,238,-3
215,30,10,9,241,-3,10,12,238,-3
215,31,10,8,242,10,11,23,252,10
215,32,10,8,242,10,11,23,252,10
215,33,10,12,238,-1,10,13,237,-1
215,34,10,12,238,-1,10,13,237,-1
215,35,0,0,0,0,0,0,0,0
215,36,10,15,235,6,10,9,241,6
215,37,10,15,235,6,10,9,241,6
215,38,10,15,235,6,10,9,241,6
215,39,10,10,240,-7,10,17,233,-7
215,40,10,10,240,-7,10,17,233,-7
215,41,10,12,238,-4,10,16,234,-4
215,42,10,12,238,-4,10,16,234,-4
215,43,10,12,238,-4,10,16,234,-4
215,44,0,0,0,0,0,0,0,0
215,45,0,0,0,0,0,0,0,0
215,46,0,0,0,0,0,0,0,0
215,47,0,0,0,0,0,0,0,0
215,48,10,9,241,10,11,24,251,10
215,49,10,9,241,10,11,24,251,10
215,50,10,12,238,1,10,11,239,1
215,51,10,12,238,1,10,11,239,1
215,52,10,9,241,-5,10,14,236,-5
215,53,10,9,241,-5,10,14,236,-5
215,54,10,7,243,-1,10,8,242,-1
215,55,10,7,243,-1,10,8,242,-1
215,56,10,14,236,6,10,8,242,6
215,57,10,14,236,6,10,8,242,6
215,58,10,14,236,6,10,8,242,6
215,59,0,0,0,0,0,0,0,0
215,60,10,10,240,5,10,5,245,5
215,61,10,10,240,5,10,5,245,5
215,62,10,10,240,5,10,5,245,5
215,63,10,13,237,3,10,10,240,3
215,64,10,13,237,3,10,10,240,3
215,65,10,14,236,-8,10,22,228,-8
215,66,10,14,236,-8,10,22,228,-8
215,67,10,14,236,-8,10,22,228,-8
215,68,10,14,236,3,10,11,239,3
215,69,10,14,236,3,10,11,239,3
215,70,10,13,237,-1,10,14,236,-1
215,71,10,13,237,-1,10,14,236,-1
215,72,10,11,239,10,10,1,249,10
215,73,10,11,239,10,10,1,249,10
215,74,10,11,239,10,10,1,249,10
215,75,10,7,243,2,10,5,245,2
215,76,10,7,243,2,10,5,245,2
215,77,10,15,235,-4,10,19,231,-4
215,78,10,15,235,-4,10,19,231,-4
215,79,10,15,235,-4,10,19,231,-4
215,80,10,14,236,-7,10,21,229,-7
215,81,10,14,236,-7,10,21,229,-7
215,82,10,14,236,-7,10,21,229,-7
215,83,0,0,0,0,0,0,0,0
215,84,0,0,0,0,0,0,0,0
215,85,0,0,0,0,0,0,0,0
215,86,0,0,0,0,0,0,0,0
215,87,10,13,237,6,10,7,243,6
215,88,10,13,237,6,10,7,243,6
215,89,10,8,242,6,10,2,248,6
215,90,10,8,242,6,10,2,248,6
215,91,10,13,237,6,10,7,243,6
215,92,10,13,237,6,10,7,243,6
215,93,10,13,237,-1,10,14,236,-1
215,94,10,13,237,-1,10,14,236,-1
215,95,0,0,0,0,0,0,0,0
216,0,10,10,240,-3,10,13,237,-3
216,1,10,10,240,-3,10,13,237,-3
216,2,10,12,238,-10,10,22,228,-10
216,3,10,12,238,-10,10,22,228,-10
216,4,10,9,241,-9,10,18,232,-9
216,5,10,9,241,-9,10,18,232,-9
216,6,10,9,241,-2,10,11,239,-2
216,7,10,9,241,-2,10,11,239,-2
216,8,0,0,0,0,0,0,0,0
216,9,0,0,0,0,0,0,0,0
216,10,10,15,235,8,10,7,243,8
216,11,10,15,235,8,10,7,243,8
216,12,10,13,237,6,10,7,243,6
216,13,10,13,237,6,10,7,243,6
216,14,10,13,237,6,10,7,243,6
216,15,10,13,237,10,10,3,247,10
216,16,10,13,237,10,10,3,247,10
216,17,10,10,240,-6,10,16,234,-6
216,18,10,10,240,-6,10,16,234,-6
216,19,10,11,239,7,10,4,246,7
216,20,10,11,239,7,10,4,246,7
216,21,10,15,235,3,10,12,238,3
216,22,10,15,235,3,10,12,238,3
216,23,10,15,235,3,10,12,238,3
216,24,10,8,242,-5,10,13,237,-5
216,25,10,8,242,-5,10,13,237,-5
216,26,10,14,236,-8,10,22,228,-8
216,27,10,14,236,-8,10,22,228,-8
216,28,10,9,241,3,10,6,244,3
216,29,10,9,241,3,10,6,244,3
216,30,10,14,236,-8,10,22,228,-8
216,31,10,14,236,-8,10,22,228,-8
216,32,10,14,236,-8,10,22,228,-8
216,33,0,0,0,0,0,0,0,0
216,34,10,16,234,1,10,15,235,1
216,35,10,16,234,1,10,15,235,1
216,36,10,11,239,-10,10,21,229,-10
216,37,10,11,239,-10,10,21,229,-10
216,38,10,10,240,5,10,5,245,5
216,39,10,10,240,5,10,5,245,5
216,40,10,10,240,5,10,5,245,5
216,41,10,11,239,7,10,4,246,7
216,42,10,11,239,7,10,4,246,7
216,43,10,10,240,-4,10,14,236,-4
216,44,10,10,240,-4,10,14,236,-4
216,45,10,12,238,10,10,2,248,10
216,46,10,12,238,10,10,2,248,10
216,47,10,12,238,10,10,2,248,10
216,48,10,15,235,4,10,11,239,4
216,49,10,15,235,4,10,11,239,4
216,50,10,15,235,4,10,11,239,4
216,51,10,8,242,2,10,6,244,2
216,52,10,8,242,2,10,6,244,2
216,53,10,8,242,2,10,6,244,2
216,54,10,13,237,6,10,7,243,6
216,55,10,13,237,6,10,7,243,6
216,56,10,13,237,6,10,7,243,6
216,57,10,15,235,-10,9,0,225,-10
216,58,10,15,235,-10,9,0,225,-10
216,59,0,0,0,0,0,0,0,0
216,60,10,10,240,6,10,4,246,6
216,61,10,10,240,6,10,4,246,6
216,62,10,13,237,8,10,5,245,8
216,63,10,13,237,8,10,5,245,8
216,64,10,12,238,-3,10,15,235,-3
216,65,10,12,238,-3,10,15,235,-3
216,66,10,15,235,-7,10,22,228,-7
216,67,10,15,235,-7,10,22,228,-7
216,68,0,0,0,0,0,0,0,0
216,69,0,0,0,0,0,0,0,0
216,70,10,13,237,-4,10,17,233,-4
216,71,10,13,237,-4,10,17,233,-4
216,72,10,14,236,0,10,14,236,0
216,73,10,14,236,0,10,14,236,0
216,74,10,14,236,0,10,14,236,0
216,75,10,14,236,-9,10,23,227,-9
216,76,10,14,236,-9,10,23,227,-9
216,77,10,12,238,-6,10,18,232,-6
216,78,10,12,238,-6,10,18,232,-6
216,79,10,9,241,-7,10,16,234,-7
216,80,10,9,241,-7,10,16,234,-7
216,81,10,18,232,-8,9,1,224,-8
216,82,10,18,232,-8,9,1,224,-8
216,83,10,18,232,-8,9,1,224,-8
216,84,10,12,238,-4,10,16,234,-4
216,85,10,12,238,-4,10,16,234,-4
216,86,10,13,237,-5,10,18,232,-5
216,87,10,13,237,-5,10,18,232,-5
216,88,10,11,239,-4,10,15,235,-4
216,89,10,11,239,-4,10,15,235,-4
216,90,10,15,235,2,10,13,237,2
216,91,10,15,235,2,10,13,237,2
216,92,10,15,235,2,10,13,237,2
216,93,0,0,0,0,0,0,0,0
216,94,10,15,235,6,10,9,241,6
216,95,10,15,235,6,10,9,241,6
217,0,10,9,241,-10,10,19,231,-10
217,1,10,9,241,-10,10,19,231,-10
217,2,10,11,239,-7,10,18,232,-7
217,3,10,11,239,-7,10,18,232,-7
217,4,10,11,239,-7,10,18,232,-7
217,5,10,6,244,1,10,5,245,1
217,6,10,6,244,1,10,5,245,1
217,7,11,12,263,0,11,12,263,0
217,8,10,11,239,-9,10,20,230,-9
217,9,10,10,240,10,10,0,250,10
217,10,10,10,240,10,10,0,250,10
217,11,10,10,240,10,10,0,250,10
217,12,0,0,0,0,0,0,0,0
217,13,0,0,0,0,0,0,0,0
217,14,0,0,0,0,0,0,0,0
217,15,0,0,0,0,0,0,0,0
217,16,0,0,0,0,0,0,0,0
217,17,0,0,0,0,0,0,0,0
217,18,0,0,0,0,0,0,0,0
217,19,0,0,0,0,0,0,0,0
217,20,0,0,0,0,0,0,0,0
217,21,0,0,0,0,0,0,0,0
217,22,0,0,0,0,0,0,0,0
217,23,0,0,0,0,0,0,0,0
217,24,10,13,237,-8,10,21,229,-8
217,25,10,13,237,-8,10,21,229,-8
217,26,10,13,237,-8,10,21,229,-8
217,27,10,10,240,-3,10,13,237,-3
217,28,10,10,240,-3,10,13,237,-3
217,29,10,10,240,-3,10,13,237,-3
217,30,10,10,240,10,10,0,250,10
217,31,10,10,240,10,10,0,250,10
217,32,10,10,240,10,10,0,250,10
217,33,10,13,237,8,10,5,245,8
217,34,10,13,237,8,10,5,245,8
217,35,0,0,0,0,0,0,0,0
217,36,10,11,239,1,10,10,240,1
217,37,10,11,239,1,10,10,240,1
217,38,10,14,236,-9,10,23,227,-9
217,39,10,14,236,-9,10,23,227,-9
217,40,10,10,240,1,10,9,241,1
217,41,10,10,240,1,10,9,241,1
217,42,10,13,237,9,10,4,246,9
217,43,10,13,237,9,10,4,246,9
217,44,0,0,0,0,0,0,0,0
217,45,0,0,0,0,0,0,0,0
217,46,10,16,234,2,10,14,236,2
217,47,10,16,234,2,10,14,236,2
217,48,10,13,237,0,10,13,237,0
217,49,10,13,237,0,10,13,237,0
217,50,10,13,237,0,10,13,237,0
217,51,10,12,238,4,10,8,242,4
217,52,10,12,238,4,10,8,242,4
217,53,10,12,238,-6,10,18,232,-6
217,54,10,12,238,-6,10,18,232,-6
217,55,10,10,240,-9,10,19,231,-9
217,56,10,10,240,-9,10,19,231,-9
217,57,10,17,233,5,10,12,238,5
217,58,10,17,233,5,10,12,238,5
217,59,10,17,233,5,10,12,238,5
217,60,10,13,237,-3,10,16,234,-3
217,61,10,13,237,-3,10,16,234,-3
217,62,10,14,236,-10,10,24,226,-10
217,63,10,14,236,-10,10,24,226,-10
217,64,10,12,238,6,10,6,244,6
217,65,10,12,238,6,10,6,244,6
217,66,10,15,235,-1,10,16,234,-1
217,67,10,15,235,-1,10,16,234,-1
217,68,10,15,235,-1,10,16,234,-1
217,69,0,0,0,0,0,0,0,0
217,70,10,13,237,5,10,8,242,5
217,71,10,13,237,5,10,8,242,5
217,72,10,10,240,-10,10,20,230,-10
217,73,10,10,240,-10,10,20,230,-10
217,74,10,13,237,7,10,6,244,7
217,75,10,13,237,7,10,6,244,7
217,76,10,13,237,7,10,6,244,7
217,77,10,10,240,9,10,1,249,9
217,78,10,10,240,9,10,1,249,9
217,79,10,10,240,-5,10,15,235,-5
217,80,10,10,240,-5,10,15,235,-5
217,81,10,14,236,1,10,13,237,1
217,82,10,14,236,1,10,13,237,1
217,83,10,14,236,1,10,13,237,1
217,84,10,13,237,5,10,8,242,5
217,85,10,13,237,5,10,8,242,5
217,86,10,13,237,5,10,8,242,5
217,87,10,10,240,3,10,7,243,3
217,88,10,10,240,3,10,7,243,3
217,89,10,10,240,3,10,7,243,3
217,90,10,13,237,9,10,4,246,9
217,91,10,13,237,9,10,4,246,9
217,92,10,13,237,9,10,4,246,9
217,93,10,12,238,5,10,7,243,5
217,94,10,12,238,5,10,7,243,5
217,95,0,0,0,0,0,0,0,0
218,0,10,8,242,-9,10,17,233,-9
218,1,10,8,242,-9,10,17,233,-9
218,2,10,12,238,0,10,12,238,0
218,3,10,12,238,0,10,12,238,0
218,4,10,5,245,10,11,20,255,10
218,5,10,5,245,10,11,20,255,10
218,6,10,8,242,-6,10,14,236,-6
218,7,10,8,242,-6,10,14,236,-6
218,8,0,0,0,0,0,0,0,0
218,9,0,0,0,0,0,0,0,0
218,10,10,13,237,-3,10,16,234,-3
218,11,10,13,237,-3,10,16,234,-3
218,12,10,11,239,10,10,1,249,10
218,13,10,11,239,10,10,1,249,10
218,14,10,11,239,10,10,1,249,10
218,15,10,11,239,-3,10,14,236,-3
218,16,10,11,239,-3,10,14,236,-3
218,17,10,9,241,4,10,5,245,4
218,18,10,9,241,4,10,5,245,4
218,19,10,7,243,8,11,24,251,8
218,20,10,7,243,8,11,24,251,8
218,21,10,13,237,10,10,3,247,10
218,22,10,13,237,10,10,3,247,10
218,23,10,13,237,10,10,3,247,10
218,24,10,9,241,-1,10,10,240,-1
218,25,10,9,241,-1,10,10,240,-1
218,26,10,10,240,1,10,9,241,1
218,27,10,10,240,1,10,9,241,1
218,28,10,10,240,-8,10,18,232,-8
218,29,10,10,240,-8,10,18,232,-8
218,30,10,9,241,-9,10,18,232,-9
218,31,10,9,241,-9,10,18,232,-9
218,32,10,9,241,-9,10,18,232,-9
218,33,0,0,0,0,0,0,0,0
218,34,10,12,238,7,10,5,245,7
218,35,10,12,238,7,10,5,245,7
218,36,10,12,238,5,10,7,243,5
218,37,10,12,238,5,10,7,243,5
218,38,10,9,241,-2,10,11,239,-2
218,39,10,9,241,-2,10,11,239,-2
218,40,10,9,241,-2,10,11,239,-2
218,41,10,7,243,-8,10,15,235,-8
218,42,10,7,243,-8,10,15,235,-8
218,43,10,7,243,-3,10,10,240,-3
218,44,10,7,243,-3,10,10,240,-3
218,45,10,11,239,6,10,5,245,6
218,46,10,11,239,6,10,5,245,6
218,47,10,11,239,6,10,5,245,6
218,48,10,14,236,-10,10,24,226,-10
218,49,10,14,236,-10,10,24,226,-10
218,50,10,14,236,-10,10,24,226,-10
218,51,10,5,245,5,10,0,250,5
218,52,10,5,245,5,10,0,250,5
218,53,10,5,245,5,10,0,250,5
218,54,10,7,243,7,10,0,250,7
218,55,10,7,243,7,10,0,250,7
218,56,10,7,243,7,10,0,250,7
218,57,10,11,239,-5,10,16,234,-5
218,58,10,11,239,-5,10,16,234,-5
218,59,0,0,0,0,0,0,0,0
218,60,10,8,242,1,10,7,243,1
218,61,10,8,242,1,10,7,243,1
218,62,10,12,238,-7,10,19,231,-7
218,63,10,12,238,-7,10,19,231,-7
218,64,10,7,243,5,10,2,248,5
218,65,10,7,243,5,10,2,248,5
218,66,10,13,237,10,10,3,247,10
218,67,10,13,237,10,10,3,247,10
218,68,0,0,0,0,0,0,0,0
218,69,0,0,0,0,0,0,0,0
218,70,10,14,236,4,10,10,240,4
218,71,10,14,236,4,10,10,240,4
218,72,10,12,238,0,10,12,238,0
218,73,10,12,238,0,10,12,238,0
218,74,10,12,238,0,10,12,238,0
218,75,10,13,237,8,10,5,245,8
218,76,10,13,237,8,10,5,245,8
218,77,10,9,241,8,10,1,249,8
218,78,10,9,241,8,10,1,249,8
218,79,10,5,245,2,10,3,247,2
218,80,10,5,245,2,10,3,247,2
218,81,10,13,237,-9,10,22,228,-9
218,82,10,13,237,-9,10,22,228,-9
218,83,10,13,237,-9,10,22,228,-9
218,84,10,9,241,0,10,9,241,0
218,85,10,9,241,0,10,9,241,0
218,86,10,9,241,-7,10,16,234,-7
218,87,10,9,241,-7,10,16,234,-7
218,88,10,9,241,10,11,24,251,10
218,89,10,9,241,10,11,24,251,10
218,90,10,13,237,10,10,3,247,10
218,91,10,13,237,10,10,3,247,10
218,92,10,13,237,10,10,3,247,10
218,93,0,0,0,0,0,0,0,0
218,94,10,14,236,-6,10,20,230,-6
218,95,10,14,236,-6,10,20,230,-6
219,0,10,7,243,-1,10,8,242,-1
219,1,10,7,243,-1,10,8,242,-1
219,2,10,9,241,-4,10,13,237,-4
219,3,10,9,241,-4,10,13,237,-4
219,4,10,9,241,-4,10,13,237,-4
219,5,10,6,244,-10,10,16,234,-10
219,6,10,6,244,-10,10,16,234,-10
219,7,10,6,244,-4,10,10,240,-4
219,8,10,6,244,-4,10,10,240,-4
219,9,10,10,240,-10,10,20,230,-10
219,10,10,10,240,-10,10,20,230,-10
219,11,10,10,240,-10,10,20,230,-10
219,12,0,0,0,0,0,0,0,0
219,13,0,0,0,0,0,0,0,0
219,14,0,0,0,0,0,0,0,0
219,15,0,0,0,0,0,0,0,0
219,16,0,0,0,0,0,0,0,0
219,17,0,0,0,0,0,0,0,0
219,18,0,0,0,0,0,0,0,0
219,19,0,0,0,0,0,0,0,0
219,20,0,0,0,0,0,0,0,0
219,21,0,0,0,0,0,0,0,0
219,22,0,0,0,0,0,0,0,0
219,23,0,0,0,0,0,0,0,0
219,24,10,14,236,-10,10,24,226,-10
219,25,10,14,236,-10,10,24,226,-10
219,26,10,14,236,-10,10,24,226,-10
219,27,10,6,244,-4,10,10,240,-4
219,28,10,6,244,-4,10,10,240,-4
219,29,10,6,244,-4,10,10,240,-4
219,30,10,8,242,10,11,23,252,10
219,31,10,8,242,10,11,23,252,10
219,32,10,8,242,10,11,23,252,10
219,33,10,13,237,-7,10,20,230,-7
219,34,10,13,237,-7,10,20,230,-7
219,35,0,0,0,0,0,0,0,0
219,36,10,5,245,9,11,21,254,9
219,37,10,5,245,9,11,21,254,9
219,38,10,11,239,-9,10,20,230,-9
219,39,10,11,239,-9,10,20,230,-9
219,40,10,7,243,7,10,0,250,7
219,41,10,7,243,7,10,0,250,7
219,42,10,9,241,2,10,7,243,2
219,43,10,9,241,2,10,7,243,2
219,44,0,0,0,0,0,0,0,0
219,45,0,0,0,0,0,0,0,0
219,46,10,13,237,1,10,12,238,1
219,47,10,13,237,1,10,12,238,1
219,48,10,12,238,10,10,2,248,10
219,49,10,12,238,10,10,2,248,10
219,50,10,12,238,10,10,2,248,10
219,51,10,12,238,5,10,7,243,5
219,52,10,12,238,5,10,7,243,5
219,53,10,6,244,-9,10,15,235,-9
219,54,10,6,244,-9,10,15,235,-9
219,55,10,6,244,6,10,0,250,6
219,56,10,6,244,6,10,0,250,6
219,57,10,16,234,-10,9,1,224,-10
219,58,10,16,234,-10,9,1,224,-10
219,59,10,16,234,-10,9,1,224,-10
219,60,10,9,241,-2,10,11,239,-2
219,61,10,9,241,-2,10,11,239,-2
219,62,10,13,237,-8,10,21,229,-8
219,63,10,13,237,-8,10,21,229,-8
219,64,10,6,244,-1,10,7,243,-1
219,65,10,6,244,-1,10,7,243,-1
219,66,10,12,238,8,10,4,246,8
219,67,10,12,238,8,10,4,246,8
219,68,10,12,238,8,10,4,246,8
219,69,0,0,0,0,0,0,0,0
219,70,10,11,239,-10,10,21,229,-10
219,71,10,11,239,-10,10,21,229,-10
219,72,10,11,239,-10,10,21,229,-10
219,73,10,11,239,-10,10,21,229,-10
219,74,10,8,242,1,10,7,243,1
219,75,10,8,242,1,10,7,243,1
219,76,10,8,242,1,10,7,243,1
219,77,10,6,244,2,10,4,246,2
219,78,10,6,244,2,10,4,246,2
219,79,10,9,241,8,10,1,249,8
219,80,10,9,241,8,10,1,249,8
219,81,10,12,238,3,10,9,241,3
219,82,10,12,238,3,10,9,241,3
219,83,10,12,238,3,10,9,241,3
219,84,10,13,237,10,10,3,247,10
219,85,10,13,237,10,10,3,247,10
219,86,10,13,237,10,10,3,247,10
219,87,10,10,240,-10,10,20,230,-10
219,88,10,10,240,-10,10,20,230,-10
219,89,10,10,240,-10,10,20,230,-10
219,90,10,11,239,1,10,10,240,1
219,91,10,11,239,1,10,10,240,1
219,92,10,11,239,1,10,10,240,1
219,93,10,12,238,-3,10,15,235,-3
219,94,10,12,238,-3,10,15,235,-3
219,95,0,0,0,0,0,0,0,0
220,0,10,7,243,1,10,6,244,1
220,1,10,7,243,1,10,6,244,1
220,2,10,7,243,1,10,6,244,1
220,3,10,4,246,-8,10,12,238,-8
220,4,10,4,246,-8,10,12,238,-8
220,5,10,10,240,8,10,2,248,8
220,6,10,10,240,8,10,2,248,8
220,7,10,10,240,8,10,2,248,8
220,8,10,10,240,0,10,10,240,0
220,9,10,10,240,0,10,10,240,0
220,10,10,10,240,0,10,10,240,0
220,11,0,0,0,0,0,0,0,0
220,12,0,0,0,0,0,0,0,0
220,13,0,0,0,0,0,0,0,0
220,14,0,0,0,0,0,0,0,0
220,15,0,0,0,0,0,0,0,0
220,16,0,0,0,0,0,0,0,0
220,17,0,0,0,0,0,0,0,0
220,18,0,0,0,0,0,0,0,0
220,19,0,0,0,0,0,0,0,0
220,20,0,0,0,0,0,0,0,0
220,21,0,0,0,0,0,0,0,0
220,22,0,0,0,0,0,0,0,0
220,23,0,0,0,0,0,0,0,0
220,24,0,0,0,0,0,0,0,0
220,25,0,0,0,0,0,0,0,0
220,26,0,0,0,0,0,0,0,0
220,27,10,9,241,1,10,8,242,1
220,28,10,9,241,1,10,8,242,1
220,29,10,6,244,-1,10,7,243,-1
220,30,10,6,244,-1,10,7,243,-1
220,31,10,6,244,-6,10,12,238,-6
220,32,10,6,244,-6,10,12,238,-6
220,33,10,6,244,-6,10,12,238,-6
220,34,10,6,244,-6,10,12,238,-6
220,35,0,0,0,0,0,0,0,0
220,36,10,12,238,-3,10,15,235,-3
220,37,10,12,238,-3,10,15,235,-3
220,38,10,12,238,-3,10,15,235,-3
220,39,10,8,242,4,10,4,246,4
220,40,10,8,242,4,10,4,246,4
220,41,10,9,241,5,10,4,246,5
220,42,10,9,241,5,10,4,246,5
220,43,10,9,241,5,10,4,246,5
220,44,0,0,0,0,0,0,0,0
220,45,0,0,0,0,0,0,0,0
220,46,0,0,0,0,0,0,0,0
220,47,0,0,0,0,0,0,0,0
220,48,10,6,244,-7,10,13,237,-7
220,49,10,6,244,-7,10,13,237,-7
220,50,10,9,241,5,10,4,246,5
220,51,10,9,241,5,10,4,246,5
220,52,10,8,242,-5,10,13,237,-5
220,53,10,8,242,-5,10,13,237,-5
220,54,10,5,245,1,10,4,246,1
220,55,10,5,245,1,10,4,246,1
220,56,10,13,237,6,10,7,243,6
220,57,10,13,237,6,10,7,243,6
220,58,10,13,237,6,10,7,243,6
220,59,0,0,0,0,0,0,0,0
220,60,10,10,240,1,10,9,241,1
220,61,10,10,240,1,10,9,241,1
220,62,10,8,242,4,10,4,246,4
220,63,10,8,242,4,10,4,246,4
220,64,10,9,241,-3,10,12,238,-3
220,65,10,9,241,-3,10,12,238,-3
220,66,10,9,241,-3,10,12,238,-3
220,67,10,11,239,2,10,9,241,2
220,68,10,11,239,2,10,9,241,2
220,69,10,11,239,7,10,4,246,7
220,70,10,11,239,7,10,4,246,7
220,71,10,11,239,7,10,4,246,7
220,72,10,9,241,-5,10,14,236,-5
220,73,10,9,241,-5,10,14,236,-5
220,74,10,9,241,-5,10,14,236,-5
220,75,10,3,247,-2,10,5,245,-2
220,76,10,3,247,-2,10,5,245,-2
220,77,10,12,238,-8,10,20,230,-8
220,78,10,12,238,-8,10,20,230,-8
220,79,10,12,238,-8,10,20,230,-8
220,80,10,12,238,-2,10,14,236,-2
220,81,10,12,238,-2,10,14,236,-2
220,82,10,12,238,-2,10,14,236,-2
220,83,0,0,0,0,0,0,0,0
220,84,0,0,0,0,0,0,0,0
220,85,0,0,0,0,0,0,0,0
220,86,0,0,0,0,0,0,0,0
220,87,10,12,238,6,10,6,244,6
220,88,10,12,238,6,10,6,244,6
220,89,10,9,241,9,10,0,250,9
220,90,10,9,241,9,10,0,250,9
220,91,10,11,239,2,10,9,241,2
220,92,10,11,239,2,10,9,241,2
220,93,10,9,241,9,10,0,250,9
220,94,10,9,241,9,10,0,250,9
220,95,0,0,0,0,0,0,0,0
221,0,10,13,237,-8,10,21,229,-8
221,1,10,13,237,-8,10,21,229,-8
221,2,10,13,237,-8,10,21,229,-8
221,3,10,13,237,-7,10,20,230,-7
221,4,10,13,237,-7,10,20,230,-7
221,5,10,13,237,-10,10,23,227,-10
221,6,10,13,237,-10,10,23,227,-10
221,7,10,13,237,-10,10,23,227,-10
221,8,0,0,0,0,0,0,0,0
221,9,0,0,0,0,0,0,0,0
221,10,0,0,0,0,0,0,0,0
221,11,0,0,0,0,0,0,0,0
221,12,10,10,240,-4,10,14,236,-4
221,13,10,10,240,-4,10,14,236,-4
221,14,10,13,237,8,10,5,245,8
221,15,10,13,237,8,10,5,245,8
221,16,10,9,241,0,10,9,241,0
221,17,10,9,241,0,10,9,241,0
221,18,10,11,239,-2,10,13,237,-2
221,19,10,11,239,-2,10,13,237,-2
221,20,10,15,235,3,10,12,238,3
221,21,10,15,235,3,10,12,238,3
221,22,10,15,235,3,10,12,238,3
221,23,0,0,0,0,0,0,0,0
221,24,10,10,240,3,10,7,243,3
221,25,10,10,240,3,10,7,243,3
221,26,10,10,240,3,10,7,243,3
221,27,10,15,235,0,10,15,235,0
221,28,10,15,235,0,10,15,235,0
221,29,10,15,235,9,10,6,244,9
221,30,10,15,235,9,10,6,244,9
221,31,10,15,235,9,10,6,244,9
221,32,10,16,234,2,10,14,236,2
221,33,10,16,234,2,10,14,236,2
221,34,10,16,234,5,10,11,239,5
221,35,10,16,234,5,10,11,239,5
221,36,0,0,0,0,0,0,0,0
221,37,10,12,238,1,10,11,239,1
221,38,10,12,238,1,10,11,239,1
221,39,10,12,238,1,10,11,239,1
221,40,10,16,234,2,10,14,236,2
221,41,10,16,234,2,10,14,236,2
221,42,10,16,234,2,10,14,236,2
221,43,10,9,241,7,10,2,248,7
221,44,10,9,241,7,10,2,248,7
221,45,10,13,237,-1,10,14,236,-1
221,46,10,13,237,-1,10,14,236,-1
221,47,10,13,237,-1,10,14,236,-1
221,48,0,0,0,0,0,0,0,0
221,49,0,0,0,0,0,0,0,0
221,50,0,0,0,0,0,0,0,0
221,51,10,14,236,-8,10,22,228,-8
221,52,10,14,236,-8,10,22,228,-8
221,53,10,12,238,-4,10,16,234,-4
221,54,10,12,238,-4,10,16,234,-4
221,55,10,10,240,-2,10,12,238,-2
221,56,10,10,240,-2,10,12,238,-2
221,57,10,14,236,-5,10,19,231,-5
221,58,10,14,236,-5,10,19,231,-5
221,59,0,0,0,0,0,0,0,0
221,60,10,16,234,-3,10,19,231,-3
221,61,10,16,234,-3,10,19,231,-3
221,62,10,16,234,-3,10,19,231,-3
221,63,10,15,235,-3,10,18,232,-3
221,64,10,15,235,-3,10,18,232,-3
221,65,0,0,0,0,0,0,0,0
221,66,10,17,233,-9,9,1,224,-9
221,67,10,17,233,-9,9,1,224,-9
221,68,10,17,233,-9,9,1,224,-9
221,69,0,0,0,0,0,0,0,0
221,70,0,0,0,0,0,0,0,0
221,71,0,0,0,0,0,0,0,0
221,72,10,10,240,-8,10,18,232,-8
221,73,10,10,240,-8,10,18,232,-8
221,74,10,13,237,9,10,4,246,9
221,75,10,13,237,9,10,4,246,9
221,76,10,10,240,-9,10,19,231,-9
221,77,10,10,240,-9,10,19,231,-9
221,78,10,11,239,10,10,1,249,10
221,79,10,11,239,10,10,1,249,10
221,80,10,17,233,2,10,15,235,2
221,81,10,17,233,2,10,15,235,2
221,82,10,17,233,2,10,15,235,2
221,83,0,0,0,0,0,0,0,0
221,84,10,13,237,8,10,5,245,8
221,85,10,13,237,8,10,5,245,8
221,86,10,13,237,8,10,5,245,8
221,87,10,13,237,-1,10,14,236,-1
221,88,10,13,237,-1,10,14,236,-1
221,89,10,16,234,-8,10,24,226,-8
221,90,10,16,234,-8,10,24,226,-8
221,91,10,16,234,-8,10,24,226,-8
221,92,10,14,236,3,10,11,239,3
221,93,10,14,236,3,10,11,239,3
221,94,10,16,234,6,10,10,240,6
221,95,10,16,234,6,10,10,240,6
222,0,11,12,263,0,11,12,263,0
222,1,11,12,263,0,11,12,263,0
222,2,11,13,262,5,11,8,267,5
222,3,11,13,262,5,11,8,267,5
222,4,11,7,268,4,11,3,272,4
222,5,11,7,268,4,11,3,272,4
222,6,11,12,263,5,11,7,268,5
222,7,11,12,263,5,11,7,268,5
222,8,0,0,0,0,0,0,0,0
222,9,0,0,0,0,0,0,0,0
222,10,11,17,258,5,11,12,263,5
222,11,11,17,258,5,11,12,263,5
222,12,11,13,262,5,11,8,267,5
222,13,11,13,262,5,11,8,267,5
222,14,11,13,262,5,11,8,267,5
222,15,12,12,288,0,12,12,288,0
222,16,11,15,260,5,11,10,265,5
222,17,11,8,267,0,11,8,267,0
222,18,11,8,267,0,11,8,267,0
222,19,11,11,264,-2,11,13,262,-2
222,20,11,11,264,-2,11,13,262,-2
222,21,11,16,259,5,11,11,264,5
222,22,11,16,259,5,11,11,264,5
222,23,11,16,259,5,11,11,264,5
222,24,11,9,266,10,12,24,276,10
222,25,11,9,266,10,12,24,276,10
222,26,11,12,263,-1,11,13,262,-1
222,27,11,12,263,-1,11,13,262,-1
222,28,11,13,262,4,11,9,266,4
222,29,11,13,262,4,11,9,266,4
222,30,11,14,261,7,11,7,268,7
222,31,11,14,261,7,11,7,268,7
222,32,11,14,261,7,11,7,268,7
222,33,11,17,258,-8,10,0,250,-8
222,34,11,17,258,-8,10,0,250,-8
222,35,0,0,0,0,0,0,0,0
222,36,11,13,262,8,11,5,270,8
222,37,11,13,262,8,11,5,270,8
222,38,11,10,265,10,11,0,275,10
222,39,11,10,265,10,11,0,275,10
222,40,11,10,265,10,11,0,275,10
222,41,11,10,265,9,11,1,274,9
222,42,11,10,265,9,11,1,274,9
222,43,11,10,265,7,11,3,272,7
222,44,11,10,265,7,11,3,272,7
222,45,11,11,264,-3,11,14,261,-3
222,46,11,11,264,-3,11,14,261,-3
222,47,11,11,264,-3,11,14,261,-3
222,48,11,15,260,-2,11,17,258,-2
222,49,11,15,260,-2,11,17,258,-2
222,50,11,15,260,-2,11,17,258,-2
222,51,11,10,265,-3,11,13,262,-3
222,52,11,10,265,-3,11,13,262,-3
222,53,11,10,265,-3,11,13,262,-3
222,54,11,10,265,4,11,6,269,4
222,55,11,10,265,4,11,6,269,4
222,56,11,10,265,4,11,6,269,4
222,57,11,16,259,5,11,11,264,5
222,58,11,16,259,5,11,11,264,5
222,59,0,0,0,0,0,0,0,0
222,60,11,11,264,5,11,6,269,5
222,61,11,11,264,5,11,6,269,5
222,62,11,13,262,5,11,8,267,5
222,63,11,13,262,5,11,8,267,5
222,64,11,12,263,-6,11,18,257,-6
222,65,11,12,263,-6,11,18,257,-6
222,66,11,11,264,6,11,5,270,6
222,67,11,11,264,6,11,5,270,6
222,68,0,0,0,0,0,0,0,0
222,69,0,0,0,0,0,0,0,0
222,70,11,15,260,-6,11,21,254,-6
222,71,11,15,260,-6,11,21,254,-6
222,72,11,15,260,6,11,9,266,6
222,73,11,15,260,6,11,9,266,6
222,74,11,15,260,6,11,9,266,6
222,75,11,14,261,7,11,7,268,7
222,76,11,14,261,7,11,7,268,7
222,77,11,12,263,-3,11,15,260,-3
222,78,11,12,263,-3,11,15,260,-3
222,79,11,8,267,-1,11,9,266,-1
222,80,11,8,267,-1,11,9,266,-1
222,81,11,17,258,-2,11,19,256,-2
222,82,11,17,258,-2,11,19,256,-2
222,83,11,17,258,-2,11,19,256,-2
222,84,11,10,265,-6,11,16,259,-6
222,85,11,10,265,-6,11,16,259,-6
222,86,11,14,261,-9,11,23,252,-9
222,87,11,14,261,-9,11,23,252,-9
222,88,11,13,262,3,11,10,265,3
222,89,11,13,262,3,11,10,265,3
222,90,11,15,260,-5,11,20,255,-5
222,91,11,15,260,-5,11,20,255,-5
222,92,11,15,260,-5,11,20,255,-5
222,93,0,0,0,0,0,0,0,0
222,94,11,16,259,-5,11,21,254,-5
222,95,11,16,259,-5,11,21,254,-5
223,0,11,8,267,-1,11,9,266,-1
223,1,11,8,267,-1,11,9,266,-1
223,2,11,9,266,9,11,0,275,9
223,3,11,9,266,9,11,0,275,9
223,4,11,9,266,9,11,0,275,9
223,5,11,7,268,-3,11,10,265,-3
223,6,11,7,268,-3,11,10,265,-3
223,7,11,6,269,-4,11,10,265,-4
223,8,11,6,269,-4,11,10,265,-4
223,9,11,10,265,3,11,7,268,3
223,10,11,10,265,3,11,7,268,3
223,11,11,10,265,3,11,7,268,3
223,12,0,0,0,0,0,0,0,0
223,13,0,0,0,0,0,0,0,0
223,14,0,0,0,0,0,0,0,0
223,15,0,0,0,0,0,0,0,0
223,16,0,0,0,0,0,0,0,0
223,17,0,0,0,0,0,0,0,0
223,18,0,0,0,0,0,0,0,0
223,19,0,0,0,0,0,0,0,0
223,20,0,0,0,0,0,0,0,0
223,21,0,0,0,0,0,0,0,0
223,22,0,0,0,0,0,0,0,0
223,23,0,0,0,0,0,0,0,0
223,24,11,10,265,10,11,0,275,10
223,25,11,10,265,10,11,0,275,10
223,26,11,10,265,10,11,0,275,10
223,27,11,8,267,10,12,23,277,10
223,28,11,8,267,10,12,23,277,10
223,29,11,8,267,10,12,23,277,10
223,30,11,9,266,-3,11,12,263,-3
223,31,11,9,266,-3,11,12,263,-3
223,32,11,9,266,-3,11,12,263,-3
223,33,11,12,263,-9,11,21,254,-9
223,34,11,12,263,-9,11,21,254,-9
223,35,0,0,0,0,0,0,0,0
223,36,11,6,269,-3,11,9,266,-3
223,37,11,6,269,-3,11,9,266,-3
223,38,11,9,266,9,11,0,275,9
223,39,11,9,266,9,11,0,275,9
223,40,11,8,267,9,12,24,276,9
223,41,11,8,267,9,12,24,276,9
223,42,11,10,265,3,11,7,268,3
223,43,11,10,265,3,11,7,268,3
223,44,0,0,0,0,0,0,0,0
223,45,0,0,0,0,0,0,0,0
223,46,11,14,261,5,11,9,266,5
223,47,11,14,261,5,11,9,266,5
223,48,11,12,263,-2,11,14,261,-2
223,49,11,12,263,-2,11,14,261,-2
223,50,11,12,263,-2,11,14,261,-2
223,51,11,10,265,3,11,7,268,3
223,52,11,10,265,3,11,7,268,3
223,53,11,8,267,-8,11,16,259,-8
223,54,11,8,267,-8,11,16,259,-8
223,55,11,4,271,7,12,22,278,7
223,56,11,4,271,7,12,22,278,7
223,57,11,14,261,10,11,4,271,10
223,58,11,14,261,10,11,4,271,10
223,59,11,14,261,10,11,4,271,10
223,60,11,11,264,10,11,1,274,10
223,61,11,11,264,10,11,1,274,10
223,62,11,10,265,10,11,0,275,10
223,63,11,10,265,10,11,0,275,10
223,64,11,8,267,-2,11,10,265,-2
223,65,11,8,267,-2,11,10,265,-2
223,66,11,13,262,3,11,10,265,3
223,67,11,13,262,3,11,10,265,3
223,68,11,13,262,3,11,10,265,3
223,69,0,0,0,0,0,0,0,0
223,70,11,11,264,0,11,11,264,0
223,71,11,11,264,0,11,11,264,0
223,72,11,8,267,-5,11,13,262,-5
223,73,11,8,267,-5,11,13,262,-5
223,74,11,11,264,7,11,4,271,7
223,75,11,11,264,7,11,4,271,7
223,76,11,11,264,7,11,4,271,7
223,77,11,8,267,4,11,4,271,4
223,78,11,8,267,4,11,4,271,4
223,79,11,7,268,10,12,22,278,10
223,80,11,7,268,10,12,22,278,10
223,81,11,10,265,-2,11,12,263,-2
223,82,11,10,265,-2,11,12,263,-2
223,83,11,10,265,-2,11,12,263,-2
223,84,11,11,264,8,11,3,272,8
223,85,11,11,264,8,11,3,272,8
223,86,11,11,264,8,11,3,272,8
223,87,11,10,265,1,11,9,266,1
223,88,11,10,265,1,11,9,266,1
223,89,11,10,265,1,11,9,266,1
223,90,11,11,264,2,11,9,266,2
223,91,11,11,264,2,11,9,266,2
223,92,11,11,264,2,11,9,266,2
223,93,11,13,262,1,11,12,263,1
223,94,11,13,262,1,11,12,263,1
223,95,0,0,0,0,0,0,0,0
224,0,11,11,264,5,11,6,269,5
224,1,11,11,264,5,11,6,269,5
224,2,11,11,264,5,11,6,269,5
224,3,11,8,267,-6,11,14,261,-6
224,4,11,8,267,-6,11,14,261,-6
224,5,11,13,262,-9,11,22,253,-9
224,6,11,13,262,-9,11,22,253,-9
224,7,11,13,262,-9,11,22,253,-9
224,8,11,13,262,4,11,9,266,4
224,9,11,13,262,4,11,9,266,4
224,10,11,13,262,4,11,9,266,4
224,11,0,0,0,0,0,0,0,0
224,12,11,11,264,6,11,5,270,6
224,13,11,11,264,6,11,5,270,6
224,14,11,10,265,7,11,3,272,7
224,15,11,10,265,7,11,3,272,7
224,16,11,9,266,5,11,4,271,5
224,17,11,9,266,5,11,4,271,5
224,18,11,10,265,-8,11,18,257,-8
224,19,11,10,265,-8,11,18,257,-8
224,20,11,13,262,-8,11,21,254,-8
224,21,11,13,262,-8,11,21,254,-8
224,22,11,13,262,-8,11,21,254,-8
224,23,0,0,0,0,0,0,0,0
224,24,11,11,264,0,11,11,264,0
224,25,11,11,264,0,11,11,264,0
224,26,11,11,264,0,11,11,264,0
224,27,11,12,263,-1,11,13,262,-1
224,28,11,12,263,-1,11,13,262,-1
224,29,11,12,263,6,11,6,269,6
224,30,11,12,263,6,11,6,269,6
224,31,11,12,263,6,11,6,269,6
224,32,11,12,263,-1,11,13,262,-1
224,33,11,12,263,-1,11,13,262,-1
224,34,11,15,260,7,11,8,267,7
224,35,11,15,260,7,11,8,267,7
224,36,11,14,261,-5,11,19,256,-5
224,37,11,14,261,-5,11,19,256,-5
224,38,11,14,261,-5,11,19,256,-5
224,39,11,13,262,-6,11,19,256,-6
224,40,11,13,262,-6,11,19,256,-6
224,41,11,12,263,-3,11,15,260,-3
224,42,11,12,263,-3,11,15,260,-3
224,43,11,12,263,-3,11,15,260,-3
224,44,0,0,0,0,0,0,0,0
224,45,0,0,0,0,0,0,0,0
224,46,0,0,0,0,0,0,0,0
224,47,0,0,0,0,0,0,0,0
224,48,0,0,0,0,0,0,0,0
224,49,0,0,0,0,0,0,0,0
224,50,0,0,0,0,0,0,0,0
224,51,11,12,263,1,11,11,264,1
224,52,11,12,263,1,11,11,264,1
224,53,11,12,263,-10,11,22,253,-10
224,54,11,12,263,-10,11,22,253,-10
224,55,11,10,265,9,11,1,274,9
224,56,11,10,265,9,11,1,274,9
224,57,11,13,262,-3,11,16,259,-3
224,58,11,13,262,-3,11,16,259,-3
224,59,0,0,0,0,0,0,0,0
224,60,11,14,261,-2,11,16,259,-2
224,61,11,14,261,-2,11,16,259,-2
224,62,11,14,261,-2,11,16,259,-2
224,63,11,11,264,9,11,2,273,9
224,64,11,11,264,9,11,2,273,9
224,65,11,12,263,-9,11,21,254,-9
224,66,11,12,263,-9,11,21,254,-9
224,67,11,12,263,-9,11,21,254,-9
224,68,0,0,0,0,0,0,0,0
224,69,0,0,0,0,0,0,0,0
224,70,0,0,0,0,0,0,0,0
224,71,0,0,0,0,0,0,0,0
224,72,11,10,265,7,11,3,272,7
224,73,11,10,265,7,11,3,272,7
224,74,11,10,265,-8,11,18,257,-8
224,75,11,10,265,-8,11,18,257,-8
224,76,11,11,264,7,11,4,271,7
224,77,11,11,264,7,11,4,271,7
224,78,11,11,264,8,11,3,272,8
224,79,11,11,264,8,11,3,272,8
224,80,11,16,259,-7,11,23,252,-7
224,81,11,16,259,-7,11,23,252,-7
224,82,11,16,259,-7,11,23,252,-7
224,83,0,0,0,0,0,0,0,0
224,84,12,12,288,0,12,12,288,0
224,85,11,11,264,1,11,10,265,1
224,86,11,11,264,1,11,10,265,1
224,87,11,13,262,0,11,13,262,0
224,88,11,13,262,0,11,13,262,0
224,89,11,14,261,1,11,13,262,1
224,90,11,14,261,1,11,13,262,1
224,91,11,14,261,1,11,13,262,1
224,92,11,15,260,10,11,5,270,10
224,93,11,15,260,10,11,5,270,10
224,94,11,13,262,-2,11,15,260,-2
224,95,11,13,262,-2,11,15,260,-2
225,0,0,0,0,0,0,0,0,0
225,1,0,0,0,0,0,0,0,0
225,2,0,0,0,0,0,0,0,0
225,3,0,0,0,0,0,0,0,0
225,4,0,0,0,0,0,0,0,0
225,5,0,0,0,0,0,0,0,0
225,6,0,0,0,0,0,0,0,0
225,7,0,0,0,0,0,0,0,0
225,8,0,0,0,0,0,0,0,0
225,9,0,0,0,0,0,0,0,0
225,10,0,0,0,0,0,0,0,0
225,11,0,0,0,0,0,0,0,0
225,12,11,8,267,2,11,6,269,2
225,13,11,8,267,2,11,6,269,2
225,14,11,8,267,2,11,6,269,2
225,15,11,7,268,-9,11,16,259,-9
225,16,11,7,268,-9,11,16,259,-9
225,17,11,13,262,9,11,4,271,9
225,18,11,13,262,9,11,4,271,9
225,19,11,13,262,9,11,4,271,9
225,20,11,13,262,-9,11,22,253,-9
225,21,11,13,262,-9,11,22,253,-9
225,22,11,13,262,-9,11,22,253,-9
225,23,0,0,0,0,0,0,0,0
225,24,0,0,0,0,0,0,0,0
225,25,0,0,0,0,0,0,0,0
225,26,0,0,0,0,0,0,0,0
225,27,11,12,263,-3,11,15,260,-3
225,28,11,12,263,-3,11,15,260,-3
225,29,11,10,265,-8,11,18,257,-8
225,30,11,10,265,-8,11,18,257,-8
225,31,11,11,264,9,11,2,273,9
225,32,11,11,264,9,11,2,273,9
225,33,11,12,263,-9,11,21,254,-9
225,34,11,12,263,-9,11,21,254,-9
225,35,0,0,0,0,0,0,0,0
225,36,11,14,261,4,11,10,265,4
225,37,11,14,261,4,11,10,265,4
225,38,11,14,261,4,11,10,265,4
225,39,11,13,262,-4,11,17,258,-4
225,40,11,13,262,-4,11,17,258,-4
225,41,11,12,263,-8,11,20,255,-8
225,42,11,12,263,-8,11,20,255,-8
225,43,11,12,263,-8,11,20,255,-8
225,44,0,0,0,0,0,0,0,0
225,45,0,0,0,0,0,0,0,0
225,46,0,0,0,0,0,0,0,0
225,47,0,0,0,0,0,0,0,0
225,48,11,8,267,-5,11,13,262,-5
225,49,11,8,267,-5,11,13,262,-5
225,50,11,13,262,6,11,7,268,6
225,51,11,13,262,6,11,7,268,6
225,52,11,6,269,-2,11,8,267,-2
225,53,11,6,269,-2,11,8,267,-2
225,54,11,8,267,10,12,23,277,10
225,55,11,8,267,10,12,23,277,10
225,56,11,14,261,-10,11,24,251,-10
225,57,11,14,261,-10,11,24,251,-10
225,58,11,14,261,-10,11,24,251,-10
225,59,0,0,0,0,0,0,0,0
225,60,11,10,265,-9,11,19,256,-9
225,61,11,10,265,-9,11,19,256,-9
225,62,11,10,265,-9,11,19,256,-9
225,63,11,15,260,5,11,10,265,5
225,64,11,15,260,5,11,10,265,5
225,65,11,15,260,-2,11,17,258,-2
225,66,11,15,260,-2,11,17,258,-2
225,67,11,15,260,-2,11,17,258,-2
225,68,11,15,260,0,11,15,260,0
225,69,11,15,260,0,11,15,260,0
225,70,11,14,261,0,11,14,261,0
225,71,11,14,261,0,11,14,261,0
225,72,11,12,263,-8,11,20,255,-8
225,73,11,12,263,-8,11,20,255,-8
225,74,11,12,263,-8,11,20,255,-8
225,75,11,7,268,9,12,23,277,9
225,76,11,7,268,9,12,23,277,9
225,77,11,13,262,-8,11,21,254,-8
225,78,11,13,262,-8,11,21,254,-8
225,79,11,13,262,-8,11,21,254,-8
225,80,11,12,263,5,11,7,268,5
225,81,11,12,263,5,11,7,268,5
225,82,11,12,263,5,11,7,268,5
225,83,0,0,0,0,0,0,0,0
225,84,0,0,0,0,0,0,0,0
225,85,0,0,0,0,0,0,0,0
225,86,0,0,0,0,0,0,0,0
225,87,11,12,263,-9,11,21,254,-9
225,88,11,12,263,-9,11,21,254,-9
225,89,11,9,266,-6,11,15,260,-6
225,90,11,9,266,-6,11,15,260,-6
225,91,11,13,262,4,11,9,266,4
225,92,11,13,262,4,11,9,266,4
225,93,11,11,264,-10,11,21,254,-10
225,94,11,11,264,-10,11,21,254,-10
225,95,0,0,0,0,0,0,0,0
226,0,11,7,268,3,11,4,271,3
226,1,11,7,268,3,11,4,271,3
226,2,11,10,265,3,11,7,268,3
226,3,11,10,265,3,11,7,268,3
226,4,11,5,270,9,12,21,279,9
226,5,11,5,270,9,12,21,279,9
226,6,11,10,265,-2,11,12,263,-2
226,7,11,10,265,-2,11,12,263,-2
226,8,0,0,0,0,0,0,0,0
226,9,0,0,0,0,0,0,0,0
226,10,11,14,261,-9,11,23,252,-9
226,11,11,14,261,-9,11,23,252,-9
226,12,0,0,0,0,0,0,0,0
226,13,0,0,0,0,0,0,0,0
226,14,11,13,262,9,11,4,271,9
226,15,11,12,263,10,11,2,273,10
226,16,11,12,263,10,11,2,273,10
226,17,11,10,265,10,11,0,275,10
226,18,11,10,265,10,11,0,275,10
226,19,11,10,265,4,11,6,269,4
226,20,11,10,265,4,11,6,269,4
226,21,11,12,263,2,11,10,265,2
226,22,11,12,263,2,11,10,265,2
226,23,11,12,263,2,11,10,265,2
226,24,11,8,267,2,11,6,269,2
226,25,11,8,267,2,11,6,269,2
226,26,11,10,265,10,11,0,275,10
226,27,11,10,265,10,11,0,275,10
226,28,11,9,266,-4,11,13,262,-4
226,29,11,9,266,-4,11,13,262,-4
226,30,11,12,263,-6,11,18,257,-6
226,31,11,12,263,-6,11,18,257,-6
226,32,11,12,263,-6,11,18,257,-6
226,33,11,14,261,-5,11,19,256,-5
226,34,11,15,260,0,11,15,260,0
226,35,11,15,260,0,11,15,260,0
226,36,11,10,265,-7,11,17,258,-7
226,37,11,10,265,-7,11,17,258,-7
226,38,11,9,266,-8,11,17,258,-8
226,39,11,9,266,-8,11,17,258,-8
226,40,11,9,266,-8,11,17,258,-8
226,41,11,12,263,9,11,3,272,9
226,42,11,12,263,9,11,3,272,9
226,43,11,11,264,6,11,5,270,6
226,44,11,11,264,6,11,5,270,6
226,45,11,10,265,-1,11,11,264,-1
226,46,11,10,265,-1,11,11,264,-1
226,47,11,10,265,-1,11,11,264,-1
226,48,11,15,260,4,11,11,264,4
226,49,11,15,260,4,11,11,264,4
226,50,11,15,260,4,11,11,264,4
226,51,11,8,267,7,11,1,274,7
226,52,11,8,267,7,11,1,274,7
226,53,11,8,267,7,11,1,274,7
226,54,11,11,264,-7,11,18,257,-7
226,55,11,11,264,-7,11,18,257,-7
226,56,11,11,264,-7,11,18,257,-7
226,57,11,15,260,0,11,15,260,0
226,58,11,15,260,0,11,15,260,0
226,59,0,0,0,0,0,0,0,0
226,60,11,9,266,-2,11,11,264,-2
226,61,11,9,266,-2,11,11,264,-2
226,62,11,11,264,-4,11,15,260,-4
226,63,11,11,264,-4,11,15,260,-4
226,64,11,10,265,5,11,5,270,5
226,65,0,0,0,0,0,0,0,0
226,66,11,14,261,9,11,5,270,9
226,67,11,14,261,9,11,5,270,9
226,68,11,10,265,5,11,5,270,5
226,69,0,0,0,0,0,0,0,0
226,70,11,15,260,10,11,5,270,10
226,71,11,15,260,10,11,5,270,10
226,72,11,13,262,-6,11,19,256,-6
226,73,11,13,262,-6,11,19,256,-6
226,74,11,13,262,-6,11,19,256,-6
226,75,11,13,262,-2,11,15,260,-2
226,76,11,13,262,-2,11,15,260,-2
226,77,11,12,263,7,11,5,270,7
226,78,11,12,263,7,11,5,270,7
226,79,11,9,266,9,11,0,275,9
226,80,11,9,266,9,11,0,275,9
226,81,11,14,261,4,11,10,265,4
226,82,11,14,261,4,11,10,265,4
226,83,11,14,261,4,11,10,265,4
226,84,11,11,264,-5,11,16,259,-5
226,85,11,11,264,-5,11,16,259,-5
226,86,11,12,263,-2,11,14,261,-2
226,87,11,12,263,-2,11,14,261,-2
226,88,11,11,264,9,11,2,273,9
226,89,11,11,264,9,11,2,273,9
226,90,11,14,261,8,11,6,269,8
226,91,11,14,261,8,11,6,269,8
226,92,11,14,261,8,11,6,269,8
226,93,0,0,0,0,0,0,0,0
226,94,11,13,262,-1,11,14,261,-1
226,95,11,13,262,-1,11,14,261,-1
227,0,0,0,0,0,0,0,0,0
227,1,0,0,0,0,0,0,0,0
227,2,0,0,0,0,0,0,0,0
227,3,0,0,0,0,0,0,0,0
227,4,0,0,0,0,0,0,0,0
227,5,0,0,0,0,0,0,0,0
227,6,0,0,0,0,0,0,0,0
227,7,0,0,0,0,0,0,0,0
227,8,0,0,0,0,0,0,0,0
227,9,0,0,0,0,0,0,0,0
227,10,0,0,0,0,0,0,0,0
227,11,0,0,0,0,0,0,0,0
227,12,11,11,264,5,11,6,269,5
227,13,11,11,264,5,11,6,269,5
227,14,11,7,268,-6,11,13,262,-6
227,15,11,7,268,-6,11,13,262,-6
227,16,11,7,268,-6,11,13,262,-6
227,17,11,5,270,-2,11,7,268,-2
227,18,11,5,270,-2,11,7,268,-2
227,19,11,8,267,-9,11,17,258,-9
227,20,11,8,267,-9,11,17,258,-9
227,21,11,7,268,-4,11,11,264,-4
227,22,11,7,268,-4,11,11,264,-4
227,23,11,7,268,-4,11,11,264,-4
227,24,11,12,263,-6,11,18,257,-6
227,25,11,12,263,-6,11,18,257,-6
227,26,11,12,263,-6,11,18,257,-6
227,27,12,11,289,0,12,11,289,0
227,28,12,11,289,0,12,11,289,0
227,29,12,11,289,0,12,11,289,0
227,30,11,8,267,10,12,23,277,10
227,31,11,8,267,10,12,23,277,10
227,32,11,8,267,10,12,23,277,10
227,33,11,13,262,-7,11,20,255,-7
227,34,11,13,262,-7,11,20,255,-7
227,35,11,11,264,-9,11,20,255,-9
227,36,11,6,269,-6,11,12,263,-6
227,37,11,6,269,-6,11,12,263,-6
227,38,11,11,264,-7,11,18,257,-7
227,39,11,11,264,-7,11,18,257,-7
227,40,11,7,268,-7,11,14,261,-7
227,41,11,7,268,-7,11,14,261,-7
227,42,11,11,264,-4,11,15,260,-4
227,43,11,11,264,-4,11,15,260,-4
227,44,0,0,0,0,0,0,0,0
227,45,0,0,0,0,0,0,0,0
227,46,11,12,263,2,11,10,265,2
227,47,11,12,263,2,11,10,265,2
227,48,0,0,0,0,0,0,0,0
227,49,11,11,264,-9,11,20,255,-9
227,50,11,11,264,-9,11,20,255,-9
227,51,11,11,264,-5,11,16,259,-5
227,52,11,11,264,-5,11,16,259,-5
227,53,11,9,266,6,11,3,272,6
227,54,11,9,266,6,11,3,272,6
227,55,11,8,267,5,11,3,272,5
227,56,11,8,267,5,11,3,272,5
227,57,11,14,261,-5,11,19,256,-5
227,58,11,14,261,-5,11,19,256,-5
227,59,11,14,261,-5,11,19,256,-5
227,60,11,13,262,7,11,6,269,7
227,61,11,13,262,7,11,6,269,7
227,62,0,0,0,0,0,0,0,0
227,63,11,13,262,5,11,8,267,5
227,64,11,13,262,5,11,8,267,5
227,65,11,13,262,5,11,8,267,5
227,66,11,9,266,0,11,9,266,0
227,67,11,9,266,0,11,9,266,0
227,68,11,12,263,4,11,8,267,4
227,69,11,12,263,4,11,8,267,4
227,70,11,9,266,2,11,7,268,2
227,71,11,9,266,2,11,7,268,2
227,72,11,11,264,-4,11,15,260,-4
227,73,11,11,264,-4,11,15,260,-4
227,74,11,11,264,-9,11,20,255,-9
227,75,11,11,264,-9,11,20,255,-9
227,76,11,11,264,-9,11,20,255,-9
227,77,11,7,268,-10,11,17,258,-10
227,78,11,7,268,-10,11,17,258,-10
227,79,11,7,268,3,11,4,271,3
227,80,11,7,268,3,11,4,271,3
227,81,11,11,264,9,11,2,273,9
227,82,11,11,264,9,11,2,273,9
227,83,11,11,264,9,11,2,273,9
227,84,11,11,264,-8,11,19,256,-8
227,85,11,11,264,-8,11,19,256,-8
227,86,11,11,264,-8,11,19,256,-8
227,87,11,11,264,-10,11,21,254,-10
227,88,11,11,264,-10,11,21,254,-10
227,89,11,11,264,-10,11,21,254,-10
227,90,11,9,266,-2,11,11,264,-2
227,91,11,9,266,-2,11,11,264,-2
227,92,11,9,266,-2,11,11,264,-2
227,93,11,14,261,-5,11,19,256,-5
227,94,11,13,262,9,11,4,271,9
227,95,11,13,262,9,11,4,271,9
228,0,12,7,293,-8,12,15,285,-8
228,1,12,7,293,-8,12,15,285,-8
228,2,12,7,293,-8,12,15,285,-8
228,3,12,9,291,-6,12,15,285,-6
228,4,12,9,291,-6,12,15,285,-6
228,5,12,10,290,-2,12,12,288,-2
228,6,12,10,290,-2,12,12,288,-2
228,7,12,10,290,-2,12,12,288,-2
228,8,12,11,289,-7,12,18,282,-7
228,9,12,11,289,-7,12,18,282,-7
228,10,12,11,289,5,12,6,294,5
228,11,12,11,289,5,12,6,294,5
228,12,12,9,291,8,12,1,299,8
228,13,12,9,291,8,12,1,299,8
228,14,12,9,291,8,12,1,299,8
228,15,12,6,294,-5,12,11,289,-5
228,16,12,6,294,-5,12,11,289,-5
228,17,12,11,289,2,12,9,291,2
228,18,12,11,289,2,12,9,291,2
228,19,12,11,289,2,12,9,291,2
228,20,12,12,288,2,12,10,290,2
228,21,12,12,288,2,12,10,290,2
228,22,12,12,288,2,12,10,290,2
228,23,0,0,0,0,0,0,0,0
228,24,0,0,0,0,0,0,0,0
228,25,0,0,0,0,0,0,0,0
228,26,0,0,0,0,0,0,0,0
228,27,12,9,291,-9,12,18,282,-9
228,28,12,9,291,-9,12,18,282,-9
228,29,12,6,294,3,12,3,297,3
228,30,12,6,294,3,12,3,297,3
228,31,12,7,293,2,12,5,295,2
228,32,12,7,293,2,12,5,295,2
228,33,12,7,293,-2,12,9,291,-2
228,34,12,7,293,-2,12,9,291,-2
228,35,0,0,0,0,0,0,0,0
228,36,12,13,287,-1,12,14,286,-1
228,37,12,13,287,-1,12,14,286,-1
228,38,12,13,287,-1,12,14,286,-1
228,39,12,12,288,-5,12,17,283,-5
228,40,12,12,288,-5,12,17,283,-5
228,41,12,9,291,-2,12,11,289,-2
228,42,12,9,291,-2,12,11,289,-2
228,43,12,9,291,-2,12,11,289,-2
228,44,0,0,0,0,0,0,0,0
228,45,0,0,0,0,0,0,0,0
228,46,0,0,0,0,0,0,0,0
228,47,0,0,0,0,0,0,0,0
228,48,12,8,292,5,12,3,297,5
228,49,12,8,292,5,12,3,297,5
228,50,12,10,290,-1,12,11,289,-1
228,51,12,10,290,-1,12,11,289,-1
228,52,12,9,291,9,12,0,300,9
228,53,12,9,291,9,12,0,300,9
228,54,12,9,291,0,12,9,291,0
228,55,12,9,291,0,12,9,291,0
228,56,12,10,290,-3,12,13,287,-3
228,57,12,10,290,-3,12,13,287,-3
228,58,12,10,290,-3,12,13,287,-3
228,59,0,0,0,0,0,0,0,0
228,60,0,0,0,0,0,0,0,0
228,61,0,0,0,0,0,0,0,0
228,62,0,0,0,0,0,0,0,0
228,63,0,0,0,0,0,0,0,0
228,64,0,0,0,0,0,0,0,0
228,65,0,0,0,0,0,0,0,0
228,66,0,0,0,0,0,0,0,0
228,67,0,0,0,0,0,0,0,0
228,68,0,0,0,0,0,0,0,0
228,69,0,0,0,0,0,0,0,0
228,70,0,0,0,0,0,0,0,0
228,71,0,0,0,0,0,0,0,0
228,72,12,9,291,0,12,9,291,0
228,73,12,9,291,0,12,9,291,0
228,74,12,9,291,0,12,9,291,0
228,75,12,6,294,7,13,24,301,7
228,76,12,6,294,7,13,24,301,7
228,77,12,10,290,7,12,3,297,7
228,78,12,10,290,7,12,3,297,7
228,79,12,10,290,7,12,3,297,7
228,80,12,11,289,1,12,10,290,1
228,81,12,11,289,1,12,10,290,1
228,82,12,11,289,1,12,10,290,1
228,83,0,0,0,0,0,0,0,0
228,84,0,0,0,0,0,0,0,0
228,85,0,0,0,0,0,0,0,0
228,86,0,0,0,0,0,0,0,0
228,87,12,12,288,4,12,8,292,4
228,88,12,12,288,4,12,8,292,4
228,89,12,9,291,0,12,9,291,0
228,90,12,9,291,0,12,9,291,0
228,91,12,10,290,4,12,6,294,4
228,92,12,10,290,4,12,6,294,4
228,93,12,10,290,-8,12,18,282,-8
228,94,12,10,290,-8,12,18,282,-8
228,95,0,0,0,0,0,0,0,0
229,0,12,11,289,-3,12,14,286,-3
229,1,12,11,289,-3,12,14,286,-3
229,2,12,11,289,-3,12,14,286,-3
229,3,12,11,289,-1,12,12,288,-1
229,4,12,11,289,-1,12,12,288,-1
229,5,12,9,291,-2,12,11,289,-2
229,6,12,9,291,-2,12,11,289,-2
229,7,12,9,291,-2,12,11,289,-2
229,8,0,0,0,0,0,0,0,0
229,9,0,0,0,0,0,0,0,0
229,10,0,0,0,0,0,0,0,0
229,11,0,0,0,0,0,0,0,0
229,12,12,12,288,5,12,7,293,5
229,13,12,12,288,5,12,7,293,5
229,14,12,13,287,6,12,7,293,6
229,15,12,13,287,6,12,7,293,6
229,16,12,9,291,3,12,6,294,3
229,17,12,9,291,3,12,6,294,3
229,18,12,10,290,-2,12,12,288,-2
229,19,12,10,290,-2,12,12,288,-2
229,20,12,14,286,2,12,12,288,2
229,21,12,14,286,2,12,12,288,2
229,22,12,14,286,2,12,12,288,2
229,23,0,0,0,0,0,0,0,0
229,24,12,8,292,0,12,8,292,0
229,25,12,8,292,0,12,8,292,0
229,26,12,8,292,0,12,8,292,0
229,27,12,13,287,2,12,11,289,2
229,28,12,13,287,2,12,11,289,2
229,29,12,12,288,5,12,7,293,5
229,30,12,12,288,5,12,7,293,5
229,31,12,12,288,5,12,7,293,5
229,32,12,13,287,6,12,7,293,6
229,33,12,13,287,6,12,7,293,6
229,34,12,15,285,-3,12,18,282,-3
229,35,12,15,285,-3,12,18,282,-3
229,36,12,13,287,6,12,7,293,6
229,37,12,13,287,6,12,7,293,6
229,38,12,13,287,6,12,7,293,6
229,39,12,9,291,-7,12,16,284,-7
229,40,12,9,291,-7,12,16,284,-7
229,41,12,15,285,-9,12,24,276,-9
229,42,12,15,285,-9,12,24,276,-9
229,43,12,15,285,-9,12,24,276,-9
229,44,12,12,288,-7,12,19,281,-7
229,45,12,12,288,-7,12,19,281,-7
229,46,12,12,288,-7,12,19,281,-7
229,47,0,0,0,0,0,0,0,0
229,48,0,0,0,0,0,0,0,0
229,49,0,0,0,0,0,0,0,0
229,50,0,0,0,0,0,0,0,0
229,51,12,9,291,-5,12,14,286,-5
229,52,12,9,291,-5,12,14,286,-5
229,53,12,11,289,-4,12,15,285,-4
229,54,12,11,289,-4,12,15,285,-4
229,55,12,8,292,-3,12,11,289,-3
229,56,12,8,292,-3,12,11,289,-3
229,57,12,13,287,-3,12,16,284,-3
229,58,12,13,287,-3,12,16,284,-3
229,59,0,0,0,0,0,0,0,0
229,60,12,13,287,4,12,9,291,4
229,61,12,13,287,4,12,9,291,4
229,62,12,13,287,4,12,9,291,4
229,63,12,9,291,0,12,9,291,0
229,64,12,9,291,0,12,9,291,0
229,65,12,12,288,9,12,3,297,9
229,66,12,12,288,9,12,3,297,9
229,67,12,12,288,9,12,3,297,9
229,68,0,0,0,0,0,0,0,0
229,69,0,0,0,0,0,0,0,0
229,70,0,0,0,0,0,0,0,0
229,71,0,0,0,0,0,0,0,0
229,72,12,9,291,3,12,6,294,3
229,73,12,9,291,3,12,6,294,3
229,74,12,13,287,-9,12,22,278,-9
229,75,12,13,287,-9,12,22,278,-9
229,76,12,11,289,-3,12,14,286,-3
229,77,12,11,289,-3,12,14,286,-3
229,78,12,11,289,-3,12,14,286,-3
229,79,12,11,289,-3,12,14,286,-3
229,80,12,13,287,7,12,6,294,7
229,81,12,13,287,7,12,6,294,7
229,82,12,13,287,7,12,6,294,7
229,83,0,0,0,0,0,0,0,0
229,84,12,10,290,-9,12,19,281,-9
229,85,12,10,290,-9,12,19,281,-9
229,86,12,10,290,-9,12,19,281,-9
229,87,12,13,287,2,12,11,289,2
229,88,12,13,287,2,12,11,289,2
229,89,12,15,285,8,12,7,293,8
229,90,12,15,285,8,12,7,293,8
229,91,12,15,285,8,12,7,293,8
229,92,12,11,289,3,12,8,292,3
229,93,12,11,289,3,12,8,292,3
229,94,12,13,287,9,12,4,296,9
229,95,12,13,287,9,12,4,296,9
230,0,12,12,288,-7,12,19,281,-7
230,1,13,13,312,0,13,13,312,0
230,2,12,12,288,-7,12,19,281,-7
230,3,12,12,288,-2,12,14,286,-2
230,4,12,12,288,-2,12,14,286,-2
230,5,12,13,287,8,12,5,295,8
230,6,12,13,287,8,12,5,295,8
230,7,12,13,287,8,12,5,295,8
230,8,0,0,0,0,0,0,0,0
230,9,0,0,0,0,0,0,0,0
230,10,0,0,0,0,0,0,0,0
230,11,0,0,0,0,0,0,0,0
230,12,12,12,288,-1,12,13,287,-1
230,13,12,12,288,-1,12,13,287,-1
230,14,12,12,288,-8,12,20,280,-8
230,15,12,12,288,-8,12,20,280,-8
230,16,12,9,291,1,12,8,292,1
230,17,12,9,291,1,12,8,292,1
230,18,12,12,288,-6,12,18,282,-6
230,19,12,12,288,-6,12,18,282,-6
230,20,12,14,286,10,12,4,296,10
230,21,12,14,286,10,12,4,296,10
230,22,12,14,286,10,12,4,296,10
230,23,0,0,0,0,0,0,0,0
230,24,12,11,289,-5,12,16,284,-5
230,25,12,11,289,-5,12,16,284,-5
230,26,12,11,289,-5,12,16,284,-5
230,27,12,15,285,-6,12,21,279,-6
230,28,12,15,285,-6,12,21,279,-6
230,29,12,13,287,-7,12,20,280,-7
230,30,12,13,287,-7,12,20,280,-7
230,31,12,13,287,-7,12,20,280,-7
230,32,12,17,283,-8,11,0,275,-8
230,33,12,17,283,-8,11,0,275,-8
230,34,12,15,285,2,12,13,287,2
230,35,12,15,285,2,12,13,287,2
230,36,12,12,288,3,12,9,291,3
230,37,12,12,288,3,12,9,291,3
230,38,12,12,288,3,12,9,291,3
230,39,12,11,289,1,12,10,290,1
230,40,12,11,289,1,12,10,290,1
230,41,12,15,285,-9,12,24,276,-9
230,42,12,15,285,-9,12,24,276,-9
230,43,12,15,285,-9,12,24,276,-9
230,44,12,14,286,8,12,6,294,8
230,45,12,14,286,8,12,6,294,8
230,46,12,14,286,8,12,6,294,8
230,47,0,0,0,0,0,0,0,0
230,48,0,0,0,0,0,0,0,0
230,49,0,0,0,0,0,0,0,0
230,50,0,0,0,0,0,0,0,0
230,51,12,14,286,1,12,13,287,1
230,52,12,14,286,1,12,13,287,1
230,53,12,12,288,0,12,12,288,0
230,54,12,12,288,0,12,12,288,0
230,55,12,14,286,-1,12,15,285,-1
230,56,12,14,286,-1,12,15,285,-1
230,57,12,15,285,-5,12,20,280,-5
230,58,13,15,310,0,13,15,310,0
230,59,0,0,0,0,0,0,0,0
230,60,12,15,285,7,12,8,292,7
230,61,12,15,285,7,12,8,292,7
230,62,12,15,285,7,12,8,292,7
230,63,12,14,286,-7,12,21,279,-7
230,64,12,14,286,-7,12,21,279,-7
230,65,12,15,285,-1,12,16,284,-1
230,66,12,15,285,-1,12,16,284,-1
230,67,12,15,285,-1,12,16,284,-1
230,68,0,0,0,0,0,0,0,0
230,69,0,0,0,0,0,0,0,0
230,70,0,0,0,0,0,0,0,0
230,71,0,0,0,0,0,0,0,0
230,72,12,12,288,-10,12,22,278,-10
230,73,12,12,288,-10,12,22,278,-10
230,74,12,12,288,-4,12,16,284,-4
230,75,12,12,288,-4,12,16,284,-4
230,76,12,12,288,6,12,6,294,6
230,77,12,12,288,6,12,6,294,6
230,78,12,12,288,6,12,6,294,6
230,79,12,12,288,6,12,6,294,6
230,80,12,15,285,-1,12,16,284,-1
230,81,12,15,285,-1,12,16,284,-1
230,82,12,15,285,-1,12,16,284,-1
230,83,0,0,0,0,0,0,0,0
230,84,12,13,287,4,12,9,291,4
230,85,12,13,287,4,12,9,291,4
230,86,12,13,287,4,12,9,291,4
230,87,12,13,287,4,12,9,291,4
230,88,12,13,287,4,12,9,291,4
230,89,12,15,285,-7,12,22,278,-7
230,90,12,15,285,-7,12,22,278,-7
230,91,12,15,285,-7,12,22,278,-7
230,92,12,16,284,6,12,10,290,6
230,93,12,16,284,6,12,10,290,6
230,94,12,15,285,8,12,7,293,8
230,95,12,15,285,8,12,7,293,8
231,0,12,12,288,-3,12,15,285,-3
231,1,12,12,288,-3,12,15,285,-3
231,2,12,12,288,-3,12,15,285,-3
231,3,12,9,291,-3,12,12,288,-3
231,4,12,9,291,-3,12,12,288,-3
231,5,12,15,285,-1,12,16,284,-1
231,6,12,15,285,-1,12,16,284,-1
231,7,12,15,285,-1,12,16,284,-1
231,8,12,14,286,-4,12,18,282,-4
231,9,12,14,286,-4,12,18,282,-4
231,10,12,14,286,-4,12,18,282,-4
231,11,0,0,0,0,0,0,0,0
231,12,0,0,0,0,0,0,0,0
231,13,0,0,0,0,0,0,0,0
231,14,0,0,0,0,0,0,0,0
231,15,0,0,0,0,0,0,0,0
231,16,0,0,0,0,0,0,0,0
231,17,0,0,0,0,0,0,0,0
231,18,0,0,0,0,0,0,0,0
231,19,0,0,0,0,0,0,0,0
231,20,0,0,0,0,0,0,0,0
231,21,0,0,0,0,0,0,0,0
231,22,0,0,0,0,0,0,0,0
231,23,0,0,0,0,0,0,0,0
231,24,0,0,0,0,0,0,0,0
231,25,0,0,0,0,0,0,0,0
231,26,0,0,0,0,0,0,0,0
231,27,12,13,287,5,12,8,292,5
231,28,12,13,287,5,12,8,292,5
231,29,12,9,291,1,12,8,292,1
231,30,12,9,291,1,12,8,292,1
231,31,12,8,292,-1,12,9,291,-1
231,32,12,8,292,-1,12,9,291,-1
231,33,12,12,288,0,12,12,288,0
231,34,12,12,288,0,12,12,288,0
231,35,0,0,0,0,0,0,0,0
231,36,12,16,284,0,12,16,284,0
231,37,12,16,284,0,12,16,284,0
231,38,12,16,284,0,12,16,284,0
231,39,12,13,287,-5,12,18,282,-5
231,40,12,13,287,-5,12,18,282,-5
231,41,12,13,287,-4,12,17,283,-4
231,42,12,13,287,-4,12,17,283,-4
231,43,12,13,287,-4,12,17,283,-4
231,44,0,0,0,0,0,0,0,0
231,45,0,0,0,0,0,0,0,0
231,46,0,0,0,0,0,0,0,0
231,47,0,0,0,0,0,0,0,0
231,48,12,11,289,7,12,4,296,7
231,49,12,11,289,7,12,4,296,7
231,50,12,11,289,-8,12,19,281,-8
231,51,12,11,289,-8,12,19,281,-8
231,52,12,8,292,-1,12,9,291,-1
231,53,12,8,292,-1,12,9,291,-1
231,54,12,11,289,-9,12,20,280,-9
231,55,12,11,289,-9,12,20,280,-9
231,56,12,18,282,7,12,11,289,7
231,57,12,18,282,7,12,11,289,7
231,58,12,18,282,7,12,11,289,7
231,59,0,0,0,0,0,0,0,0
231,60,12,14,286,-10,12,24,276,-10
231,61,12,14,286,-10,12,24,276,-10
231,62,12,14,286,-10,12,24,276,-10
231,63,12,15,285,6,12,9,291,6
231,64,12,15,285,6,12,9,291,6
231,65,12,12,288,-9,12,21,279,-9
231,66,12,12,288,-9,12,21,279,-9
231,67,12,12,288,-9,12,21,279,-9
231,68,12,15,285,7,12,8,292,7
231,69,12,15,285,7,12,8,292,7
231,70,12,14,286,5,12,9,291,5
231,71,12,14,286,5,12,9,291,5
231,72,12,13,287,3,12,10,290,3
231,73,12,13,287,3,12,10,290,3
231,74,12,13,287,3,12,10,290,3
231,75,12,10,290,5,12,5,295,5
231,76,12,10,290,5,12,5,295,5
231,77,12,14,286,-9,12,23,277,-9
231,78,12,14,286,-9,12,23,277,-9
231,79,12,14,286,-9,12,23,277,-9
231,80,12,16,284,-8,12,24,276,-8
231,81,12,16,284,-8,12,24,276,-8
231,82,12,16,284,-8,12,24,276,-8
231,83,0,0,0,0,0,0,0,0
231,84,0,0,0,0,0,0,0,0
231,85,0,0,0,0,0,0,0,0
231,86,0,0,0,0,0,0,0,0
231,87,12,14,286,-2,12,16,284,-2
231,88,12,14,286,-2,12,16,284,-2
231,89,12,13,287,-10,12,23,277,-10
231,90,12,13,287,-10,12,23,277,-10
231,91,12,14,286,-5,12,19,281,-5
231,92,12,14,286,-5,12,19,281,-5
231,93,12,13,287,9,12,4,296,9
231,94,12,13,287,9,12,4,296,9
231,95,0,0,0,0,0,0,0,0
232,0,12,12,288,-5,12,17,283,-5
232,1,12,12,288,-5,12,17,283,-5
232,2,12,15,285,9,12,6,294,9
232,3,12,15,285,9,12,6,294,9
232,4,12,8,292,1,12,7,293,1
232,5,12,8,292,1,12,7,293,1
232,6,12,12,288,7,12,5,295,7
232,7,12,12,288,7,12,5,295,7
232,8,0,0,0,0,0,0,0,0
232,9,0,0,0,0,0,0,0,0
232,10,12,16,284,7,12,9,291,7
232,11,12,16,284,7,12,9,291,7
232,12,12,11,289,6,12,5,295,6
232,13,12,11,289,6,12,5,295,6
232,14,12,11,289,6,12,5,295,6
232,15,12,17,283,-1,12,18,282,-1
232,16,12,17,283,-1,12,18,282,-1
232,17,12,12,288,-2,12,14,286,-2
232,18,12,12,288,-2,12,14,286,-2
232,19,12,10,290,-4,12,14,286,-4
232,20,12,10,290,-4,12,14,286,-4
232,21,12,17,283,-7,12,24,276,-7
232,22,12,17,283,-7,12,24,276,-7
232,23,12,17,283,-7,12,24,276,-7
232,24,12,11,289,-6,12,17,283,-6
232,25,12,11,289,-6,12,17,283,-6
232,26,12,15,285,8,12,7,293,8
232,27,12,15,285,8,12,7,293,8
232,28,12,14,286,3,12,11,289,3
232,29,12,14,286,3,12,11,289,3
232,30,12,15,285,3,12,12,288,3
232,31,12,15,285,3,12,12,288,3
232,32,12,15,285,3,12,12,288,3
232,33,0,0,0,0,0,0,0,0
232,34,12,16,284,6,12,10,290,6
232,35,12,16,284,6,12,10,290,6
232,36,12,15,285,-4,12,19,281,-4
232,37,12,15,285,-4,12,19,281,-4
232,38,12,13,287,-5,12,18,282,-5
232,39,12,13,287,-5,12,18,282,-5
232,40,12,13,287,-5,12,18,282,-5
232,41,12,12,288,-9,12,21,279,-9
232,42,12,12,288,-9,12,21,279,-9
232,43,12,13,287,-2,12,15,285,-2
232,44,12,13,287,-2,12,15,285,-2
232,45,12,14,286,-10,12,24,276,-10
232,46,12,14,286,-10,12,24,276,-10
232,47,12,14,286,-10,12,24,276,-10
232,48,12,18,282,7,12,11,289,7
232,49,12,18,282,7,12,11,289,7
232,50,12,18,282,7,12,11,289,7
232,51,12,11,289,7,12,4,296,7
232,52,12,11,289,7,12,4,296,7
232,53,12,11,289,7,12,4,296,7
232,54,12,12,288,3,12,9,291,3
232,55,12,12,288,3,12,9,291,3
232,56,12,12,288,3,12,9,291,3
232,57,12,17,283,0,12,17,283,0
232,58,12,17,283,0,12,17,283,0
232,59,0,0,0,0,0,0,0,0
232,60,12,13,287,-10,12,23,277,-10
232,61,12,13,287,-10,12,23,277,-10
232,62,12,15,285,4,12,11,289,4
232,63,12,15,285,4,12,11,289,4
232,64,12,12,288,-8,12,20,280,-8
232,65,12,12,288,-8,12,20,280,-8
232,66,12,17,283,6,12,11,289,6
232,67,12,17,283,6,12,11,289,6
232,68,0,0,0,0,0,0,0,0
232,69,0,0,0,0,0,0,0,0
232,70,12,19,281,-4,12,23,277,-4
232,71,12,19,281,-4,12,23,277,-4
232,72,12,17,283,4,12,13,287,4
232,73,12,17,283,4,12,13,287,4
232,74,12,17,283,4,12,13,287,4
232,75,12,15,285,8,12,7,293,8
232,76,12,15,285,8,12,7,293,8
232,77,12,14,286,8,12,6,294,8
232,78,12,14,286,8,12,6,294,8
232,79,12,12,288,-1,12,13,287,-1
232,80,12,12,288,-1,12,13,287,-1
232,81,12,20,280,-5,11,0,275,-5
232,82,12,20,280,-5,11,0,275,-5
232,83,12,20,280,-5,11,0,275,-5
232,84,12,13,287,-6,12,19,281,-6
232,85,12,13,287,-6,12,19,281,-6
232,86,12,15,285,8,12,7,293,8
232,87,12,15,285,8,12,7,293,8
232,88,12,14,286,2,12,12,288,2
232,89,12,14,286,2,12,12,288,2
232,90,12,18,282,7,12,11,289,7
232,91,12,18,282,7,12,11,289,7
232,92,12,18,282,7,12,11,289,7
232,93,0,0,0,0,0,0,0,0
232,94,12,19,281,9,12,10,290,9
232,95,12,19,281,9,12,10,290,9
233,0,12,11,289,-4,12,15,285,-4
233,1,12,11,289,-4,12,15,285,-4
233,2,12,12,288,-4,12,16,284,-4
233,3,12,12,288,-4,12,16,284,-4
233,4,12,12,288,-4,12,16,284,-4
233,5,12,11,289,6,12,5,295,6
233,6,12,11,289,6,12,5,295,6
233,7,12,12,288,5,12,7,293,5
233,8,12,12,288,5,12,7,293,5
233,9,12,13,287,-2,12,15,285,-2
233,10,12,13,287,-2,12,15,285,-2
233,11,12,13,287,-2,12,15,285,-2
233,12,0,0,0,0,0,0,0,0
233,13,0,0,0,0,0,0,0,0
233,14,0,0,0,0,0,0,0,0
233,15,0,0,0,0,0,0,0,0
233,16,0,0,0,0,0,0,0,0
233,17,0,0,0,0,0,0,0,0
233,18,0,0,0,0,0,0,0,0
233,19,0,0,0,0,0,0,0,0
233,20,0,0,0,0,0,0,0,0
233,21,0,0,0,0,0,0,0,0
233,22,0,0,0,0,0,0,0,0
233,23,0,0,0,0,0,0,0,0
233,24,12,16,284,-9,11,0,275,-9
233,25,12,16,284,-9,11,0,275,-9
233,26,12,16,284,-9,11,0,275,-9
233,27,12,12,288,-3,12,15,285,-3
233,28,12,12,288,-3,12,15,285,-3
233,29,12,12,288,-3,12,15,285,-3
233,30,12,13,287,5,12,8,292,5
233,31,12,13,287,5,12,8,292,5
233,32,12,13,287,5,12,8,292,5
233,33,12,17,283,9,12,8,292,9
233,34,12,17,283,9,12,8,292,9
233,35,0,0,0,0,0,0,0,0
233,36,12,12,288,2,12,10,290,2
233,37,12,12,288,2,12,10,290,2
233,38,12,14,286,7,12,7,293,7
233,39,12,14,286,7,12,7,293,7
233,40,12,11,289,-1,12,12,288,-1
233,41,12,11,289,-1,12,12,288,-1
233,42,12,11,289,2,12,9,291,2
233,43,12,11,289,2,12,9,291,2
233,44,0,0,0,0,0,0,0,0
233,45,0,0,0,0,0,0,0,0
233,46,12,15,285,-3,12,18,282,-3
233,47,12,15,285,-3,12,18,282,-3
233,48,12,16,284,9,12,7,293,9
233,49,12,16,284,9,12,7,293,9
233,50,12,16,284,9,12,7,293,9
233,51,12,14,286,8,12,6,294,8
233,52,12,14,286,8,12,6,294,8
233,53,12,9,291,2,12,7,293,2
233,54,12,9,291,2,12,7,293,2
233,55,12,8,292,-7,12,15,285,-7
233,56,12,8,292,-7,12,15,285,-7
233,57,13,14,311,0,13,14,311,0
233,58,13,14,311,0,13,14,311,0
233,59,13,14,311,0,13,14,311,0
233,60,12,14,286,2,12,12,288,2
233,61,12,14,286,2,12,12,288,2
233,62,12,15,285,-7,12,22,278,-7
233,63,12,15,285,-7,12,22,278,-7
233,64,12,11,289,-5,12,16,284,-5
233,65,12,11,289,-5,12,16,284,-5
233,66,12,16,284,9,12,7,293,9
233,67,12,16,284,9,12,7,293,9
233,68,12,16,284,9,12,7,293,9
233,69,0,0,0,0,0,0,0,0
233,70,12,17,283,-3,12,20,280,-3
233,71,12,17,283,-3,12,20,280,-3
233,72,12,15,285,-8,12,23,277,-8
233,73,12,15,285,-8,12,23,277,-8
233,74,12,15,285,-7,12,22,278,-7
233,75,12,15,285,-7,12,22,278,-7
233,76,12,15,285,-7,12,22,278,-7
233,77,12,12,288,-7,12,19,281,-7
233,78,12,12,288,-7,12,19,281,-7
233,79,12,12,288,-2,12,14,286,-2
233,80,12,12,288,-2,12,14,286,-2
233,81,12,15,285,-6,12,21,279,-6
233,82,12,15,285,-6,12,21,279,-6
233,83,12,15,285,-6,12,21,279,-6
233,84,12,17,283,1,12,16,284,1
233,85,12,17,283,1,12,16,284,1
233,86,12,17,283,1,12,16,284,1
233,87,12,13,287,7,12,6,294,7
233,88,12,13,287,7,12,6,294,7
233,89,12,13,287,7,12,6,294,7
233,90,12,14,286,2,12,12,288,2
233,91,12,14,286,2,12,12,288,2
233,92,12,14,286,2,12,12,288,2
233,93,12,14,286,5,12,9,291,5
233,94,12,14,286,5,12,9,291,5
233,95,0,0,0,0,0,0,0,0
234,0,12,10,290,9,12,1,299,9
234,1,12,10,290,9,12,1,299,9
234,2,12,13,287,-6,12,19,281,-6
234,3,12,13,287,-6,12,19,281,-6
234,4,12,10,290,-8,12,18,282,-8
234,5,12,10,290,-8,12,18,282,-8
234,6,12,10,290,7,12,3,297,7
234,7,12,10,290,7,12,3,297,7
234,8,0,0,0,0,0,0,0,0
234,9,0,0,0,0,0,0,0,0
234,10,12,17,283,-9,11,1,274,-9
234,11,12,17,283,-9,11,1,274,-9
234,12,12,13,287,2,12,11,289,2
234,13,12,13,287,2,12,11,289,2
234,14,12,13,287,2,12,11,289,2
234,15,12,14,286,-9,12,23,277,-9
234,16,12,14,286,-9,12,23,277,-9
234,17,12,8,292,-10,12,18,282,-10
234,18,12,8,292,-10,12,18,282,-10
234,19,12,10,290,-6,12,16,284,-6
234,20,12,10,290,-6,12,16,284,-6
234,21,12,16,284,7,12,9,291,7
234,22,12,16,284,7,12,9,291,7
234,23,12,16,284,7,12,9,291,7
234,24,12,13,287,9,12,4,296,9
234,25,12,13,287,9,12,4,296,9
234,26,12,15,285,5,12,10,290,5
234,27,12,15,285,5,12,10,290,5
234,28,12,10,290,-8,12,18,282,-8
234,29,12,10,290,-8,12,18,282,-8
234,30,12,13,287,9,12,4,296,9
234,31,12,13,287,9,12,4,296,9
234,32,12,13,287,9,12,4,296,9
234,33,0,0,0,0,0,0,0,0
234,34,12,16,284,-4,12,20,280,-4
234,35,12,16,284,-4,12,20,280,-4
234,36,12,11,289,8,12,3,297,8
234,37,12,11,289,8,12,3,297,8
234,38,12,12,288,7,12,5,295,7
234,39,12,12,288,7,12,5,295,7
234,40,12,12,288,7,12,5,295,7
234,41,12,10,290,2,12,8,292,2
234,42,12,10,290,2,12,8,292,2
234,43,12,13,287,5,12,8,292,5
234,44,12,13,287,5,12,8,292,5
234,45,12,12,288,4,12,8,292,4
234,46,12,12,288,4,12,8,292,4
234,47,12,12,288,4,12,8,292,4
234,48,12,15,285,3,12,12,288,3
234,49,12,15,285,3,12,12,288,3
234,50,12,15,285,3,12,12,288,3
234,51,12,12,288,-6,12,18,282,-6
234,52,12,12,288,-6,12,18,282,-6
234,53,12,12,288,-6,12,18,282,-6
234,54,12,13,287,9,12,4,296,9
234,55,12,13,287,9,12,4,296,9
234,56,12,13,287,9,12,4,296,9
234,57,12,17,283,-8,11,0,275,-8
234,58,12,17,283,-8,11,0,275,-8
234,59,0,0,0,0,0,0,0,0
234,60,12,10,290,-8,12,18,282,-8
234,61,12,10,290,-8,12,18,282,-8
234,62,12,14,286,-6,12,20,280,-6
234,63,12,14,286,-6,12,20,280,-6
234,64,12,9,291,-10,12,19,281,-10
234,65,12,9,291,-10,12,19,281,-10
234,66,12,14,286,-7,12,21,279,-7
234,67,12,14,286,-7,12,21,279,-7
234,68,0,0,0,0,0,0,0,0
234,69,0,0,0,0,0,0,0,0
234,70,12,17,283,9,12,8,292,9
234,71,12,17,283,9,12,8,292,9
234,72,12,16,284,4,12,12,288,4
234,73,12,16,284,4,12,12,288,4
234,74,12,16,284,4,12,12,288,4
234,75,12,15,285,10,12,5,295,10
234,76,12,15,285,10,12,5,295,10
234,77,12,11,289,-4,12,15,285,-4
234,78,12,11,289,-4,12,15,285,-4
234,79,12,11,289,1,12,10,290,1
234,80,12,11,289,1,12,10,290,1
234,81,12,18,282,-4,12,22,278,-4
234,82,12,18,282,-4,12,22,278,-4
234,83,12,18,282,-4,12,22,278,-4
234,84,12,12,288,7,12,5,295,7
234,85,12,12,288,7,12,5,295,7
234,86,12,16,284,-10,11,1,274,-10
234,87,12,16,284,-10,11,1,274,-10
234,88,12,13,287,-5,12,18,282,-5
234,89,12,13,287,-5,12,18,282,-5
234,90,12,14,286,-7,12,21,279,-7
234,91,12,14,286,-7,12,21,279,-7
234,92,12,14,286,-7,12,21,279,-7
234,93,0,0,0,0,0,0,0,0
234,94,12,14,286,3,12,11,289,3
234,95,12,14,286,3,12,11,289,3
235,0,12,10,290,-1,12,11,289,-1
235,1,12,10,290,-1,12,11,289,-1
235,2,13,14,311,0,13,14,311,0
235,3,13,14,311,0,13,14,311,0
235,4,13,14,311,0,13,14,311,0
235,5,12,6,294,-7,12,13,287,-7
235,6,12,6,294,-7,12,13,287,-7
235,7,12,8,292,3,12,5,295,3
235,8,0,0,0,0,0,0,0,0
235,9,13,13,312,0,13,13,312,0
235,10,13,13,312,0,13,13,312,0
235,11,13,13,312,0,13,13,312,0
235,12,0,0,0,0,0,0,0,0
235,13,0,0,0,0,0,0,0,0
235,14,0,0,0,0,0,0,0,0
235,15,0,0,0,0,0,0,0,0
235,16,0,0,0,0,0,0,0,0
235,17,0,0,0,0,0,0,0,0
235,18,0,0,0,0,0,0,0,0
235,19,0,0,0,0,0,0,0,0
235,20,0,0,0,0,0,0,0,0
235,21,0,0,0,0,0,0,0,0
235,22,0,0,0,0,0,0,0,0
235,23,0,0,0,0,0,0,0,0
235,24,12,13,287,-2,12,15,285,-2
235,25,12,13,287,-2,12,15,285,-2
235,26,12,13,287,-2,12,15,285,-2
235,27,13,13,312,0,13,13,312,0
235,28,13,13,312,0,13,13,312,0
235,29,13,13,312,0,13,13,312,0
235,30,13,13,312,0,13,13,312,0
235,31,13,13,312,0,13,13,312,0
235,32,13,13,312,0,13,13,312,0
235,33,12,10,290,1,12,9,291,1
235,34,12,10,290,1,12,9,291,1
235,35,12,8,292,3,12,5,295,3
235,36,12,7,293,2,12,5,295,2
235,37,12,7,293,2,12,5,295,2
235,38,12,12,288,-6,12,18,282,-6
235,39,12,12,288,-6,12,18,282,-6
235,40,12,7,293,-7,12,14,286,-7
235,41,12,7,293,-7,12,14,286,-7
235,42,12,9,291,-5,12,14,286,-5
235,43,12,9,291,-5,12,14,286,-5
235,44,0,0,0,0,0,0,0,0
235,45,0,0,0,0,0,0,0,0
235,46,12,12,288,-10,12,22,278,-10
235,47,12,12,288,-10,12,22,278,-10
235,48,12,12,288,-9,12,21,279,-9
235,49,12,12,288,-9,12,21,279,-9
235,50,12,12,288,-9,12,21,279,-9
235,51,12,13,287,9,12,4,296,9
235,52,12,13,287,9,12,4,296,9
235,53,12,9,291,-2,12,11,289,-2
235,54,12,9,291,-2,12,11,289,-2
235,55,12,8,292,-10,12,18,282,-10
235,56,12,8,292,-10,12,18,282,-10
235,57,12,16,284,6,12,10,290,6
235,58,12,16,284,6,12,10,290,6
235,59,12,16,284,6,12,10,290,6
235,60,12,9,291,7,12,2,298,7
235,61,12,9,291,7,12,2,298,7
235,62,12,11,289,0,12,11,289,0
235,63,12,11,289,0,12,11,289,0
235,64,12,9,291,5,12,4,296,5
235,65,12,9,291,5,12,4,296,5
235,66,12,12,288,3,12,9,291,3
235,67,12,12,288,3,12,9,291,3
235,68,12,12,288,3,12,9,291,3
235,69,0,0,0,0,0,0,0,0
235,70,12,11,289,-4,12,15,285,-4
235,71,12,11,289,-4,12,15,285,-4
235,72,12,12,288,-8,12,20,280,-8
235,73,12,12,288,-8,12,20,280,-8
235,74,12,11,289,6,12,5,295,6
235,75,12,11,289,6,12,5,295,6
235,76,12,11,289,6,12,5,295,6
235,77,12,7,293,-6,12,13,287,-6
235,78,12,7,293,-6,12,13,287,-6
235,79,12,11,289,5,12,6,294,5
235,80,12,11,289,5,12,6,294,5
235,81,12,12,288,-9,12,21,279,-9
235,82,12,12,288,-9,12,21,279,-9
235,83,12,12,288,-9,12,21,279,-9
235,84,12,10,290,5,12,5,295,5
235,85,12,10,290,5,12,5,295,5
235,86,12,10,290,5,12,5,295,5
235,87,12,8,292,0,12,8,292,0
235,88,12,8,292,0,12,8,292,0
235,89,12,8,292,0,12,8,292,0
235,90,12,10,290,7,12,3,297,7
235,91,12,10,290,7,12,3,297,7
235,92,12,10,290,7,12,3,297,7
235,93,12,13,287,-2,12,15,285,-2
235,94,12,13,287,-2,12,15,285,-2
235,95,0,0,0,0,0,0,0,0
236,0,11,10,265,2,11,8,267,2
236,1,11,10,265,2,11,8,267,2
236,2,11,8,267,0,11,8,267,0
236,3,11,8,267,0,11,8,267,0
236,4,0,0,0,0,0,0,0,0
236,5,0,0,0,0,0,0,0,0
236,6,0,0,0,0,0,0,0,0
236,7,0,0,0,0,0,0,0,0
236,8,11,12,263,5,11,7,268,5
236,9,11,12,263,5,11,7,268,5
236,10,11,11,264,0,11,11,264,0
236,11,11,11,264,0,11,11,264,0
236,12,11,15,260,1,11,14,261,1
236,13,11,15,260,1,11,14,261,1
236,14,11,15,260,1,11,14,261,1
236,15,11,13,262,-1,11,14,261,-1
236,16,11,13,262,-1,11,14,261,-1
236,17,11,12,263,8,11,4,271,8
236,18,11,12,263,8,11,4,271,8
236,19,11,12,263,8,11,4,271,8
236,20,0,0,0,0,0,0,0,0
236,21,0,0,0,0,0,0,0,0
236,22,0,0,0,0,0,0,0,0
236,23,0,0,0,0,0,0,0,0
236,24,11,11,264,3,11,8,267,3
236,25,11,11,264,3,11,8,267,3
236,26,11,12,263,7,11,5,270,7
236,27,11,12,263,7,11,5,270,7
236,28,11,11,264,0,11,11,264,0
236,29,11,11,264,0,11,11,264,0
236,30,11,15,260,-5,11,20,255,-5
236,31,11,15,260,-5,11,20,255,-5
236,32,11,15,260,-5,11,20,255,-5
236,33,11,15,260,-3,11,18,257,-3
236,34,11,15,260,-3,11,18,257,-3
236,35,11,15,260,-3,11,18,257,-3
236,36,11,15,260,-1,11,16,259,-1
236,37,11,15,260,-1,11,16,259,-1
236,38,11,15,260,-1,11,16,259,-1
236,39,11,14,261,1,11,13,262,1
236,40,11,14,261,1,11,13,262,1
236,41,11,15,260,9,11,6,269,9
236,42,11,15,260,9,11,6,269,9
236,43,11,15,260,9,11,6,269,9
236,44,11,14,261,-3,11,17,258,-3
236,45,11,14,261,-3,11,17,258,-3
236,46,11,14,261,6,11,8,267,6
236,47,11,14,261,6,11,8,267,6
236,48,11,14,261,-7,11,21,254,-7
236,49,11,14,261,-7,11,21,254,-7
236,50,11,14,261,-7,11,21,254,-7
236,51,11,13,262,4,11,9,266,4
236,52,11,13,262,4,11,9,266,4
236,53,11,9,266,0,11,9,266,0
236,54,11,9,266,0,11,9,266,0
236,55,0,0,0,0,0,0,0,0
236,56,0,0,0,0,0,0,0,0
236,57,11,16,259,-1,11,17,258,-1
236,58,11,16,259,-1,11,17,258,-1
236,59,11,16,259,-1,11,17,258,-1
236,60,0,0,0,0,0,0,0,0
236,61,0,0,0,0,0,0,0,0
236,62,11,14,261,-6,11,20,255,-6
236,63,11,14,261,-6,11,20,255,-6
236,64,11,10,265,-6,11,16,259,-6
236,65,11,10,265,-6,11,16,259,-6
236,66,11,11,264,8,11,3,272,8
236,67,11,11,264,8,11,3,272,8
236,68,0,0,0,0,0,0,0,0
236,69,0,0,0,0,0,0,0,0
236,70,11,16,259,-8,11,24,251,-8
236,71,11,16,259,-8,11,24,251,-8
236,72,11,14,261,8,11,6,269,8
236,73,11,14,261,8,11,6,269,8
236,74,11,14,261,8,11,6,269,8
236,75,11,9,266,4,11,5,270,4
236,76,11,9,266,4,11,5,270,4
236,77,11,10,265,-6,11,16,259,-6
236,78,11,10,265,-6,11,16,259,-6
236,79,11,8,267,3,11,5,270,3
236,80,11,8,267,3,11,5,270,3
236,81,11,12,263,-5,11,17,258,-5
236,82,11,12,263,-5,11,17,258,-5
236,83,0,0,0,0,0,0,0,0
236,84,11,9,266,6,11,3,272,6
236,85,11,9,266,6,11,3,272,6
236,86,11,14,261,4,11,10,265,4
236,87,11,14,261,4,11,10,265,4
236,88,0,0,0,0,0,0,0,0
236,89,0,0,0,0,0,0,0,0
236,90,11,13,262,3,11,10,265,3
236,91,11,13,262,3,11,10,265,3
236,92,11,13,262,3,11,10,265,3
236,93,0,0,0,0,0,0,0,0
236,94,11,15,260,9,11,6,269,9
236,95,11,15,260,9,11,6,269,9
237,0,11,9,266,6,11,3,272,6
237,1,11,9,266,6,11,3,272,6
237,2,11,6,269,-3,11,9,266,-3
237,3,11,6,269,-3,11,9,266,-3
237,4,0,0,0,0,0,0,0,0
237,5,0,0,0,0,0,0,0,0
237,6,0,0,0,0,0,0,0,0
237,7,0,0,0,0,0,0,0,0
237,8,11,13,262,7,11,6,269,7
237,9,11,13,262,7,11,6,269,7
237,10,11,12,263,0,11,12,263,0
237,11,11,12,263,0,11,12,263,0
237,12,11,14,261,4,11,10,265,4
237,13,11,14,261,4,11,10,265,4
237,14,11,14,261,4,11,10,265,4
237,15,11,13,262,-8,11,21,254,-8
237,16,11,13,262,-8,11,21,254,-8
237,17,11,9,266,10,12,24,276,10
237,18,11,9,266,10,12,24,276,10
237,19,11,9,266,10,12,24,276,10
237,20,0,0,0,0,0,0,0,0
237,21,0,0,0,0,0,0,0,0
237,22,0,0,0,0,0,0,0,0
237,23,0,0,0,0,0,0,0,0
237,24,11,11,264,-1,11,12,263,-1
237,25,11,11,264,-1,11,12,263,-1
237,26,11,12,263,-10,11,22,253,-10
237,27,11,12,263,-10,11,22,253,-10
237,28,11,7,268,-7,11,14,261,-7
237,29,11,7,268,-7,11,14,261,-7
237,30,11,14,261,-5,11,19,256,-5
237,31,11,14,261,-5,11,19,256,-5
237,32,11,14,261,-5,11,19,256,-5
237,33,11,14,261,-10,11,24,251,-10
237,34,11,14,261,-10,11,24,251,-10
237,35,11,14,261,-10,11,24,251,-10
237,36,11,12,263,-9,11,21,254,-9
237,37,11,12,263,-9,11,21,254,-9
237,38,11,12,263,-9,11,21,254,-9
237,39,11,13,262,-10,11,23,252,-10
237,40,11,13,262,-10,11,23,252,-10
237,41,11,12,263,0,11,12,263,0
237,42,11,12,263,0,11,12,263,0
237,43,11,12,263,0,11,12,263,0
237,44,11,13,262,9,11,4,271,9
237,45,11,13,262,9,11,4,271,9
237,46,11,14,261,-8,11,22,253,-8
237,47,11,14,261,-8,11,22,253,-8
237,48,11,14,261,-7,11,21,254,-7
237,49,11,14,261,-7,11,21,254,-7
237,50,11,14,261,-7,11,21,254,-7
237,51,11,12,263,7,11,5,270,7
237,52,11,12,263,7,11,5,270,7
237,53,11,10,265,10,11,0,275,10
237,54,11,10,265,10,11,0,275,10
237,55,0,0,0,0,0,0,0,0
237,56,0,0,0,0,0,0,0,0
237,57,11,16,259,-8,11,24,251,-8
237,58,11,16,259,-8,11,24,251,-8
237,59,11,16,259,-8,11,24,251,-8
237,60,0,0,0,0,0,0,0,0
237,61,0,0,0,0,0,0,0,0
237,62,11,14,261,8,11,6,269,8
237,63,11,14,261,8,11,6,269,8
237,64,11,8,267,-8,11,16,259,-8
237,65,11,8,267,-8,11,16,259,-8
237,66,11,12,263,-7,11,19,256,-7
237,67,11,12,263,-7,11,19,256,-7
237,68,0,0,0,0,0,0,0,0
237,69,0,0,0,0,0,0,0,0
237,70,0,0,0,0,0,0,0,0
237,71,11,14,261,-1,11,15,260,-1
237,72,11,12,263,-2,11,14,261,-2
237,73,11,12,263,-2,11,14,261,-2
237,74,11,12,263,-2,11,14,261,-2
237,75,11,12,263,-1,11,13,262,-1
237,76,11,12,263,-1,11,13,262,-1
237,77,11,8,267,8,11,0,275,8
237,78,11,8,267,8,11,0,275,8
237,79,11,10,265,2,11,8,267,2
237,80,11,10,265,2,11,8,267,2
237,81,11,13,262,5,11,8,267,5
237,82,11,13,262,5,11,8,267,5
237,83,0,0,0,0,0,0,0,0
237,84,11,12,263,-10,11,22,253,-10
237,85,11,12,263,-10,11,22,253,-10
237,86,11,12,263,4,11,8,267,4
237,87,11,12,263,4,11,8,267,4
237,88,0,0,0,0,0,0,0,0
237,89,0,0,0,0,0,0,0,0
237,90,11,14,261,-2,11,16,259,-2
237,91,11,14,261,-2,11,16,259,-2
237,92,11,14,261,-2,11,16,259,-2
237,93,0,0,0,0,0,0,0,0
237,94,11,17,258,10,11,7,268,10
237,95,11,17,258,10,11,7,268,10
238,0,12,8,292,10,13,23,302,10
238,1,12,8,292,10,13,23,302,10
238,2,12,5,295,-8,12,13,287,-8
238,3,12,5,295,-8,12,13,287,-8
238,4,0,0,0,0,0,0,0,0
238,5,0,0,0,0,0,0,0,0
238,6,0,0,0,0,0,0,0,0
238,7,0,0,0,0,0,0,0,0
238,8,12,11,289,0,12,11,289,0
238,9,12,11,289,0,12,11,289,0
238,10,12,10,290,10,12,0,300,10
238,11,12,10,290,10,12,0,300,10
238,12,12,12,288,-6,12,18,282,-6
238,13,12,12,288,-6,12,18,282,-6
238,14,12,12,288,-6,12,18,282,-6
238,15,12,11,289,4,12,7,293,4
238,16,12,11,289,4,12,7,293,4
238,17,12,10,290,-9,12,19,281,-9
238,18,12,10,290,-9,12,19,281,-9
238,19,12,10,290,-9,12,19,281,-9
238,20,0,0,0,0,0,0,0,0
238,21,0,0,0,0,0,0,0,0
238,22,0,0,0,0,0,0,0,0
238,23,0,0,0,0,0,0,0,0
238,24,12,10,290,4,12,6,294,4
238,25,12,10,290,4,12,6,294,4
238,26,12,9,291,-5,12,14,286,-5
238,27,12,9,291,-5,12,14,286,-5
238,28,12,8,292,6,12,2,298,6
238,29,12,8,292,6,12,2,298,6
238,30,12,12,288,4,12,8,292,4
238,31,12,12,288,4,12,8,292,4
238,32,12,12,288,4,12,8,292,4
238,33,12,14,286,2,12,12,288,2
238,34,12,14,286,2,12,12,288,2
238,35,12,14,286,2,12,12,288,2
238,36,12,12,288,4,12,8,292,4
238,37,12,12,288,4,12,8,292,4
238,38,12,12,288,4,12,8,292,4
238,39,12,12,288,3,12,9,291,3
238,40,12,12,288,3,12,9,291,3
238,41,12,11,289,-9,12,20,280,-9
238,42,12,11,289,-9,12,20,280,-9
238,43,12,11,289,-9,12,20,280,-9
238,44,12,11,289,4,12,7,293,4
238,45,12,11,289,4,12,7,293,4
238,46,12,15,285,-4,12,19,281,-4
238,47,12,15,285,-4,12,19,281,-4
238,48,12,12,288,-5,12,17,283,-5
238,49,12,12,288,-5,12,17,283,-5
238,50,12,12,288,-5,12,17,283,-5
238,51,12,9,291,3,12,6,294,3
238,52,12,9,291,3,12,6,294,3
238,53,12,9,291,-7,12,16,284,-7
238,54,12,9,291,-7,12,16,284,-7
238,55,0,0,0,0,0,0,0,0
238,56,0,0,0,0,0,0,0,0
238,57,12,14,286,-1,12,15,285,-1
238,58,12,14,286,-1,12,15,285,-1
238,59,12,14,286,-1,12,15,285,-1
238,60,0,0,0,0,0,0,0,0
238,61,0,0,0,0,0,0,0,0
238,62,12,11,289,8,12,3,297,8
238,63,12,11,289,8,12,3,297,8
238,64,12,6,294,4,12,2,298,4
238,65,12,6,294,4,12,2,298,4
238,66,12,11,289,8,12,3,297,8
238,67,12,11,289,8,12,3,297,8
238,68,0,0,0,0,0,0,0,0
238,69,0,0,0,0,0,0,0,0
238,70,12,14,286,-5,12,19,281,-5
238,71,12,14,286,-5,12,19,281,-5
238,72,12,11,289,7,12,4,296,7
238,73,12,11,289,7,12,4,296,7
238,74,12,11,289,7,12,4,296,7
238,75,12,10,290,2,12,8,292,2
238,76,12,10,290,2,12,8,292,2
238,77,12,6,294,2,12,4,296,2
238,78,12,6,294,2,12,4,296,2
238,79,12,10,290,6,12,4,296,6
238,80,12,10,290,6,12,4,296,6
238,81,12,10,290,9,12,1,299,9
238,82,12,10,290,9,12,1,299,9
238,83,0,0,0,0,0,0,0,0
238,84,12,8,292,0,12,8,292,0
238,85,12,8,292,0,12,8,292,0
238,86,12,9,291,0,12,9,291,0
238,87,12,9,291,0,12,9,291,0
238,88,0,0,0,0,0,0,0,0
238,89,0,0,0,0,0,0,0,0
238,90,12,10,290,-2,12,12,288,-2
238,91,12,10,290,-2,12,12,288,-2
238,92,12,10,290,-2,12,12,288,-2
238,93,0,0,0,0,0,0,0,0
238,94,12,12,288,-9,12,21,279,-9
238,95,12,12,288,-9,12,21,279,-9
239,0,12,12,288,-9,12,21,279,-9
239,1,12,12,288,-9,12,21,279,-9
239,2,12,10,290,6,12,4,296,6
239,3,12,10,290,6,12,4,296,6
239,4,0,0,0,0,0,0,0,0
239,5,0,0,0,0,0,0,0,0
239,6,0,0,0,0,0,0,0,0
239,7,0,0,0,0,0,0,0,0
239,8,12,15,285,4,12,11,289,4
239,9,12,15,285,4,12,11,289,4
239,10,12,12,288,-10,12,22,278,-10
239,11,12,12,288,-10,12,22,278,-10
239,12,0,0,0,0,0,0,0,0
239,13,0,0,0,0,0,0,0,0
239,14,0,0,0,0,0,0,0,0
239,15,0,0,0,0,0,0,0,0
239,16,12,14,286,-7,12,21,279,-7
239,17,12,14,286,-7,12,21,279,-7
239,18,12,14,286,-7,12,21,279,-7
239,19,12,16,284,8,12,8,292,8
239,20,12,16,284,8,12,8,292,8
239,21,12,18,282,4,12,14,286,4
239,22,12,18,282,4,12,14,286,4
239,23,12,18,282,4,12,14,286,4
239,24,12,13,287,-6,12,19,281,-6
239,25,12,13,287,-6,12,19,281,-6
239,26,12,14,286,-5,12,19,281,-5
239,27,12,14,286,-5,12,19,281,-5
239,28,12,13,287,4,12,9,291,4
239,29,12,13,287,4,12,9,291,4
239,30,12,15,285,6,12,9,291,6
239,31,12,15,285,6,12,9,291,6
239,32,12,15,285,6,12,9,291,6
239,33,12,15,285,-4,12,19,281,-4
239,34,12,15,285,-4,12,19,281,-4
239,35,12,15,285,-4,12,19,281,-4
239,36,12,16,284,4,12,12,288,4
239,37,12,16,284,4,12,12,288,4
239,38,12,15,285,-2,12,17,283,-2
239,39,12,15,285,-2,12,17,283,-2
239,40,12,15,285,-6,12,21,279,-6
239,41,12,15,285,-6,12,21,279,-6
239,42,12,15,285,-6,12,21,279,-6
239,43,12,15,285,2,12,13,287,2
239,44,12,15,285,2,12,13,287,2
239,45,12,14,286,-5,12,19,281,-5
239,46,12,14,286,-5,12,19,281,-5
239,47,12,14,286,-5,12,19,281,-5
239,48,12,15,285,4,12,11,289,4
239,49,12,15,285,4,12,11,289,4
239,50,12,15,285,4,12,11,289,4
239,51,12,15,285,-10,11,0,275,-10
239,52,12,15,285,-10,11,0,275,-10
239,53,12,12,288,1,12,11,289,1
239,54,12,12,288,1,12,11,289,1
239,55,0,0,0,0,0,0,0,0
239,56,0,0,0,0,0,0,0,0
239,57,12,16,284,3,12,13,287,3
239,58,12,16,284,3,12,13,287,3
239,59,12,16,284,3,12,13,287,3
239,60,0,0,0,0,0,0,0,0
239,61,0,0,0,0,0,0,0,0
239,62,12,12,288,-4,12,16,284,-4
239,63,12,12,288,-4,12,16,284,-4
239,64,12,9,291,3,12,6,294,3
239,65,12,9,291,3,12,6,294,3
239,66,12,14,286,5,12,9,291,5
239,67,12,14,286,5,12,9,291,5
239,68,0,0,0,0,0,0,0,0
239,69,0,0,0,0,0,0,0,0
239,70,12,17,283,-9,11,1,274,-9
239,71,12,17,283,-9,11,1,274,-9
239,72,12,15,285,-2,12,17,283,-2
239,73,12,15,285,-2,12,17,283,-2
239,74,12,15,285,-2,12,17,283,-2
239,75,12,12,288,3,12,9,291,3
239,76,12,12,288,3,12,9,291,3
239,77,12,10,290,0,12,10,290,0
239,78,12,10,290,0,12,10,290,0
239,79,12,11,289,-3,12,14,286,-3
239,80,12,11,289,-3,12,14,286,-3
239,81,12,14,286,-6,12,20,280,-6
239,82,12,14,286,-6,12,20,280,-6
239,83,0,0,0,0,0,0,0,0
239,84,12,12,288,4,12,8,292,4
239,85,12,12,288,4,12,8,292,4
239,86,12,15,285,-3,12,18,282,-3
239,87,12,15,285,-3,12,18,282,-3
239,88,0,0,0,0,0,0,0,0
239,89,0,0,0,0,0,0,0,0
239,90,12,16,284,0,12,16,284,0
239,91,12,16,284,0,12,16,284,0
239,92,12,16,284,0,12,16,284,0
239,93,0,0,0,0,0,0,0,0
239,94,12,18,282,10,12,8,292,10
239,95,12,18,282,10,12,8,292,10
240,0,11,8,267,1,11,7,268,1
240,1,11,8,267,1,11,7,268,1
240,2,11,6,269,-3,11,9,266,-3
240,3,11,6,269,-3,11,9,266,-3
240,4,0,0,0,0,0,0,0,0
240,5,0,0,0,0,0,0,0,0
240,6,0,0,0,0,0,0,0,0
240,7,0,0,0,0,0,0,0,0
240,8,11,12,263,1,11,11,264,1
240,9,11,12,263,1,11,11,264,1
240,10,11,11,264,-9,11,20,255,-9
240,11,11,11,264,-9,11,20,255,-9
240,12,0,0,0,0,0,0,0,0
240,13,11,15,260,7,11,8,267,7
240,14,11,15,260,7,11,8,267,7
240,15,11,10,265,-1,11,11,264,-1
240,16,11,10,265,-1,11,11,264,-1
240,17,11,13,262,-5,11,18,257,-5
240,18,11,13,262,-5,11,18,257,-5
240,19,11,13,262,-5,11,18,257,-5
240,20,11,15,260,7,11,8,267,7
240,21,0,0,0,0,0,0,0,0
240,22,0,0,0,0,0,0,0,0
240,23,0,0,0,0,0,0,0,0
240,24,11,10,265,2,11,8,267,2
240,25,11,10,265,2,11,8,267,2
240,26,11,13,262,5,11,8,267,5
240,27,11,13,262,5,11,8,267,5
240,28,11,10,265,6,11,4,271,6
240,29,11,10,265,6,11,4,271,6
240,30,11,15,260,-2,11,17,258,-2
240,31,11,15,260,-2,11,17,258,-2
240,32,11,15,260,-2,11,17,258,-2
240,33,11,14,261,-9,11,23,252,-9
240,34,11,14,261,-9,11,23,252,-9
240,35,11,14,261,-9,11,23,252,-9
240,36,11,14,261,8,11,6,269,8
240,37,11,14,261,8,11,6,269,8
240,38,11,14,261,8,11,6,269,8
240,39,11,11,264,1,11,10,265,1
240,40,11,11,264,1,11,10,265,1
240,41,11,15,260,6,11,9,266,6
240,42,11,15,260,6,11,9,266,6
240,43,11,15,260,6,11,9,266,6
240,44,11,14,261,-3,11,17,258,-3
240,45,11,14,261,-3,11,17,258,-3
240,46,11,12,263,2,11,10,265,2
240,47,11,12,263,2,11,10,265,2
240,48,11,14,261,9,11,5,270,9
240,49,11,14,261,9,11,5,270,9
240,50,11,14,261,9,11,5,270,9
240,51,11,16,259,6,11,10,265,6
240,52,11,16,259,6,11,10,265,6
240,53,11,12,263,1,11,11,264,1
240,54,11,12,263,1,11,11,264,1
240,55,0,0,0,0,0,0,0,0
240,56,0,0,0,0,0,0,0,0
240,57,11,15,260,-8,11,23,252,-8
240,58,11,15,260,-8,11,23,252,-8
240,59,11,15,260,-8,11,23,252,-8
240,60,0,0,0,0,0,0,0,0
240,61,0,0,0,0,0,0,0,0
240,62,11,15,260,0,11,15,260,0
240,63,11,15,260,0,11,15,260,0
240,64,11,11,264,5,11,6,269,5
240,65,11,11,264,5,11,6,269,5
240,66,11,12,263,-1,11,13,262,-1
240,67,11,12,263,-1,11,13,262,-1
240,68,0,0,0,0,0,0,0,0
240,69,0,0,0,0,0,0,0,0
240,70,11,17,258,-7,11,24,251,-7
240,71,11,17,258,-7,11,24,251,-7
240,72,11,13,262,7,11,6,269,7
240,73,11,13,262,7,11,6,269,7
240,74,11,13,262,7,11,6,269,7
240,75,11,9,266,3,11,6,269,3
240,76,11,9,266,3,11,6,269,3
240,77,11,8,267,-2,11,10,265,-2
240,78,11,8,267,-2,11,10,265,-2
240,79,11,9,266,-4,11,13,262,-4
240,80,11,9,266,-4,11,13,262,-4
240,81,11,13,262,-2,11,15,260,-2
240,82,11,13,262,-2,11,15,260,-2
240,83,0,0,0,0,0,0,0,0
240,84,11,9,266,2,11,7,268,2
240,85,11,9,266,2,11,7,268,2
240,86,11,13,262,8,11,5,270,8
240,87,11,13,262,8,11,5,270,8
240,88,0,0,0,0,0,0,0,0
240,89,0,0,0,0,0,0,0,0
240,90,11,14,261,1,11,13,262,1
240,91,11,14,261,1,11,13,262,1
240,92,11,14,261,1,11,13,262,1
240,93,0,0,0,0,0,0,0,0
240,94,11,16,259,-8,11,24,251,-8
240,95,11,16,259,-8,11,24,251,-8
241,0,11,8,267,9,12,24,276,9
241,1,11,8,267,9,12,24,276,9
241,2,11,9,266,9,11,0,275,9
241,3,11,9,266,9,11,0,275,9
241,4,0,0,0,0,0,0,0,0
241,5,0,0,0,0,0,0,0,0
241,6,0,0,0,0,0,0,0,0
241,7,0,0,0,0,0,0,0,0
241,8,11,13,262,-1,11,14,261,-1
241,9,11,13,262,-1,11,14,261,-1
241,10,11,10,265,1,11,9,266,1
241,11,11,10,265,1,11,9,266,1
241,12,11,12,263,-10,11,22,253,-10
241,13,11,12,263,-10,11,22,253,-10
241,14,11,12,263,-10,11,22,253,-10
241,15,11,11,264,8,11,3,272,8
241,16,11,11,264,8,11,3,272,8
241,17,11,14,261,-3,11,17,258,-3
241,18,11,14,261,-3,11,17,258,-3
241,19,11,14,261,-3,11,17,258,-3
241,20,0,0,0,0,0,0,0,0
241,21,0,0,0,0,0,0,0,0
241,22,0,0,0,0,0,0,0,0
241,23,0,0,0,0,0,0,0,0
241,24,11,10,265,-7,11,17,258,-7
241,25,11,10,265,-7,11,17,258,-7
241,26,11,12,263,-2,11,14,261,-2
241,27,11,12,263,-2,11,14,261,-2
241,28,11,10,265,7,11,3,272,7
241,29,11,10,265,7,11,3,272,7
241,30,11,12,263,5,11,7,268,5
241,31,11,12,263,5,11,7,268,5
241,32,11,12,263,5,11,7,268,5
241,33,11,13,262,10,11,3,272,10
241,34,11,13,262,10,11,3,272,10
241,35,11,13,262,10,11,3,272,10
241,36,11,13,262,-6,11,19,256,-6
241,37,11,13,262,-6,11,19,256,-6
241,38,11,13,262,-6,11,19,256,-6
241,39,11,11,264,-9,11,20,255,-9
241,40,11,11,264,-9,11,20,255,-9
241,41,11,16,259,-10,10,1,249,-10
241,42,11,16,259,-10,10,1,249,-10
241,43,11,16,259,-10,10,1,249,-10
241,44,11,14,261,1,11,13,262,1
241,45,11,14,261,1,11,13,262,1
241,46,11,15,260,-10,10,0,250,-10
241,47,11,15,260,-10,10,0,250,-10
241,48,11,15,260,3,11,12,263,3
241,49,11,15,260,3,11,12,263,3
241,50,11,15,260,3,11,12,263,3
241,51,11,12,263,-3,11,15,260,-3
241,52,11,12,263,-3,11,15,260,-3
241,53,11,10,265,-1,11,11,264,-1
241,54,11,10,265,-1,11,11,264,-1
241,55,0,0,0,0,0,0,0,0
241,56,0,0,0,0,0,0,0,0
241,57,11,16,259,-10,10,1,249,-10
241,58,11,16,259,-10,10,1,249,-10
241,59,11,16,259,-10,10,1,249,-10
241,60,0,0,0,0,0,0,0,0
241,61,0,0,0,0,0,0,0,0
241,62,11,11,264,-6,11,17,258,-6
241,63,11,11,264,-6,11,17,258,-6
241,64,11,11,264,3,11,8,267,3
241,65,11,11,264,3,11,8,267,3
241,66,11,10,265,7,11,3,272,7
241,67,11,10,265,7,11,3,272,7
241,68,0,0,0,0,0,0,0,0
241,69,0,0,0,0,0,0,0,0
241,70,11,14,261,-1,11,15,260,-1
241,71,11,14,261,-1,11,15,260,-1
241,72,11,13,262,3,11,10,265,3
241,73,11,13,262,3,11,10,265,3
241,74,11,13,262,3,11,10,265,3
241,75,11,9,266,-3,11,12,263,-3
241,76,11,9,266,-3,11,12,263,-3
241,77,11,9,266,6,11,3,272,6
241,78,11,9,266,6,11,3,272,6
241,79,11,9,266,-1,11,10,265,-1
241,80,11,9,266,-1,11,10,265,-1
241,81,11,12,263,1,11,11,264,1
241,82,11,12,263,1,11,11,264,1
241,83,0,0,0,0,0,0,0,0
241,84,11,10,265,-3,11,13,262,-3
241,85,11,10,265,-3,11,13,262,-3
241,86,11,12,263,3,11,9,266,3
241,87,11,12,263,3,11,9,266,3
241,88,0,0,0,0,0,0,0,0
241,89,0,0,0,0,0,0,0,0
241,90,11,11,264,-10,11,21,254,-10
241,91,11,11,264,-10,11,21,254,-10
241,92,11,11,264,-10,11,21,254,-10
241,93,0,0,0,0,0,0,0,0
241,94,11,14,261,7,11,7,268,7
241,95,11,14,261,7,11,7,268,7
242,0,11,7,268,9,12,23,277,9
242,1,11,7,268,9,12,23,277,9
242,2,11,7,268,3,11,4,271,3
242,3,11,7,268,3,11,4,271,3
242,4,0,0,0,0,0,0,0,0
242,5,0,0,0,0,0,0,0,0
242,6,0,0,0,0,0,0,0,0
242,7,0,0,0,0,0,0,0,0
242,8,12,6,294,0,12,6,294,0
242,9,11,13,262,-9,11,22,253,-9
242,10,11,10,265,-3,11,13,262,-3
242,11,11,10,265,-3,11,13,262,-3
242,12,11,11,264,-10,11,21,254,-10
242,13,11,11,264,-10,11,21,254,-10
242,14,11,11,264,-10,11,21,254,-10
242,15,11,12,263,1,11,11,264,1
242,16,11,12,263,1,11,11,264,1
242,17,11,12,263,-6,11,18,257,-6
242,18,11,12,263,-6,11,18,257,-6
242,19,11,12,263,-6,11,18,257,-6
242,20,0,0,0,0,0,0,0,0
242,21,0,0,0,0,0,0,0,0
242,22,0,0,0,0,0,0,0,0
242,23,0,0,0,0,0,0,0,0
242,24,11,10,265,2,11,8,267,2
242,25,11,10,265,2,11,8,267,2
242,26,11,12,263,-8,11,20,255,-8
242,27,11,12,263,-8,11,20,255,-8
242,28,11,9,266,-10,11,19,256,-10
242,29,11,9,266,-10,11,19,256,-10
242,30,11,13,262,-10,11,23,252,-10
242,31,11,13,262,-10,11,23,252,-10
242,32,11,13,262,-10,11,23,252,-10
242,33,11,14,261,-6,11,20,255,-6
242,34,11,14,261,-6,11,20,255,-6
242,35,11,14,261,-6,11,20,255,-6
242,36,11,12,263,4,11,8,267,4
242,37,11,12,263,4,11,8,267,4
242,38,11,12,263,4,11,8,267,4
242,39,11,11,264,-6,11,17,258,-6
242,40,11,11,264,-6,11,17,258,-6
242,41,11,14,261,-3,11,17,258,-3
242,42,11,14,261,-3,11,17,258,-3
242,43,11,14,261,-3,11,17,258,-3
242,44,11,11,264,1,11,10,265,1
242,45,11,11,264,1,11,10,265,1
242,46,11,13,262,-2,11,15,260,-2
242,47,11,13,262,-2,11,15,260,-2
242,48,11,10,265,-2,11,12,263,-2
242,49,11,10,265,-2,11,12,263,-2
242,50,11,10,265,-2,11,12,263,-2
242,51,11,10,265,-5,11,15,260,-5
242,52,11,10,265,-5,11,15,260,-5
242,53,11,9,266,-8,11,17,258,-8
242,54,11,9,266,-8,11,17,258,-8
242,55,0,0,0,0,0,0,0,0
242,56,0,0,0,0,0,0,0,0
242,57,11,15,260,2,11,13,262,2
242,58,11,15,260,2,11,13,262,2
242,59,11,15,260,2,11,13,262,2
242,60,0,0,0,0,0,0,0,0
242,61,0,0,0,0,0,0,0,0
242,62,11,12,263,-10,11,22,253,-10
242,63,11,12,263,-10,11,22,253,-10
242,64,11,10,265,9,11,1,274,9
242,65,11,10,265,9,11,1,274,9
242,66,11,12,263,5,11,7,268,5
242,67,11,12,263,5,11,7,268,5
242,68,0,0,0,0,0,0,0,0
242,69,0,0,0,0,0,0,0,0
242,70,11,14,261,-1,11,15,260,-1
242,71,11,14,261,-1,11,15,260,-1
242,72,11,10,265,-7,11,17,258,-7
242,73,11,10,265,-7,11,17,258,-7
242,74,11,10,265,-7,11,17,258,-7
242,75,11,9,266,-10,11,19,256,-10
242,76,11,9,266,-10,11,19,256,-10
242,77,11,10,265,-1,11,11,264,-1
242,78,11,10,265,-1,11,11,264,-1
242,79,11,6,269,-7,11,13,262,-7
242,80,11,6,269,-7,11,13,262,-7
242,81,11,10,265,-6,11,16,259,-6
242,82,11,10,265,-6,11,16,259,-6
242,83,0,0,0,0,0,0,0,0
242,84,11,11,264,7,11,4,271,7
242,85,11,11,264,7,11,4,271,7
242,86,11,14,261,7,11,7,268,7
242,87,11,14,261,7,11,7,268,7
242,88,0,0,0,0,0,0,0,0
242,89,0,0,0,0,0,0,0,0
242,90,11,12,263,10,11,2,273,10
242,91,11,12,263,10,11,2,273,10
242,92,11,12,263,10,11,2,273,10
242,93,0,0,0,0,0,0,0,0
242,94,11,15,260,-6,11,21,254,-6
242,95,11,15,260,-6,11,21,254,-6
243,0,10,11,239,-5,10,16,234,-5
243,1,0,0,0,0,0,0,0,0
243,2,10,9,241,-9,10,18,232,-9
243,3,10,9,241,-9,10,18,232,-9
243,4,10,11,239,-5,10,16,234,-5
243,5,0,0,0,0,0,0,0,0
243,6,0,0,0,0,0,0,0,0
243,7,0,0,0,0,0,0,0,0
243,8,10,12,238,-10,10,22,228,-10
243,9,10,12,238,-10,10,22,228,-10
243,10,10,10,240,-8,10,18,232,-8
243,11,10,10,240,-8,10,18,232,-8
243,12,10,13,237,0,10,13,237,0
243,13,10,13,237,0,10,13,237,0
243,14,10,13,237,0,10,13,237,0
243,15,10,10,240,-1,10,11,239,-1
243,16,10,10,240,-1,10,11,239,-1
243,17,10,10,240,6,10,4,246,6
243,18,10,10,240,6,10,4,246,6
243,19,10,10,240,6,10,4,246,6
243,20,0,0,0,0,0,0,0,0
243,21,0,0,0,0,0,0,0,0
243,22,0,0,0,0,0,0,0,0
243,23,0,0,0,0,0,0,0,0
243,24,10,11,239,-1,10,12,238,-1
243,25,10,11,239,-1,10,12,238,-1
243,26,10,11,239,1,10,10,240,1
243,27,10,11,239,1,10,10,240,1
243,28,10,8,242,-7,10,15,235,-7
243,29,10,8,242,-7,10,15,235,-7
243,30,10,13,237,-1,10,14,236,-1
243,31,10,13,237,-1,10,14,236,-1
243,32,10,13,237,-1,10,14,236,-1
243,33,10,15,235,9,10,6,244,9
243,34,10,15,235,9,10,6,244,9
243,35,10,15,235,9,10,6,244,9
243,36,10,13,237,0,10,13,237,0
243,37,10,13,237,0,10,13,237,0
243,38,10,13,237,0,10,13,237,0
243,39,10,13,237,8,10,5,245,8
243,40,10,13,237,8,10,5,245,8
243,41,10,12,238,8,10,4,246,8
243,42,10,12,238,8,10,4,246,8
243,43,10,12,238,8,10,4,246,8
243,44,10,13,237,0,10,13,237,0
243,45,10,13,237,0,10,13,237,0
243,46,10,10,240,8,10,2,248,8
243,47,10,10,240,8,10,2,248,8
243,48,10,13,237,-6,10,19,231,-6
243,49,10,13,237,-6,10,19,231,-6
243,50,10,13,237,-6,10,19,231,-6
243,51,10,13,237,8,10,5,245,8
243,52,10,13,237,8,10,5,245,8
243,53,10,8,242,2,10,6,244,2
243,54,10,8,242,2,10,6,244,2
243,55,0,0,0,0,0,0,0,0
243,56,0,0,0,0,0,0,0,0
243,57,10,14,236,8,10,6,244,8
243,58,10,14,236,8,10,6,244,8
243,59,10,14,236,8,10,6,244,8
243,60,0,0,0,0,0,0,0,0
243,61,0,0,0,0,0,0,0,0
243,62,10,13,237,6,10,7,243,6
243,63,10,13,237,6,10,7,243,6
243,64,10,11,239,-9,10,20,230,-9
243,65,10,11,239,-9,10,20,230,-9
243,66,10,13,237,1,10,12,238,1
243,67,10,13,237,1,10,12,238,1
243,68,0,0,0,0,0,0,0,0
243,69,0,0,0,0,0,0,0,0
243,70,10,12,238,4,10,8,242,4
243,71,10,12,238,4,10,8,242,4
243,72,10,11,239,-4,10,15,235,-4
243,73,10,11,239,-4,10,15,235,-4
243,74,10,11,239,-4,10,15,235,-4
243,75,10,8,242,8,10,0,250,8
243,76,10,8,242,8,10,0,250,8
243,77,10,8,242,3,10,5,245,3
243,78,10,8,242,3,10,5,245,3
243,79,10,10,240,10,10,0,250,10
243,80,10,10,240,10,10,0,250,10
243,81,10,11,239,5,10,6,244,5
243,82,10,11,239,5,10,6,244,5
243,83,0,0,0,0,0,0,0,0
243,84,10,10,240,-5,10,15,235,-5
243,85,10,10,240,-5,10,15,235,-5
243,86,10,13,237,1,10,12,238,1
243,87,10,13,237,1,10,12,238,1
243,88,0,0,0,0,0,0,0,0
243,89,0,0,0,0,0,0,0,0
243,90,10,12,238,4,10,8,242,4
243,91,10,12,238,4,10,8,242,4
243,92,10,12,238,4,10,8,242,4
243,93,0,0,0,0,0,0,0,0
243,94,10,16,234,-6,10,22,228,-6
243,95,10,16,234,-6,10,22,228,-6
244,0,10,11,239,5,10,6,244,5
244,1,10,11,239,5,10,6,244,5
244,2,10,11,239,5,10,6,244,5
244,3,10,13,237,7,10,6,244,7
244,4,10,13,237,7,10,6,244,7
244,5,10,8,242,10,11,23,252,10
244,6,10,8,242,10,11,23,252,10
244,7,10,8,242,2,10,6,244,2
244,8,10,8,242,2,10,6,244,2
244,9,10,14,236,-8,10,22,228,-8
244,10,10,14,236,-8,10,22,228,-8
244,11,10,14,236,-8,10,22,228,-8
244,12,10,10,240,-9,10,19,231,-9
244,13,10,10,240,-9,10,19,231,-9
244,14,10,12,238,-1,10,13,237,-1
244,15,10,12,238,-1,10,13,237,-1
244,16,10,9,241,-6,10,15,235,-6
244,17,10,9,241,-6,10,15,235,-6
244,18,10,9,241,6,10,3,247,6
244,19,10,9,241,6,10,3,247,6
244,20,0,0,0,0,0,0,0,0
244,21,0,0,0,0,0,0,0,0
244,22,10,12,238,-6,10,18,232,-6
244,23,10,12,238,-6,10,18,232,-6
244,24,10,13,237,1,10,12,238,1
244,25,10,13,237,1,10,12,238,1
244,26,10,13,237,1,10,12,238,1
244,27,10,9,241,-6,10,15,235,-6
244,28,10,9,241,-6,10,15,235,-6
244,29,10,9,241,3,10,6,244,3
244,30,10,9,241,3,10,6,244,3
244,31,10,9,241,-10,10,19,231,-10
244,32,10,9,241,-10,10,19,231,-10
244,33,10,10,240,-8,10,18,232,-8
244,34,10,10,240,-8,10,18,232,-8
244,35,0,0,0,0,0,0,0,0
244,36,10,11,239,0,10,11,239,0
244,37,10,11,239,0,10,11,239,0
244,38,10,13,237,10,10,3,247,10
244,39,10,13,237,10,10,3,247,10
244,40,10,12,238,-7,10,19,231,-7
244,41,10,12,238,-7,10,19,231,-7
244,42,10,13,237,-1,10,14,236,-1
244,43,10,13,237,-1,10,14,236,-1
244,44,10,13,237,-1,10,14,236,-1
244,45,0,0,0,0,0,0,0,0
244,46,10,13,237,10,10,3,247,10
244,47,10,13,237,10,10,3,247,10
244,48,10,14,236,-6,10,20,230,-6
244,49,10,14,236,-6,10,20,230,-6
244,50,10,14,236,-6,10,20,230,-6
244,51,10,13,237,5,10,8,242,5
244,52,10,13,237,5,10,8,242,5
244,53,10,8,242,-10,10,18,232,-10
244,54,10,8,242,-10,10,18,232,-10
244,55,10,10,240,3,10,7,243,3
244,56,10,10,240,3,10,7,243,3
244,57,10,12,238,5,10,7,243,5
244,58,10,12,238,5,10,7,243,5
244,59,10,12,238,5,10,7,243,5
244,60,10,9,241,10,11,24,251,10
244,61,10,9,241,10,11,24,251,10
244,62,10,14,236,4,10,10,240,4
244,63,10,14,236,4,10,10,240,4
244,64,10,11,239,-4,10,15,235,-4
244,65,10,11,239,-4,10,15,235,-4
244,66,10,11,239,-9,10,20,230,-9
244,67,10,11,239,-9,10,20,230,-9
244,68,0,0,0,0,0,0,0,0
244,69,0,0,0,0,0,0,0,0
244,70,10,16,234,-8,10,24,226,-8
244,71,10,16,234,-8,10,24,226,-8
244,72,10,12,238,7,10,5,245,7
244,73,10,12,238,7,10,5,245,7
244,74,10,12,238,7,10,5,245,7
244,75,10,11,239,2,10,9,241,2
244,76,10,11,239,2,10,9,241,2
244,77,10,11,239,-4,10,15,235,-4
244,78,10,11,239,-4,10,15,235,-4
244,79,10,11,239,10,10,1,249,10
244,80,10,11,239,10,10,1,249,10
244,81,10,13,237,9,10,4,246,9
244,82,10,13,237,9,10,4,246,9
244,83,0,0,0,0,0,0,0,0
244,84,10,11,239,-6,10,17,233,-6
244,85,10,11,239,-6,10,17,233,-6
244,86,10,15,235,7,10,8,242,7
244,87,10,15,235,7,10,8,242,7
244,88,10,11,239,7,10,4,246,7
244,89,10,11,239,7,10,4,246,7
244,90,10,10,240,-4,10,14,236,-4
244,91,10,10,240,-4,10,14,236,-4
244,92,10,10,240,-4,10,14,236,-4
244,93,0,0,0,0,0,0,0,0
244,94,10,14,236,6,10,8,242,6
244,95,10,14,236,6,10,8,242,6
245,0,10,14,236,9,10,5,245,9
245,1,10,14,236,9,10,5,245,9
245,2,10,10,240,-10,10,20,230,-10
245,3,10,10,240,-10,10,20,230,-10
245,4,10,10,240,8,10,2,248,8
245,5,10,10,240,8,10,2,248,8
245,6,10,11,239,8,10,3,247,8
245,7,10,11,239,8,10,3,247,8
245,8,10,11,239,0,10,11,239,0
245,9,10,11,239,0,10,11,239,0
245,10,10,12,238,-3,10,15,235,-3
245,11,10,12,238,-3,10,15,235,-3
245,12,10,15,235,8,10,7,243,8
245,13,10,15,235,8,10,7,243,8
245,14,10,15,235,8,10,7,243,8
245,15,10,12,238,0,10,12,238,0
245,16,10,12,238,0,10,12,238,0
245,17,10,11,239,-2,10,13,237,-2
245,18,10,11,239,-2,10,13,237,-2
245,19,10,11,239,-2,10,13,237,-2
245,20,0,0,0,0,0,0,0,0
245,21,0,0,0,0,0,0,0,0
245,22,0,0,0,0,0,0,0,0
245,23,0,0,0,0,0,0,0,0
245,24,10,8,242,-6,10,14,236,-6
245,25,10,8,242,-6,10,14,236,-6
245,26,10,15,235,6,10,9,241,6
245,27,10,15,235,6,10,9,241,6
245,28,10,9,241,9,10,0,250,9
245,29,10,9,241,9,10,0,250,9
245,30,10,13,237,7,10,6,244,7
245,31,10,13,237,7,10,6,244,7
245,32,10,13,237,7,10,6,244,7
245,33,10,14,236,2,10,12,238,2
245,34,10,14,236,2,10,12,238,2
245,35,10,14,236,2,10,12,238,2
245,36,10,14,236,6,10,8,242,6
245,37,10,14,236,6,10,8,242,6
245,38,10,14,236,6,10,8,242,6
245,39,10,13,237,-8,10,21,229,-8
245,40,10,13,237,-8,10,21,229,-8
245,41,10,12,238,0,10,12,238,0
245,42,10,12,238,0,10,12,238,0
245,43,10,12,238,0,10,12,238,0
245,44,10,13,237,4,10,9,241,4
245,45,10,13,237,4,10,9,241,4
245,46,10,14,236,5,10,9,241,5
245,47,10,14,236,5,10,9,241,5
245,48,10,14,236,-2,10,16,234,-2
245,49,10,14,236,-2,10,16,234,-2
245,50,10,10,240,0,10,10,240,0
245,51,10,10,240,0,10,10,240,0
245,52,10,11,239,-7,10,18,232,-7
245,53,10,11,239,-7,10,18,232,-7
245,54,10,11,239,8,10,3,247,8
245,55,10,11,239,8,10,3,247,8
245,56,10,14,236,3,10,11,239,3
245,57,10,14,236,3,10,11,239,3
245,58,10,11,239,4,10,7,243,4
245,59,10,11,239,4,10,7,243,4
245,60,10,15,235,6,10,9,241,6
245,61,10,15,235,6,10,9,241,6
245,62,10,15,235,6,10,9,241,6
245,63,10,14,236,-8,10,22,228,-8
245,64,10,14,236,-8,10,22,228,-8
245,65,10,14,236,8,10,6,244,8
245,66,10,14,236,8,10,6,244,8
245,67,10,14,236,8,10,6,244,8
245,68,10,14,236,-3,10,17,233,-3
245,69,0,0,0,0,0,0,0,0
245,70,0,0,0,0,0,0,0,0
245,71,0,0,0,0,0,0,0,0
245,72,10,10,240,5,10,5,245,5
245,73,10,10,240,5,10,5,245,5
245,74,10,14,236,-2,10,16,234,-2
245,75,10,14,236,-2,10,16,234,-2
245,76,10,11,239,-5,10,16,234,-5
245,77,10,11,239,-5,10,16,234,-5
245,78,10,15,235,-6,10,21,229,-6
245,79,10,15,235,-6,10,21,229,-6
245,80,10,15,235,-6,10,21,229,-6
245,81,10,14,236,7,10,7,243,7
245,82,10,14,236,7,10,7,243,7
245,83,10,14,236,7,10,7,243,7
245,84,10,13,237,1,10,12,238,1
245,85,10,13,237,1,10,12,238,1
245,86,10,13,237,1,10,12,238,1
245,87,10,15,235,-1,10,16,234,-1
245,88,10,15,235,-1,10,16,234,-1
245,89,10,15,235,10,10,5,245,10
245,90,10,15,235,10,10,5,245,10
245,91,10,15,235,10,10,5,245,10
245,92,10,14,236,-3,10,17,233,-3
245,93,0,0,0,0,0,0,0,0
245,94,10,16,234,-1,10,17,233,-1
245,95,10,16,234,-1,10,17,233,-1
246,0,11,13,262,-10,11,23,252,-10
246,1,11,13,262,-10,11,23,252,-10
246,2,11,9,266,5,11,4,271,5
246,3,11,9,266,5,11,4,271,5
246,4,11,11,264,-6,11,17,258,-6
246,5,11,11,264,-6,11,17,258,-6
246,6,11,10,265,-1,11,11,264,-1
246,7,11,10,265,-1,11,11,264,-1
246,8,11,11,264,0,11,11,264,0
246,9,11,11,264,0,11,11,264,0
246,10,11,12,263,-9,11,21,254,-9
246,11,11,12,263,-9,11,21,254,-9
246,12,11,15,260,9,11,6,269,9
246,13,11,15,260,9,11,6,269,9
246,14,11,15,260,9,11,6,269,9
246,15,11,12,263,-7,11,19,256,-7
246,16,11,12,263,-7,11,19,256,-7
246,17,11,11,264,7,11,4,271,7
246,18,11,11,264,7,11,4,271,7
246,19,11,11,264,7,11,4,271,7
246,20,0,0,0,0,0,0,0,0
246,21,0,0,0,0,0,0,0,0
246,22,0,0,0,0,0,0,0,0
246,23,0,0,0,0,0,0,0,0
246,24,11,9,266,-7,11,16,259,-7
246,25,11,9,266,-7,11,16,259,-7
246,26,11,13,262,7,11,6,269,7
246,27,11,13,262,7,11,6,269,7
246,28,11,8,267,0,11,8,267,0
246,29,11,8,267,0,11,8,267,0
246,30,11,13,262,7,11,6,269,7
246,31,11,13,262,7,11,6,269,7
246,32,11,13,262,7,11,6,269,7
246,33,11,13,262,4,11,9,266,4
246,34,11,13,262,4,11,9,266,4
246,35,11,13,262,4,11,9,266,4
246,36,11,11,264,7,11,4,271,7
246,37,11,11,264,7,11,4,271,7
246,38,11,11,264,7,11,4,271,7
246,39,11,15,260,1,11,14,261,1
246,40,11,15,260,1,11,14,261,1
246,41,11,15,260,2,11,13,262,2
246,42,11,15,260,2,11,13,262,2
246,43,11,15,260,2,11,13,262,2
246,44,11,14,261,5,11,9,266,5
246,45,11,14,261,5,11,9,266,5
246,46,11,15,260,6,11,9,266,6
246,47,11,15,260,6,11,9,266,6
246,48,11,13,262,4,11,9,266,4
246,49,11,13,262,4,11,9,266,4
246,50,11,10,265,-8,11,18,257,-8
246,51,11,10,265,-8,11,18,257,-8
246,52,11,12,263,-5,11,17,258,-5
246,53,11,12,263,-5,11,17,258,-5
246,54,11,12,263,-6,11,18,257,-6
246,55,11,12,263,-6,11,18,257,-6
246,56,11,13,262,7,11,6,269,7
246,57,11,13,262,7,11,6,269,7
246,58,11,13,262,4,11,9,266,4
246,59,11,13,262,4,11,9,266,4
246,60,11,15,260,-8,11,23,252,-8
246,61,11,15,260,-8,11,23,252,-8
246,62,11,15,260,-8,11,23,252,-8
246,63,11,12,263,-8,11,20,255,-8
246,64,11,12,263,-8,11,20,255,-8
246,65,11,13,262,-10,11,23,252,-10
246,66,11,13,262,-10,11,23,252,-10
246,67,11,13,262,-10,11,23,252,-10
246,68,0,0,0,0,0,0,0,0
246,69,0,0,0,0,0,0,0,0
246,70,0,0,0,0,0,0,0,0
246,71,0,0,0,0,0,0,0,0
246,72,11,10,265,-9,11,19,256,-9
246,73,11,10,265,-9,11,19,256,-9
246,74,11,14,261,-9,11,23,252,-9
246,75,11,14,261,-9,11,23,252,-9
246,76,11,13,262,6,11,7,268,6
246,77,11,13,262,6,11,7,268,6
246,78,11,13,262,6,11,7,268,6
246,79,11,13,262,6,11,7,268,6
246,80,11,13,262,6,11,7,268,6
246,81,11,14,261,3,11,11,264,3
246,82,11,14,261,3,11,11,264,3
246,83,11,14,261,3,11,11,264,3
246,84,11,14,261,-9,11,23,252,-9
246,85,11,14,261,-9,11,23,252,-9
246,86,11,14,261,-9,11,23,252,-9
246,87,11,14,261,5,11,9,266,5
246,88,11,14,261,5,11,9,266,5
246,89,11,15,260,-3,11,18,257,-3
246,90,11,15,260,-3,11,18,257,-3
246,91,11,15,260,-3,11,18,257,-3
246,92,11,14,261,-7,11,21,254,-7
246,93,11,14,261,-7,11,21,254,-7
246,94,11,14,261,-2,11,16,259,-2
246,95,11,14,261,-2,11,16,259,-2
247,0,11,11,264,-7,11,18,257,-7
247,1,11,11,264,-7,11,18,257,-7
247,2,11,11,264,-7,11,18,257,-7
247,3,11,12,263,3,11,9,266,3
247,4,11,12,263,3,11,9,266,3
247,5,11,11,264,10,11,1,274,10
247,6,11,11,264,10,11,1,274,10
247,7,11,9,266,-10,11,19,256,-10
247,8,11,9,266,-10,11,19,256,-10
247,9,11,14,261,-7,11,21,254,-7
247,10,11,14,261,-7,11,21,254,-7
247,11,11,14,261,-7,11,21,254,-7
247,12,11,11,264,-8,11,19,256,-8
247,13,11,11,264,-8,11,19,256,-8
247,14,11,10,265,-3,11,13,262,-3
247,15,11,10,265,-3,11,13,262,-3
247,16,11,7,268,5,11,2,273,5
247,17,11,7,268,5,11,2,273,5
247,18,11,11,264,-5,11,16,259,-5
247,19,11,11,264,-5,11,16,259,-5
247,20,0,0,0,0,0,0,0,0
247,21,0,0,0,0,0,0,0,0
247,22,11,15,260,5,11,10,265,5
247,23,11,15,260,5,11,10,265,5
247,24,11,12,263,10,11,2,273,10
247,25,11,12,263,10,11,2,273,10
247,26,11,12,263,10,11,2,273,10
247,27,11,9,266,9,11,0,275,9
247,28,11,9,266,9,11,0,275,9
247,29,11,11,264,6,11,5,270,6
247,30,11,11,264,6,11,5,270,6
247,31,11,10,265,-10,11,20,255,-10
247,32,11,10,265,-10,11,20,255,-10
247,33,11,11,264,6,11,5,270,6
247,34,11,11,264,6,11,5,270,6
247,35,0,0,0,0,0,0,0,0
247,36,11,11,264,2,11,9,266,2
247,37,11,11,264,2,11,9,266,2
247,38,11,13,262,5,11,8,267,5
247,39,11,13,262,5,11,8,267,5
247,40,11,11,264,-4,11,15,260,-4
247,41,11,11,264,-4,11,15,260,-4
247,42,11,13,262,10,11,3,272,10
247,43,11,13,262,10,11,3,272,10
247,44,11,13,262,10,11,3,272,10
247,45,0,0,0,0,0,0,0,0
247,46,11,12,263,-8,11,20,255,-8
247,47,11,12,263,-8,11,20,255,-8
247,48,11,13,262,0,11,13,262,0
247,49,11,13,262,0,11,13,262,0
247,50,11,13,262,0,11,13,262,0
247,51,11,11,264,-4,11,15,260,-4
247,52,11,11,264,-4,11,15,260,-4
247,53,11,10,265,9,11,1,274,9
247,54,11,10,265,9,11,1,274,9
247,55,11,10,265,1,11,9,266,1
247,56,11,10,265,1,11,9,266,1
247,57,11,16,259,0,11,16,259,0
247,58,11,16,259,0,11,16,259,0
247,59,11,16,259,0,11,16,259,0
247,60,11,11,264,-2,11,13,262,-2
247,61,11,11,264,-2,11,13,262,-2
247,62,11,13,262,-3,11,16,259,-3
247,63,11,13,262,-3,11,16,259,-3
247,64,11,11,264,-5,11,16,259,-5
247,65,11,11,264,-5,11,16,259,-5
247,66,11,15,260,5,11,10,265,5
247,67,11,15,260,5,11,10,265,5
247,68,0,0,0,0,0,0,0,0
247,69,0,0,0,0,0,0,0,0
247,70,11,15,260,-3,11,18,257,-3
247,71,11,15,260,-3,11,18,257,-3
247,72,11,14,261,-4,11,18,257,-4
247,73,11,14,261,-4,11,18,257,-4
247,74,11,14,261,-4,11,18,257,-4
247,75,11,11,264,-7,11,18,257,-7
247,76,11,11,264,-7,11,18,257,-7
247,77,11,11,264,-7,11,18,257,-7
247,78,11,11,264,-7,11,18,257,-7
247,79,11,10,265,2,11,8,267,2
247,80,11,10,265,2,11,8,267,2
247,81,11,14,261,8,11,6,269,8
247,82,11,14,261,8,11,6,269,8
247,83,0,0,0,0,0,0,0,0
247,84,11,13,262,0,11,13,262,0
247,85,11,13,262,0,11,13,262,0
247,86,11,14,261,7,11,7,268,7
247,87,11,14,261,7,11,7,268,7
247,88,11,9,266,-9,11,18,257,-9
247,89,11,9,266,-9,11,18,257,-9
247,90,11,14,261,8,11,6,269,8
247,91,11,14,261,8,11,6,269,8
247,92,11,14,261,8,11,6,269,8
247,93,0,0,0,0,0,0,0,0
247,94,11,15,260,5,11,10,265,5
247,95,11,15,260,5,11,10,265,5
248,0,12,11,289,1,12,10,290,1
248,1,12,11,289,1,12,10,290,1
248,2,12,11,289,1,12,10,290,1
248,3,12,10,290,9,12,1,299,9
248,4,12,10,290,9,12,1,299,9
248,5,12,8,292,2,12,6,294,2
248,6,12,8,292,2,12,6,294,2
248,7,12,6,294,-8,12,14,286,-8
248,8,12,6,294,-8,12,14,286,-8
248,9,12,11,289,-4,12,15,285,-4
248,10,12,11,289,-4,12,15,285,-4
248,11,12,11,289,-4,12,15,285,-4
248,12,12,5,295,1,12,4,296,1
248,13,13,9,316,0,13,9,316,0
248,14,12,8,292,8,12,0,300,8
248,15,12,8,292,8,12,0,300,8
248,16,12,8,292,-3,12,11,289,-3
248,17,12,8,292,-3,12,11,289,-3
248,18,12,8,292,-4,12,12,288,-4
248,19,12,8,292,-4,12,12,288,-4
248,20,0,0,0,0,0,0,0,0
248,21,0,0,0,0,0,0,0,0
248,22,12,13,287,-7,12,20,280,-7
248,23,12,13,287,-7,12,20,280,-7
248,24,12,9,291,-8,12,17,283,-8
248,25,12,9,291,-8,12,17,283,-8
248,26,12,9,291,-8,12,17,283,-8
248,27,12,6,294,-5,12,11,289,-5
248,28,12,6,294,-5,12,11,289,-5
248,29,12,8,292,8,12,0,300,8
248,30,12,8,292,8,12,0,300,8
248,31,12,8,292,0,12,8,292,0
248,32,12,8,292,0,12,8,292,0
248,33,12,11,289,-8,12,19,281,-8
248,34,12,11,289,-8,12,19,281,-8
248,35,0,0,0,0,0,0,0,0
248,36,12,8,292,-1,12,9,291,-1
248,37,12,8,292,-1,12,9,291,-1
248,38,12,10,290,-6,12,16,284,-6
248,39,12,10,290,-6,12,16,284,-6
248,40,12,9,291,-4,12,13,287,-4
248,41,12,9,291,-4,12,13,287,-4
248,42,12,14,286,-6,12,20,280,-6
248,43,12,14,286,-6,12,20,280,-6
248,44,12,14,286,-6,12,20,280,-6
248,45,0,0,0,0,0,0,0,0
248,46,13,9,316,0,13,9,316,0
248,47,13,9,316,0,13,9,316,0
248,48,12,11,289,-6,12,17,283,-6
248,49,0,0,0,0,0,0,0,0
248,50,12,11,289,-6,12,17,283,-6
248,51,12,10,290,-8,12,18,282,-8
248,52,12,10,290,-8,12,18,282,-8
248,53,12,9,291,8,12,1,299,8
248,54,12,9,291,8,12,1,299,8
248,55,12,8,292,-10,12,18,282,-10
248,56,12,8,292,-10,12,18,282,-10
248,57,12,14,286,7,12,7,293,7
248,58,12,14,286,7,12,7,293,7
248,59,12,11,289,-6,12,17,283,-6
248,60,12,7,293,8,13,24,301,8
248,61,12,7,293,8,13,24,301,8
248,62,12,10,290,6,12,4,296,6
248,63,12,10,290,6,12,4,296,6
248,64,12,7,293,-9,12,16,284,-9
248,65,12,7,293,-9,12,16,284,-9
248,66,12,10,290,-9,12,19,281,-9
248,67,12,10,290,-9,12,19,281,-9
248,68,12,14,286,7,12,7,293,7
248,69,0,0,0,0,0,0,0,0
248,70,12,14,286,5,12,9,291,5
248,71,12,14,286,5,12,9,291,5
248,72,12,10,290,-10,12,20,280,-10
248,73,12,10,290,-10,12,20,280,-10
248,74,12,10,290,-10,12,20,280,-10
248,75,12,10,290,-1,12,11,289,-1
248,76,12,10,290,-1,12,11,289,-1
248,77,12,5,295,4,12,1,299,4
248,78,12,5,295,4,12,1,299,4
248,79,12,7,293,5,12,2,298,5
248,80,12,7,293,5,12,2,298,5
248,81,12,11,289,-6,12,17,283,-6
248,82,12,11,289,-6,12,17,283,-6
248,83,0,0,0,0,0,0,0,0
248,84,12,9,291,-7,12,16,284,-7
248,85,12,9,291,-7,12,16,284,-7
248,86,12,13,287,6,12,7,293,6
248,87,12,13,287,6,12,7,293,6
248,88,12,8,292,9,13,24,301,9
248,89,12,8,292,9,13,24,301,9
248,90,12,11,289,7,12,4,296,7
248,91,12,11,289,7,12,4,296,7
248,92,12,11,289,7,12,4,296,7
248,93,0,0,0,0,0,0,0,0
248,94,12,14,286,1,12,13,287,1
248,95,12,14,286,1,12,13,287,1
249,0,12,9,291,9,12,0,300,9
249,1,12,9,291,9,12,0,300,9
249,2,12,6,294,7,13,24,301,7
249,3,12,6,294,7,13,24,301,7
249,4,12,9,291,-3,12,12,288,-3
249,5,12,9,291,-3,12,12,288,-3
249,6,12,8,292,6,12,2,298,6
249,7,12,8,292,6,12,2,298,6
249,8,12,10,290,-10,12,20,280,-10
249,9,12,10,290,-10,12,20,280,-10
249,10,12,6,294,8,13,23,302,8
249,11,12,6,294,8,13,23,302,8
249,12,12,12,288,2,12,10,290,2
249,13,12,12,288,2,12,10,290,2
249,14,12,12,288,2,12,10,290,2
249,15,12,10,290,10,12,0,300,10
249,16,12,10,290,10,12,0,300,10
249,17,12,10,290,-5,12,15,285,-5
249,18,12,10,290,-5,12,15,285,-5
249,19,12,10,290,-5,12,15,285,-5
249,20,0,0,0,0,0,0,0,0
249,21,0,0,0,0,0,0,0,0
249,22,0,0,0,0,0,0,0,0
249,23,0,0,0,0,0,0,0,0
249,24,12,9,291,-10,12,19,281,-10
249,25,12,9,291,-10,12,19,281,-10
249,26,12,11,289,9,12,2,298,9
249,27,12,11,289,9,12,2,298,9
249,28,12,9,291,10,13,24,301,10
249,29,12,9,291,10,13,24,301,10
249,30,12,12,288,5,12,7,293,5
249,31,12,12,288,5,12,7,293,5
249,32,12,12,288,5,12,7,293,5
249,33,12,11,289,0,12,11,289,0
249,34,12,11,289,0,12,11,289,0
249,35,12,11,289,0,12,11,289,0
249,36,12,12,288,-10,12,22,278,-10
249,37,12,12,288,-10,12,22,278,-10
249,38,12,12,288,-10,12,22,278,-10
249,39,12,13,287,-10,12,23,277,-10
249,40,12,13,287,-10,12,23,277,-10
249,41,12,10,290,1,12,9,291,1
249,42,12,10,290,1,12,9,291,1
249,43,12,10,290,1,12,9,291,1
249,44,12,11,289,3,12,8,292,3
249,45,12,11,289,3,12,8,292,3
249,46,12,12,288,-3,12,15,285,-3
249,47,12,12,288,-3,12,15,285,-3
249,48,13,10,315,0,13,10,315,0
249,49,13,10,315,0,13,10,315,0
249,50,12,7,293,-8,12,15,285,-8
249,51,12,7,293,-8,12,15,285,-8
249,52,12,7,293,-10,12,17,283,-10
249,53,12,7,293,-10,12,17,283,-10
249,54,12,10,290,-4,12,14,286,-4
249,55,12,10,290,-4,12,14,286,-4
249,56,12,12,288,-6,12,18,282,-6
249,57,12,12,288,-6,12,18,282,-6
249,58,12,12,288,-8,12,20,280,-8
249,59,12,12,288,-8,12,20,280,-8
249,60,12,13,287,0,12,13,287,0
249,61,12,13,287,0,12,13,287,0
249,62,12,13,287,0,12,13,287,0
249,63,12,16,284,7,12,9,291,7
249,64,12,16,284,7,12,9,291,7
249,65,12,11,289,3,12,8,292,3
249,66,12,11,289,3,12,8,292,3
249,67,12,11,289,3,12,8,292,3
249,68,0,0,0,0,0,0,0,0
249,69,0,0,0,0,0,0,0,0
249,70,0,0,0,0,0,0,0,0
249,71,0,0,0,0,0,0,0,0
249,72,12,9,291,-4,12,13,287,-4
249,73,12,9,291,-4,12,13,287,-4
249,74,12,16,284,4,12,12,288,4
249,75,12,16,284,4,12,12,288,4
249,76,12,8,292,-9,12,17,283,-9
249,77,12,8,292,-9,12,17,283,-9
249,78,12,12,288,-8,12,20,280,-8
249,79,12,12,288,-8,12,20,280,-8
249,80,12,12,288,-8,12,20,280,-8
249,81,12,13,287,3,12,10,290,3
249,82,12,13,287,3,12,10,290,3
249,83,12,13,287,3,12,10,290,3
249,84,12,14,286,10,12,4,296,10
249,85,12,14,286,10,12,4,296,10
249,86,12,14,286,10,12,4,296,10
249,87,12,16,284,0,12,16,284,0
249,88,12,16,284,0,12,16,284,0
249,89,12,13,287,-4,12,17,283,-4
249,90,12,13,287,-4,12,17,283,-4
249,91,12,13,287,-4,12,17,283,-4
249,92,12,14,286,-9,12,23,277,-9
249,93,12,14,286,-9,12,23,277,-9
249,94,13,10,315,0,13,10,315,0
249,95,13,10,315,0,13,10,315,0
250,0,12,11,289,0,12,11,289,0
250,1,12,11,289,0,12,11,289,0
250,2,12,9,291,-10,12,19,281,-10
250,3,12,9,291,-10,12,19,281,-10
250,4,12,11,289,7,12,4,296,7
250,5,12,11,289,7,12,4,296,7
250,6,12,13,287,-5,12,18,282,-5
250,7,12,13,287,-5,12,18,282,-5
250,8,12,14,286,0,12,14,286,0
250,9,12,14,286,0,12,14,286,0
250,10,12,11,289,-8,12,19,281,-8
250,11,12,11,289,-8,12,19,281,-8
250,12,12,14,286,-9,12,23,277,-9
250,13,12,14,286,-9,12,23,277,-9
250,14,12,14,286,-9,12,23,277,-9
250,15,12,15,285,7,12,8,292,7
250,16,12,15,285,7,12,8,292,7
250,17,12,14,286,-4,12,18,282,-4
250,18,12,14,286,-4,12,18,282,-4
250,19,12,14,286,-4,12,18,282,-4
250,20,0,0,0,0,0,0,0,0
250,21,0,0,0,0,0,0,0,0
250,22,0,0,0,0,0,0,0,0
250,23,0,0,0,0,0,0,0,0
250,24,12,13,287,6,12,7,293,6
250,25,12,13,287,6,12,7,293,6
250,26,12,13,287,6,12,7,293,6
250,27,12,13,287,6,12,7,293,6
250,28,12,12,288,6,12,6,294,6
250,29,12,12,288,6,12,6,294,6
250,30,12,14,286,5,12,9,291,5
250,31,12,14,286,5,12,9,291,5
250,32,12,14,286,5,12,9,291,5
250,33,12,16,284,-3,12,19,281,-3
250,34,12,16,284,-3,12,19,281,-3
250,35,12,16,284,-3,12,19,281,-3
250,36,12,14,286,-3,12,17,283,-3
250,37,12,14,286,-3,12,17,283,-3
250,38,12,14,286,-3,12,17,283,-3
250,39,12,16,284,5,12,11,289,5
250,40,12,16,284,5,12,11,289,5
250,41,12,14,286,9,12,5,295,9
250,42,12,14,286,9,12,5,295,9
250,43,12,14,286,9,12,5,295,9
250,44,12,14,286,3,12,11,289,3
250,45,12,14,286,3,12,11,289,3
250,46,12,16,284,-7,12,23,277,-7
250,47,12,16,284,-7,12,23,277,-7
250,48,12,16,284,-9,11,0,275,-9
250,49,12,16,284,-9,11,0,275,-9
250,50,12,12,288,-5,12,17,283,-5
250,51,12,12,288,-5,12,17,283,-5
250,52,12,11,289,-7,12,18,282,-7
250,53,12,11,289,-7,12,18,282,-7
250,54,12,14,286,-7,12,21,279,-7
250,55,12,14,286,-7,12,21,279,-7
250,56,12,17,283,2,12,15,285,2
250,57,12,17,283,2,12,15,285,2
250,58,12,15,285,6,12,9,291,6
250,59,12,15,285,6,12,9,291,6
250,60,12,17,283,3,12,14,286,3
250,61,12,17,283,3,12,14,286,3
250,62,12,17,283,3,12,14,286,3
250,63,12,16,284,8,12,8,292,8
250,64,12,16,284,8,12,8,292,8
250,65,12,16,284,-5,12,21,279,-5
250,66,12,16,284,-5,12,21,279,-5
250,67,12,16,284,-5,12,21,279,-5
250,68,0,0,0,0,0,0,0,0
250,69,0,0,0,0,0,0,0,0
250,70,0,0,0,0,0,0,0,0
250,71,0,0,0,0,0,0,0,0
250,72,12,12,288,-3,12,15,285,-3
250,73,12,12,288,-3,12,15,285,-3
250,74,12,18,282,8,12,10,290,8
250,75,12,18,282,8,12,10,290,8
250,76,12,12,288,5,12,7,293,5
250,77,12,12,288,5,12,7,293,5
250,78,12,15,285,4,12,11,289,4
250,79,12,15,285,4,12,11,289,4
250,80,12,15,285,4,12,11,289,4
250,81,12,16,284,9,12,7,293,9
250,82,12,16,284,9,12,7,293,9
250,83,12,16,284,9,12,7,293,9
250,84,12,17,283,10,12,7,293,10
250,85,12,17,283,10,12,7,293,10
250,86,12,17,283,10,12,7,293,10
250,87,12,18,282,-1,12,19,281,-1
250,88,12,18,282,-1,12,19,281,-1
250,89,12,16,284,6,12,10,290,6
250,90,12,16,284,6,12,10,290,6
250,91,12,16,284,6,12,10,290,6
250,92,12,18,282,9,12,9,291,9
250,93,12,18,282,9,12,9,291,9
250,94,12,18,282,-1,12,19,281,-1
250,95,12,18,282,-1,12,19,281,-1
251,0,12,15,285,1,12,14,286,1
251,1,12,15,285,1,12,14,286,1
251,2,12,15,285,1,12,14,286,1
251,3,12,14,286,0,12,14,286,0
251,4,12,14,286,0,12,14,286,0
251,5,12,10,290,-9,12,19,281,-9
251,6,12,10,290,-9,12,19,281,-9
251,7,12,8,292,-8,12,16,284,-8
251,8,12,8,292,-8,12,16,284,-8
251,9,12,15,285,-4,12,19,281,-4
251,10,12,15,285,-4,12,19,281,-4
251,11,12,15,285,-4,12,19,281,-4
251,12,12,10,290,3,12,7,293,3
251,13,12,10,290,3,12,7,293,3
251,14,12,13,287,-8,12,21,279,-8
251,15,12,13,287,-8,12,21,279,-8
251,16,12,8,292,-8,12,16,284,-8
251,17,12,8,292,-8,12,16,284,-8
251,18,12,11,289,-8,12,19,281,-8
251,19,12,11,289,-8,12,19,281,-8
251,20,0,0,0,0,0,0,0,0
251,21,0,0,0,0,0,0,0,0
251,22,12,14,286,7,12,7,293,7
251,23,12,14,286,7,12,7,293,7
251,24,12,15,285,-7,12,22,278,-7
251,25,12,15,285,-7,12,22,278,-7
251,26,12,15,285,-7,12,22,278,-7
251,27,12,9,291,0,12,9,291,0
251,28,12,9,291,0,12,9,291,0
251,29,12,11,289,-4,12,15,285,-4
251,30,12,11,289,-4,12,15,285,-4
251,31,12,11,289,9,12,2,298,9
251,32,12,11,289,9,12,2,298,9
251,33,12,13,287,8,12,5,295,8
251,34,12,13,287,8,12,5,295,8
251,35,0,0,0,0,0,0,0,0
251,36,12,9,291,-2,12,11,289,-2
251,37,12,9,291,-2,12,11,289,-2
251,38,12,14,286,5,12,9,291,5
251,39,12,14,286,5,12,9,291,5
251,40,12,12,288,5,12,7,293,5
251,41,12,12,288,5,12,7,293,5
251,42,12,14,286,6,12,8,292,6
251,43,12,14,286,6,12,8,292,6
251,44,12,14,286,6,12,8,292,6
251,45,0,0,0,0,0,0,0,0
251,46,12,17,283,-7,12,24,276,-7
251,47,12,17,283,-7,12,24,276,-7
251,48,13,11,314,0,13,11,314,0
251,49,13,11,314,0,13,11,314,0
251,50,13,11,314,0,13,11,314,0
251,51,12,16,284,-1,12,17,283,-1
251,52,12,16,284,-1,12,17,283,-1
251,53,12,9,291,-2,12,11,289,-2
251,54,12,9,291,-2,12,11,289,-2
251,55,12,11,289,-7,12,18,282,-7
251,56,12,11,289,-7,12,18,282,-7
251,57,13,12,313,0,13,12,313,0
251,58,13,12,313,0,13,12,313,0
251,59,13,12,313,0,13,12,313,0
251,60,12,10,290,-7,12,17,283,-7
251,61,12,10,290,-7,12,17,283,-7
251,62,12,13,287,2,12,11,289,2
251,63,12,13,287,2,12,11,289,2
251,64,12,8,292,-8,12,16,284,-8
251,65,12,8,292,-8,12,16,284,-8
251,66,12,15,285,-5,12,20,280,-5
251,67,12,15,285,-5,12,20,280,-5
251,68,0,0,0,0,0,0,0,0
251,69,0,0,0,0,0,0,0,0
251,70,12,18,282,-5,12,23,277,-5
251,71,12,18,282,-5,12,23,277,-5
251,72,12,14,286,5,12,9,291,5
251,73,12,14,286,5,12,9,291,5
251,74,12,14,286,5,12,9,291,5
251,75,12,14,286,-3,12,17,283,-3
251,76,12,14,286,-3,12,17,283,-3
251,77,12,11,289,-5,12,16,284,-5
251,78,12,11,289,-5,12,16,284,-5
251,79,12,11,289,2,12,9,291,2
251,80,12,11,289,2,12,9,291,2
251,81,12,17,283,-9,11,1,274,-9
251,82,12,17,283,-9,11,1,274,-9
251,83,0,0,0,0,0,0,0,0
251,84,12,11,289,6,12,5,295,6
251,85,12,11,289,6,12,5,295,6
251,86,12,16,284,5,12,11,289,5
251,87,12,16,284,5,12,11,289,5
251,88,12,13,287,-9,12,22,278,-9
251,89,12,13,287,-9,12,22,278,-9
251,90,12,16,284,-9,11,0,275,-9
251,91,12,16,284,-9,11,0,275,-9
251,92,12,16,284,-9,11,0,275,-9
251,93,0,0,0,0,0,0,0,0
251,94,12,18,282,-7,11,0,275,-7
251,95,12,18,282,-7,11,0,275,-7
252,0,10,13,237,-2,10,15,235,-2
252,1,10,13,237,-2,10,15,235,-2
252,2,10,13,237,-2,10,15,235,-2
252,3,10,12,238,8,10,4,246,8
252,4,10,12,238,8,10,4,246,8
252,5,10,8,242,7,10,1,249,7
252,6,10,8,242,7,10,1,249,7
252,7,10,7,243,5,10,2,248,5
252,8,10,7,243,5,10,2,248,5
252,9,10,14,236,8,10,6,244,8
252,10,10,14,236,8,10,6,244,8
252,11,10,14,236,8,10,6,244,8
252,12,10,8,242,5,10,3,247,5
252,13,10,8,242,5,10,3,247,5
252,14,10,13,237,-6,10,19,231,-6
252,15,10,13,237,-6,10,19,231,-6
252,16,10,7,243,0,10,7,243,0
252,17,10,7,243,0,10,7,243,0
252,18,10,14,236,8,10,6,244,8
252,19,10,14,236,8,10,6,244,8
252,20,0,0,0,0,0,0,0,0
252,21,0,0,0,0,0,0,0,0
252,22,10,14,236,-5,10,19,231,-5
252,23,10,14,236,-5,10,19,231,-5
252,24,10,11,239,-7,10,18,232,-7
252,25,10,11,239,-7,10,18,232,-7
252,26,10,11,239,-7,10,18,232,-7
252,27,10,10,240,2,10,8,242,2
252,28,10,10,240,2,10,8,242,2
252,29,10,7,243,2,10,5,245,2
252,30,10,7,243,2,10,5,245,2
252,31,10,7,243,4,10,3,247,4
252,32,10,7,243,4,10,3,247,4
252,33,10,14,236,5,10,9,241,5
252,34,10,14,236,5,10,9,241,5
252,35,0,0,0,0,0,0,0,0
252,36,10,13,237,2,10,11,239,2
252,37,10,13,237,2,10,11,239,2
252,38,10,14,236,8,10,6,244,8
252,39,10,14,236,8,10,6,244,8
252,40,10,10,240,9,10,1,249,9
252,41,10,10,240,9,10,1,249,9
252,42,10,14,236,-5,10,19,231,-5
252,43,10,14,236,-5,10,19,231,-5
252,44,10,14,236,-5,10,19,231,-5
252,45,0,0,0,0,0,0,0,0
252,46,10,16,234,7,10,9,241,7
252,47,10,16,234,7,10,9,241,7
252,48,10,12,238,-1,10,13,237,-1
252,49,10,12,238,-1,10,13,237,-1
252,50,10,12,238,-1,10,13,237,-1
252,51,10,12,238,-5,10,17,233,-5
252,52,10,12,238,-5,10,17,233,-5
252,53,10,12,238,0,10,12,238,0
252,54,10,12,238,0,10,12,238,0
252,55,10,7,243,7,10,0,250,7
252,56,10,7,243,7,10,0,250,7
252,57,10,13,237,-10,10,23,227,-10
252,58,10,13,237,-10,10,23,227,-10
252,59,10,13,237,-10,10,23,227,-10
252,60,10,8,242,-7,10,15,235,-7
252,61,10,8,242,-7,10,15,235,-7
252,62,10,11,239,-8,10,19,231,-8
252,63,10,11,239,-8,10,19,231,-8
252,64,10,10,240,-10,10,20,230,-10
252,65,10,10,240,-10,10,20,230,-10
252,66,10,9,241,-10,10,19,231,-10
252,67,10,9,241,-10,10,19,231,-10
252,68,0,0,0,0,0,0,0,0
252,69,0,0,0,0,0,0,0,0
252,70,10,13,237,-8,10,21,229,-8
252,71,10,13,237,-8,10,21,229,-8
252,72,10,12,238,10,10,2,248,10
252,73,10,12,238,10,10,2,248,10
252,74,10,12,238,10,10,2,248,10
252,75,0,0,0,0,0,0,0,0
252,76,0,0,0,0,0,0,0,0
252,77,10,10,240,8,10,2,248,8
252,78,10,10,240,8,10,2,248,8
252,79,10,8,242,5,10,3,247,5
252,80,10,8,242,5,10,3,247,5
252,81,10,10,240,-4,10,14,236,-4
252,82,10,10,240,-4,10,14,236,-4
252,83,0,0,0,0,0,0,0,0
252,84,10,11,239,8,10,3,247,8
252,85,10,11,239,8,10,3,247,8
252,86,10,13,237,9,10,4,246,9
252,87,10,13,237,9,10,4,246,9
252,88,10,11,239,-5,10,16,234,-5
252,89,10,11,239,-5,10,16,234,-5
252,90,10,13,237,-8,10,21,229,-8
252,91,10,13,237,-8,10,21,229,-8
252,92,10,13,237,-8,10,21,229,-8
252,93,0,0,0,0,0,0,0,0
252,94,10,11,239,-2,10,13,237,-2
252,95,10,11,239,-2,10,13,237,-2
253,0,10,12,238,-7,10,19,231,-7
253,1,10,12,238,-7,10,19,231,-7
253,2,10,10,240,-10,10,20,230,-10
253,3,10,10,240,-10,10,20,230,-10
253,4,10,9,241,-4,10,13,237,-4
253,5,10,9,241,-4,10,13,237,-4
253,6,10,10,240,9,10,1,249,9
253,7,10,10,240,9,10,1,249,9
253,8,10,11,239,2,10,9,241,2
253,9,10,11,239,2,10,9,241,2
253,10,10,11,239,-1,10,12,238,-1
253,11,10,11,239,-1,10,12,238,-1
253,12,10,12,238,-6,10,18,232,-6
253,13,10,12,238,-6,10,18,232,-6
253,14,10,12,238,-6,10,18,232,-6
253,15,10,14,236,7,10,7,243,7
253,16,10,14,236,7,10,7,243,7
253,17,10,13,237,-4,10,17,233,-4
253,18,10,13,237,-4,10,17,233,-4
253,19,10,13,237,-4,10,17,233,-4
253,20,0,0,0,0,0,0,0,0
253,21,0,0,0,0,0,0,0,0
253,22,0,0,0,0,0,0,0,0
253,23,0,0,0,0,0,0,0,0
253,24,10,11,239,-2,10,13,237,-2
253,25,10,11,239,-2,10,13,237,-2
253,26,10,14,236,0,10,14,236,0
253,27,10,14,236,0,10,14,236,0
253,28,10,8,242,10,11,23,252,10
253,29,10,8,242,10,11,23,252,10
253,30,10,14,236,1,10,13,237,1
253,31,10,14,236,1,10,13,237,1
253,32,10,14,236,1,10,13,237,1
253,33,10,14,236,3,10,11,239,3
253,34,10,14,236,3,10,11,239,3
253,35,10,14,236,3,10,11,239,3
253,36,10,14,236,-1,10,15,235,-1
253,37,10,14,236,-1,10,15,235,-1
253,38,10,14,236,-1,10,15,235,-1
253,39,10,15,235,5,10,10,240,5
253,40,10,15,235,5,10,10,240,5
253,41,10,13,237,-7,10,20,230,-7
253,42,10,13,237,-7,10,20,230,-7
253,43,10,13,237,-7,10,20,230,-7
253,44,10,13,237,7,10,6,244,7
253,45,10,13,237,7,10,6,244,7
253,46,10,14,236,8,10,6,244,8
253,47,10,14,236,8,10,6,244,8
253,48,10,13,237,-8,10,21,229,-8
253,49,10,13,237,-8,10,21,229,-8
253,50,10,10,240,-7,10,17,233,-7
253,51,10,10,240,-7,10,17,233,-7
253,52,10,12,238,-9,10,21,229,-9
253,53,10,12,238,-9,10,21,229,-9
253,54,10,10,240,-6,10,16,234,-6
253,55,10,10,240,-6,10,16,234,-6
253,56,10,15,235,2,10,13,237,2
253,57,10,15,235,2,10,13,237,2
253,58,10,11,239,-10,10,21,229,-10
253,59,10,11,239,-10,10,21,229,-10
253,60,10,13,237,4,10,9,241,4
253,61,10,13,237,4,10,9,241,4
253,62,10,13,237,4,10,9,241,4
253,63,10,15,235,-3,10,18,232,-3
253,64,10,15,235,-3,10,18,232,-3
253,65,10,13,237,-4,10,17,233,-4
253,66,10,13,237,-4,10,17,233,-4
253,67,10,13,237,-4,10,17,233,-4
253,68,0,0,0,0,0,0,0,0
253,69,0,0,0,0,0,0,0,0
253,70,0,0,0,0,0,0,0,0
253,71,0,0,0,0,0,0,0,0
253,72,10,14,236,2,10,12,238,2
253,73,10,14,236,2,10,12,238,2
253,74,10,14,236,-7,10,21,229,-7
253,75,10,14,236,-7,10,21,229,-7
253,76,10,11,239,-2,10,13,237,-2
253,77,10,11,239,-2,10,13,237,-2
253,78,10,15,235,-4,10,19,231,-4
253,79,10,15,235,-4,10,19,231,-4
253,80,10,15,235,-4,10,19,231,-4
253,81,10,15,235,0,10,15,235,0
253,82,10,15,235,0,10,15,235,0
253,83,10,15,235,0,10,15,235,0
253,84,10,15,235,2,10,13,237,2
253,85,10,15,235,2,10,13,237,2
253,86,10,15,235,2,10,13,237,2
253,87,10,14,236,-4,10,18,232,-4
253,88,10,14,236,-4,10,18,232,-4
253,89,10,15,235,3,10,12,238,3
253,90,10,15,235,3,10,12,238,3
253,91,10,15,235,3,10,12,238,3
253,92,10,16,234,6,10,10,240,6
253,93,10,16,234,6,10,10,240,6
253,94,10,16,234,-6,10,22,228,-6
253,95,10,16,234,-6,10,22,228,-6
254,0,11,9,266,-2,11,11,264,-2
254,1,11,9,266,-2,11,11,264,-2
254,2,11,4,271,-6,11,10,265,-6
254,3,11,4,271,-6,11,10,265,-6
254,4,11,6,269,-4,11,10,265,-4
254,5,11,6,269,-4,11,10,265,-4
254,6,11,5,270,7,12,23,277,7
254,7,11,5,270,7,12,23,277,7
254,8,11,6,269,10,12,21,279,10
254,9,11,6,269,10,12,21,279,10
254,10,11,6,269,9,12,22,278,9
254,11,11,6,269,9,12,22,278,9
254,12,11,9,266,-4,11,13,262,-4
254,13,11,9,266,-4,11,13,262,-4
254,14,11,9,266,-4,11,13,262,-4
254,15,11,6,269,-2,11,8,267,-2
254,16,11,6,269,-2,11,8,267,-2
254,17,11,9,266,-6,11,15,260,-6
254,18,11,9,266,-6,11,15,260,-6
254,19,11,9,266,-6,11,15,260,-6
254,20,0,0,0,0,0,0,0,0
254,21,0,0,0,0,0,0,0,0
254,22,0,0,0,0,0,0,0,0
254,23,0,0,0,0,0,0,0,0
254,24,11,7,268,1,11,6,269,1
254,25,12,8,292,0,12,8,292,0
254,26,11,8,267,4,11,4,271,4
254,27,11,8,267,4,11,4,271,4
254,28,11,4,271,2,11,2,273,2
254,29,11,4,271,2,11,2,273,2
254,30,11,9,266,4,11,5,270,4
254,31,11,9,266,4,11,5,270,4
254,32,11,9,266,4,11,5,270,4
254,33,11,9,266,4,11,5,270,4
254,34,11,9,266,4,11,5,270,4
254,35,11,9,266,4,11,5,270,4
254,36,11,10,265,-9,11,19,256,-9
254,37,11,10,265,-9,11,19,256,-9
254,38,11,10,265,-9,11,19,256,-9
254,39,11,11,264,0,11,11,264,0
254,40,11,11,264,0,11,11,264,0
254,41,11,11,264,-8,11,19,256,-8
254,42,11,11,264,-8,11,19,256,-8
254,43,11,11,264,-8,11,19,256,-8
254,44,11,12,263,0,11,12,263,0
254,45,11,12,263,0,11,12,263,0
254,46,11,11,264,3,11,8,267,3
254,47,11,11,264,3,11,8,267,3
254,48,11,9,266,-9,11,18,257,-9
254,49,11,9,266,-9,11,18,257,-9
254,50,11,7,268,9,12,23,277,9
254,51,11,7,268,9,12,23,277,9
254,52,11,9,266,-3,11,12,263,-3
254,53,11,9,266,-3,11,12,263,-3
254,54,11,9,266,8,11,1,274,8
254,55,11,9,266,8,11,1,274,8
254,56,11,12,263,8,11,4,271,8
254,57,11,12,263,8,11,4,271,8
254,58,11,10,265,5,11,5,270,5
254,59,11,10,265,5,11,5,270,5
254,60,11,10,265,3,11,7,268,3
254,61,11,10,265,3,11,7,268,3
254,62,11,10,265,3,11,7,268,3
254,63,11,10,265,1,11,9,266,1
254,64,11,10,265,1,11,9,266,1
254,65,11,8,267,4,11,4,271,4
254,66,11,8,267,4,11,4,271,4
254,67,11,8,267,4,11,4,271,4
254,68,0,0,0,0,0,0,0,0
254,69,0,0,0,0,0,0,0,0
254,70,0,0,0,0,0,0,0,0
254,71,0,0,0,0,0,0,0,0
254,72,11,7,268,-10,11,17,258,-10
254,73,11,7,268,-10,11,17,258,-10
254,74,11,9,266,5,11,4,271,5
254,75,11,9,266,5,11,4,271,5
254,76,11,5,270,-6,11,11,264,-6
254,77,11,5,270,-6,11,11,264,-6
254,78,11,9,266,2,11,7,268,2
254,79,11,9,266,2,11,7,268,2
254,80,11,9,266,2,11,7,268,2
254,81,11,11,264,-5,11,16,259,-5
254,82,11,11,264,-5,11,16,259,-5
254,83,11,11,264,-5,11,16,259,-5
254,84,11,11,264,-10,11,21,254,-10
254,85,11,11,264,-10,11,21,254,-10
254,86,11,11,264,-10,11,21,254,-10
254,87,11,12,263,3,11,9,266,3
254,88,11,12,263,3,11,9,266,3
254,89,11,12,263,4,11,8,267,4
254,90,11,12,263,4,11,8,267,4
254,91,11,12,263,4,11,8,267,4
254,92,11,12,263,-6,11,18,257,-6
254,93,11,12,263,-6,11,18,257,-6
254,94,11,12,263,1,11,11,264,1
254,95,11,12,263,1,11,11,264,1
255,0,11,11,264,1,11,10,265,1
255,1,11,11,264,1,11,10,265,1
255,2,11,11,264,1,11,10,265,1
255,3,11,12,263,7,11,5,270,7
255,4,11,12,263,7,11,5,270,7
255,5,11,11,264,9,11,2,273,9
255,6,11,11,264,9,11,2,273,9
255,7,11,10,265,8,11,2,273,8
255,8,11,10,265,8,11,2,273,8
255,9,11,15,260,-8,11,23,252,-8
255,10,11,15,260,-8,11,23,252,-8
255,11,11,15,260,-8,11,23,252,-8
255,12,11,7,268,-7,11,14,261,-7
255,13,11,7,268,-7,11,14,261,-7
255,14,11,12,263,-9,11,21,254,-9
255,15,11,12,263,-9,11,21,254,-9
255,16,11,7,268,-5,11,12,263,-5
255,17,11,7,268,-5,11,12,263,-5
255,18,11,10,265,-3,11,13,262,-3
255,19,11,10,265,-3,11,13,262,-3
255,20,0,0,0,0,0,0,0,0
255,21,0,0,0,0,0,0,0,0
255,22,11,15,260,-10,10,0,250,-10
255,23,11,15,260,-10,10,0,250,-10
255,24,11,10,265,9,11,1,274,9
255,25,11,10,265,9,11,1,274,9
255,26,11,10,265,9,11,1,274,9
255,27,11,9,266,-1,11,10,265,-1
255,28,11,9,266,-1,11,10,265,-1
255,29,11,9,266,-3,11,12,263,-3
255,30,11,9,266,-3,11,12,263,-3
255,31,11,11,264,7,11,4,271,7
255,32,11,11,264,7,11,4,271,7
255,33,11,14,261,-5,11,19,256,-5
255,34,11,14,261,-5,11,19,256,-5
255,35,0,0,0,0,0,0,0,0
255,36,11,10,265,-2,11,12,263,-2
255,37,11,10,265,-2,11,12,263,-2
255,38,11,10,265,5,11,5,270,5
255,39,11,10,265,5,11,5,270,5
255,40,11,10,265,3,11,7,268,3
255,41,11,10,265,3,11,7,268,3
255,42,11,14,261,4,11,10,265,4
255,43,11,14,261,4,11,10,265,4
255,44,11,14,261,4,11,10,265,4
255,45,0,0,0,0,0,0,0,0
255,46,11,14,261,5,11,9,266,5
255,47,11,14,261,5,11,9,266,5
255,48,11,13,262,-4,11,17,258,-4
255,49,11,13,262,-4,11,17,258,-4
255,50,11,13,262,-4,11,17,258,-4
255,51,11,12,263,0,11,12,263,0
255,52,11,12,263,0,11,12,263,0
255,53,11,11,264,10,11,1,274,10
255,54,11,11,264,10,11,1,274,10
255,55,11,9,266,7,11,2,273,7
255,56,11,9,266,7,11,2,273,7
255,57,11,16,259,7,11,9,266,7
255,58,11,16,259,7,11,9,266,7
255,59,11,16,259,7,11,9,266,7
255,60,11,11,264,-2,11,13,262,-2
255,61,11,11,264,-2,11,13,262,-2
255,62,11,13,262,-6,11,19,256,-6
255,63,11,13,262,-6,11,19,256,-6
255,64,11,9,266,9,11,0,275,9
255,65,11,9,266,9,11,0,275,9
255,66,11,13,262,2,11,11,264,2
255,67,11,13,262,2,11,11,264,2
255,68,0,0,0,0,0,0,0,0
255,69,0,0,0,0,0,0,0,0
255,70,11,14,261,3,11,11,264,3
255,71,11,14,261,3,11,11,264,3
255,72,11,12,263,-2,11,14,261,-2
255,73,11,12,263,-2,11,14,261,-2
255,74,11,12,263,-2,11,14,261,-2
255,75,11,12,263,8,11,4,271,8
255,76,11,12,263,8,11,4,271,8
255,77,11,8,267,3,11,5,270,3
255,78,11,8,267,3,11,5,270,3
255,79,11,9,266,9,11,0,275,9
255,80,11,9,266,9,11,0,275,9
255,81,11,14,261,7,11,7,268,7
255,82,11,14,261,7,11,7,268,7
255,83,0,0,0,0,0,0,0,0
255,84,11,12,263,-8,11,20,255,-8
255,85,11,12,263,-8,11,20,255,-8
255,86,11,14,261,-1,11,15,260,-1
255,87,11,14,261,-1,11,15,260,-1
255,88,11,12,263,-8,11,20,255,-8
255,89,11,12,263,-8,11,20,255,-8
255,90,11,12,263,1,11,11,264,1
255,91,11,12,263,1,11,11,264,1
255,92,11,12,263,1,11,11,264,1
255,93,0,0,0,0,0,0,0,0
255,94,11,16,259,-5,11,21,254,-5
255,95,11,16,259,-5,11,21,254,-5
256,0,10,10,240,5,10,5,245,5
256,1,10,10,240,5,10,5,245,5
256,2,10,10,240,5,10,5,245,5
256,3,10,8,242,-10,10,18,232,-10
256,4,10,8,242,-10,10,18,232,-10
256,5,10,8,242,-2,10,10,240,-2
256,6,10,8,242,-2,10,10,240,-2
256,7,10,7,243,-5,10,12,238,-5
256,8,10,7,243,-5,10,12,238,-5
256,9,10,13,237,2,10,11,239,2
256,10,10,13,237,2,10,11,239,2
256,11,10,13,237,2,10,11,239,2
256,12,10,6,244,-2,10,8,242,-2
256,13,10,6,244,-2,10,8,242,-2
256,14,10,7,243,0,10,7,243,0
256,15,10,7,243,0,10,7,243,0
256,16,10,7,243,6,10,1,249,6
256,17,10,7,243,6,10,1,249,6
256,18,10,8,242,6,10,2,248,6
256,19,10,8,242,6,10,2,248,6
256,20,0,0,0,0,0,0,0,0
256,21,0,0,0,0,0,0,0,0
256,22,10,11,239,-7,10,18,232,-7
256,23,10,11,239,-7,10,18,232,-7
256,24,10,11,239,5,10,6,244,5
256,25,10,11,239,5,10,6,244,5
256,26,10,11,239,5,10,6,244,5
256,27,10,8,242,5,10,3,247,5
256,28,10,8,242,5,10,3,247,5
256,29,10,5,245,-3,10,8,242,-3
256,30,10,5,245,-3,10,8,242,-3
256,31,10,8,242,-1,10,9,241,-1
256,32,10,8,242,-1,10,9,241,-1
256,33,10,10,240,-9,10,19,231,-9
256,34,10,10,240,-9,10,19,231,-9
256,35,0,0,0,0,0,0,0,0
256,36,10,9,241,2,10,7,243,2
256,37,10,9,241,2,10,7,243,2
256,38,10,11,239,2,10,9,241,2
256,39,10,11,239,2,10,9,241,2
256,40,10,9,241,-3,10,12,238,-3
256,41,10,9,241,-3,10,12,238,-3
256,42,10,11,239,6,10,5,245,6
256,43,10,11,239,6,10,5,245,6
256,44,10,11,239,6,10,5,245,6
256,45,0,0,0,0,0,0,0,0
256,46,10,10,240,7,10,3,247,7
256,47,10,10,240,7,10,3,247,7
256,48,10,12,238,-9,10,21,229,-9
256,49,10,12,238,-9,10,21,229,-9
256,50,10,12,238,-9,10,21,229,-9
256,51,10,12,238,-1,10,13,237,-1
256,52,10,12,238,-1,10,13,237,-1
256,53,10,5,245,1,10,4,246,1
256,54,10,5,245,1,10,4,246,1
256,55,10,8,242,-5,10,13,237,-5
256,56,10,8,242,-5,10,13,237,-5
256,57,10,11,239,-4,10,15,235,-4
256,58,10,11,239,-4,10,15,235,-4
256,59,10,11,239,-4,10,15,235,-4
256,60,10,7,243,-5,10,12,238,-5
256,61,10,7,243,-5,10,12,238,-5
256,62,10,12,238,5,10,7,243,5
256,63,10,12,238,5,10,7,243,5
256,64,10,8,242,-2,10,10,240,-2
256,65,10,8,242,-2,10,10,240,-2
256,66,10,10,240,-1,10,11,239,-1
256,67,10,10,240,-1,10,11,239,-1
256,68,0,0,0,0,0,0,0,0
256,69,0,0,0,0,0,0,0,0
256,70,10,15,235,3,10,12,238,3
256,71,10,15,235,3,10,12,238,3
256,72,10,12,238,-10,10,22,228,-10
256,73,10,12,238,-10,10,22,228,-10
256,74,10,12,238,-10,10,22,228,-10
256,75,10,10,240,1,10,9,241,1
256,76,10,10,240,1,10,9,241,1
256,77,10,4,246,-5,10,9,241,-5
256,78,10,4,246,-5,10,9,241,-5
256,79,10,5,245,-4,10,9,241,-4
256,80,10,5,245,-4,10,9,241,-4
256,81,10,11,239,-5,10,16,234,-5
256,82,10,11,239,-5,10,16,234,-5
256,83,0,0,0,0,0,0,0,0
256,84,10,9,241,-3,10,12,238,-3
256,85,10,9,241,-3,10,12,238,-3
256,86,10,11,239,-10,10,21,229,-10
256,87,10,11,239,-10,10,21,229,-10
256,88,10,10,240,-3,10,13,237,-3
256,89,10,10,240,-3,10,13,237,-3
256,90,10,11,239,-7,10,18,232,-7
256,91,10,11,239,-7,10,18,232,-7
256,92,10,11,239,-7,10,18,232,-7
256,93,0,0,0,0,0,0,0,0
256,94,10,14,236,2,10,12,238,2
256,95,10,14,236,2,10,12,238,2
257,0,10,9,241,-8,10,17,233,-8
257,1,10,9,241,-8,10,17,233,-8
257,2,10,4,246,9,11,20,255,9
257,3,10,4,246,9,11,20,255,9
257,4,10,8,242,9,11,24,251,9
257,5,10,8,242,9,11,24,251,9
257,6,10,9,241,-9,10,18,232,-9
257,7,10,9,241,-9,10,18,232,-9
257,8,10,10,240,-10,10,20,230,-10
257,9,10,10,240,-10,10,20,230,-10
257,10,10,6,244,0,10,6,244,0
257,11,10,6,244,0,10,6,244,0
257,12,10,9,241,3,10,6,244,3
257,13,10,9,241,3,10,6,244,3
257,14,10,9,241,3,10,6,244,3
257,15,10,10,240,-9,10,19,231,-9
257,16,10,10,240,-9,10,19,231,-9
257,17,10,9,241,4,10,5,245,4
257,18,10,9,241,4,10,5,245,4
257,19,10,9,241,4,10,5,245,4
257,20,0,0,0,0,0,0,0,0
257,21,0,0,0,0,0,0,0,0
257,22,0,0,0,0,0,0,0,0
257,23,0,0,0,0,0,0,0,0
257,24,10,8,242,5,10,3,247,5
257,25,10,8,242,5,10,3,247,5
257,26,10,10,240,5,10,5,245,5
257,27,10,10,240,5,10,5,245,5
257,28,10,7,243,-7,10,14,236,-7
257,29,10,7,243,-7,10,14,236,-7
257,30,10,11,239,-3,10,14,236,-3
257,31,10,11,239,-3,10,14,236,-3
257,32,10,11,239,-3,10,14,236,-3
257,33,10,11,239,8,10,3,247,8
257,34,10,11,239,8,10,3,247,8
257,35,10,11,239,8,10,3,247,8
257,36,10,11,239,-10,10,21,229,-10
257,37,10,11,239,-10,10,21,229,-10
257,38,10,11,239,-10,10,21,229,-10
257,39,10,12,238,10,10,2,248,10
257,40,10,12,238,10,10,2,248,10
257,41,10,11,239,-9,10,20,230,-9
257,42,10,11,239,-9,10,20,230,-9
257,43,10,11,239,-9,10,20,230,-9
257,44,10,12,238,4,10,8,242,4
257,45,10,12,238,4,10,8,242,4
257,46,10,11,239,-4,10,15,235,-4
257,47,10,11,239,-4,10,15,235,-4
257,48,10,13,237,1,10,12,238,1
257,49,10,13,237,1,10,12,238,1
257,50,10,6,244,-10,10,16,234,-10
257,51,10,6,244,-10,10,16,234,-10
257,52,10,7,243,-8,10,15,235,-8
257,53,10,7,243,-8,10,15,235,-8
257,54,10,10,240,3,10,7,243,3
257,55,10,10,240,3,10,7,243,3
257,56,10,12,238,-1,10,13,237,-1
257,57,10,12,238,-1,10,13,237,-1
257,58,10,10,240,-5,10,15,235,-5
257,59,10,10,240,-5,10,15,235,-5
257,60,10,12,238,6,10,6,244,6
257,61,10,12,238,6,10,6,244,6
257,62,10,12,238,6,10,6,244,6
257,63,10,11,239,-4,10,15,235,-4
257,64,10,11,239,-4,10,15,235,-4
257,65,10,10,240,2,10,8,242,2
257,66,10,10,240,2,10,8,242,2
257,67,10,10,240,2,10,8,242,2
257,68,10,13,237,10,10,3,247,10
257,69,0,0,0,0,0,0,0,0
257,70,0,0,0,0,0,0,0,0
257,71,0,0,0,0,0,0,0,0
257,72,10,11,239,6,10,5,245,6
257,73,10,11,239,6,10,5,245,6
257,74,10,12,238,3,10,9,241,3
257,75,10,12,238,3,10,9,241,3
257,76,10,10,240,-5,10,15,235,-5
257,77,10,10,240,-5,10,15,235,-5
257,78,10,14,236,-4,10,18,232,-4
257,79,10,14,236,-4,10,18,232,-4
257,80,10,14,236,-4,10,18,232,-4
257,81,10,14,236,3,10,11,239,3
257,82,10,14,236,3,10,11,239,3
257,83,10,14,236,3,10,11,239,3
257,84,10,10,240,-8,10,18,232,-8
257,85,10,10,240,-8,10,18,232,-8
257,86,10,10,240,-8,10,18,232,-8
257,87,10,14,236,1,10,13,237,1
257,88,10,14,236,1,10,13,237,1
257,89,10,13,237,-10,10,23,227,-10
257,90,10,13,237,-10,10,23,227,-10
257,91,10,13,237,-10,10,23,227,-10
257,92,10,13,237,10,10,3,247,10
257,93,0,0,0,0,0,0,0,0
257,94,10,12,238,-7,10,19,231,-7
257,95,10,12,238,-7,10,19,231,-7
258,0,10,12,238,10,10,2,248,10
258,1,10,12,238,10,10,2,248,10
258,2,10,8,242,-7,10,15,235,-7
258,3,10,8,242,-7,10,15,235,-7
258,4,10,10,240,-6,10,16,234,-6
258,5,10,10,240,-6,10,16,234,-6
258,6,10,11,239,-4,10,15,235,-4
258,7,10,11,239,-4,10,15,235,-4
258,8,10,13,237,-7,10,20,230,-7
258,9,10,13,237,-7,10,20,230,-7
258,10,10,12,238,8,10,4,246,8
258,11,10,12,238,8,10,4,246,8
258,12,10,14,236,2,10,12,238,2
258,13,10,14,236,2,10,12,238,2
258,14,10,14,236,2,10,12,238,2
258,15,10,10,240,9,10,1,249,9
258,16,10,10,240,9,10,1,249,9
258,17,10,14,236,10,10,4,246,10
258,18,10,14,236,10,10,4,246,10
258,19,10,14,236,10,10,4,246,10
258,20,0,0,0,0,0,0,0,0
258,21,0,0,0,0,0,0,0,0
258,22,0,0,0,0,0,0,0,0
258,23,0,0,0,0,0,0,0,0
258,24,10,11,239,-9,10,20,230,-9
258,25,10,11,239,-9,10,20,230,-9
258,26,10,16,234,-9,9,0,225,-9
258,27,10,16,234,-9,9,0,225,-9
258,28,10,11,239,-3,10,14,236,-3
258,29,10,11,239,-3,10,14,236,-3
258,30,10,13,237,-5,10,18,232,-5
258,31,10,13,237,-5,10,18,232,-5
258,32,10,13,237,-5,10,18,232,-5
258,33,10,15,235,-10,9,0,225,-10
258,34,10,15,235,-10,9,0,225,-10
258,35,10,15,235,-10,9,0,225,-10
258,36,10,15,235,7,10,8,242,7
258,37,10,15,235,7,10,8,242,7
258,38,10,15,235,7,10,8,242,7
258,39,10,18,232,8,10,10,240,8
258,40,10,18,232,8,10,10,240,8
258,41,10,15,235,-10,9,0,225,-10
258,42,10,15,235,-10,9,0,225,-10
258,43,10,15,235,-10,9,0,225,-10
258,44,11,10,265,0,11,10,265,0
258,45,11,10,265,0,11,10,265,0
258,46,10,16,234,-7,10,23,227,-7
258,47,10,16,234,-7,10,23,227,-7
258,48,10,14,236,-9,10,23,227,-9
258,49,10,14,236,-9,10,23,227,-9
258,50,10,13,237,7,10,6,244,7
258,51,10,13,237,7,10,6,244,7
258,52,10,11,239,-4,10,15,235,-4
258,53,10,11,239,-4,10,15,235,-4
258,54,10,12,238,-3,10,15,235,-3
258,55,10,12,238,-3,10,15,235,-3
258,56,10,17,233,5,10,12,238,5
258,57,10,17,233,5,10,12,238,5
258,58,10,15,235,-7,10,22,228,-7
258,59,10,15,235,-7,10,22,228,-7
258,60,10,16,234,-5,10,21,229,-5
258,61,10,16,234,-5,10,21,229,-5
258,62,10,16,234,-5,10,21,229,-5
258,63,10,13,237,3,10,10,240,3
258,64,10,13,237,3,10,10,240,3
258,65,10,15,235,-9,10,24,226,-9
258,66,10,15,235,-9,10,24,226,-9
258,67,10,15,235,-9,10,24,226,-9
258,68,0,0,0,0,0,0,0,0
258,69,0,0,0,0,0,0,0,0
258,70,0,0,0,0,0,0,0,0
258,71,0,0,0,0,0,0,0,0
258,72,10,13,237,1,10,12,238,1
258,73,10,13,237,1,10,12,238,1
258,74,10,16,234,-2,10,18,232,-2
258,75,10,16,234,-2,10,18,232,-2
258,76,10,10,240,-8,10,18,232,-8
258,77,10,10,240,-8,10,18,232,-8
258,78,10,16,234,-8,10,24,226,-8
258,79,10,16,234,-8,10,24,226,-8
258,80,10,16,234,-8,10,24,226,-8
258,81,10,17,233,-6,10,23,227,-6
258,82,10,17,233,-6,10,23,227,-6
258,83,10,17,233,-6,10,23,227,-6
258,84,10,15,235,10,10,5,245,10
258,85,10,15,235,10,10,5,245,10
258,86,10,15,235,10,10,5,245,10
258,87,10,17,233,3,10,14,236,3
258,88,10,17,233,3,10,14,236,3
258,89,10,17,233,-8,9,0,225,-8
258,90,10,17,233,-8,9,0,225,-8
258,91,10,17,233,-8,9,0,225,-8
258,92,10,15,235,-4,10,19,231,-4
258,93,10,15,235,-4,10,19,231,-4
258,94,10,17,233,4,10,13,237,4
258,95,10,17,233,4,10,13,237,4
259,0,10,12,238,-10,10,22,228,-10
259,1,10,12,238,-10,10,22,228,-10
259,2,10,12,238,-10,10,22,228,-10
259,3,10,11,239,-6,10,17,233,-6
259,4,10,11,239,-6,10,17,233,-6
259,5,10,6,244,-6,10,12,238,-6
259,6,10,6,244,-6,10,12,238,-6
259,7,10,5,245,7,11,23,252,7
259,8,10,5,245,7,11,23,252,7
259,9,10,12,238,6,10,6,244,6
259,10,10,12,238,6,10,6,244,6
259,11,10,12,238,6,10,6,244,6
259,12,10,9,241,-7,10,16,234,-7
259,13,11,9,266,0,11,9,266,0
259,14,10,8,242,-10,10,18,232,-10
259,15,10,8,242,-10,10,18,232,-10
259,16,10,6,244,-1,10,7,243,-1
259,17,10,6,244,-1,10,7,243,-1
259,18,10,11,239,4,10,7,243,4
259,19,10,11,239,4,10,7,243,4
259,20,0,0,0,0,0,0,0,0
259,21,0,0,0,0,0,0,0,0
259,22,10,10,240,0,10,10,240,0
259,23,10,10,240,0,10,10,240,0
259,24,10,13,237,-9,10,22,228,-9
259,25,10,13,237,-9,10,22,228,-9
259,26,10,13,237,-9,10,22,228,-9
259,27,10,5,245,-7,10,12,238,-7
259,28,10,5,245,-7,10,12,238,-7
259,29,10,8,242,10,11,23,252,10
259,30,10,8,242,10,11,23,252,10
259,31,10,8,242,7,10,1,249,7
259,32,10,8,242,7,10,1,249,7
259,33,10,12,238,-9,10,21,229,-9
259,34,10,12,238,-9,10,21,229,-9
259,35,0,0,0,0,0,0,0,0
259,36,10,7,243,-2,10,9,241,-2
259,37,10,7,243,-2,10,9,241,-2
259,38,10,11,239,9,10,2,248,9
259,39,10,11,239,9,10,2,248,9
259,40,10,11,239,0,10,11,239,0
259,41,10,11,239,0,10,11,239,0
259,42,10,13,237,4,10,9,241,4
259,43,10,13,237,4,10,9,241,4
259,44,10,13,237,4,10,9,241,4
259,45,0,0,0,0,0,0,0,0
259,46,10,14,236,-2,10,16,234,-2
259,47,10,14,236,-2,10,16,234,-2
259,48,10,12,238,0,10,12,238,0
259,49,10,12,238,0,10,12,238,0
259,50,10,12,238,0,10,12,238,0
259,51,10,10,240,10,10,0,250,10
259,52,10,10,240,10,10,0,250,10
259,53,10,8,242,6,10,2,248,6
259,54,10,8,242,6,10,2,248,6
259,55,10,8,242,-9,10,17,233,-9
259,56,10,8,242,-9,10,17,233,-9
259,57,10,13,237,-1,10,14,236,-1
259,58,10,13,237,-1,10,14,236,-1
259,59,10,13,237,-1,10,14,236,-1
259,60,10,8,242,9,11,24,251,9
259,61,10,8,242,9,11,24,251,9
259,62,10,9,241,5,10,4,246,5
259,63,10,9,241,5,10,4,246,5
259,64,10,5,245,-8,10,13,237,-8
259,65,0,0,0,0,0,0,0,0
259,66,10,10,240,-1,10,11,239,-1
259,67,10,10,240,-1,10,11,239,-1
259,68,0,0,0,0,0,0,0,0
259,69,0,0,0,0,0,0,0,0
259,70,10,14,236,-4,10,18,232,-4
259,71,10,14,236,-4,10,18,232,-4
259,72,10,11,239,9,10,2,248,9
259,73,10,11,239,9,10,2,248,9
259,74,10,11,239,9,10,2,248,9
259,75,10,8,242,5,10,3,247,5
259,76,10,8,242,5,10,3,247,5
259,77,10,5,245,0,10,5,245,0
259,78,10,5,245,0,10,5,245,0
259,79,10,8,242,-4,10,12,238,-4
259,80,10,8,242,-4,10,12,238,-4
259,81,10,11,239,1,10,10,240,1
259,82,10,11,239,1,10,10,240,1
259,83,0,0,0,0,0,0,0,0
259,84,10,8,242,1,10,7,243,1
259,85,10,8,242,1,10,7,243,1
259,86,10,13,237,-8,10,21,229,-8
259,87,10,13,237,-8,10,21,229,-8
259,88,10,8,242,-7,10,15,235,-7
259,89,10,8,242,-7,10,15,235,-7
259,90,10,9,241,-6,10,15,235,-6
259,91,10,9,241,-6,10,15,235,-6
259,92,10,9,241,-6,10,15,235,-6
259,93,0,0,0,0,0,0,0,0
259,94,10,15,235,7,10,8,242,7
259,95,10,15,235,7,10,8,242,7
260,0,12,11,289,2,12,9,291,2
260,1,12,11,289,2,12,9,291,2
260,2,12,8,292,0,12,8,292,0
260,3,12,8,292,0,12,8,292,0
260,4,4,7,93,0,4,7,93,0
260,5,12,13,287,7,12,6,294,7
260,6,12,13,287,7,12,6,294,7
260,7,12,13,287,7,12,6,294,7
260,8,12,12,288,-7,12,19,281,-7
260,9,12,12,288,-7,12,19,281,-7
260,10,12,10,290,8,12,2,298,8
260,11,12,10,290,8,12,2,298,8
260,12,12,14,286,-7,12,21,279,-7
260,13,12,14,286,-7,12,21,279,-7
260,14,12,14,286,-7,12,21,279,-7
260,15,12,12,288,10,12,2,298,10
260,16,12,12,288,10,12,2,298,10
260,17,12,12,288,-3,12,15,285,-3
260,18,12,12,288,-3,12,15,285,-3
260,19,12,12,288,-3,12,15,285,-3
260,20,4,7,93,0,4,7,93,0
260,21,4,7,93,0,4,7,93,0
260,22,4,7,93,0,4,7,93,0
260,23,4,7,93,0,4,7,93,0
260,24,12,10,290,-5,12,15,285,-5
260,25,12,10,290,-5,12,15,285,-5
260,26,12,12,288,2,12,10,290,2
260,27,12,12,288,2,12,10,290,2
260,28,12,10,290,-1,12,11,289,-1
260,29,12,10,290,-1,12,11,289,-1
260,30,12,13,287,-5,12,18,282,-5
260,31,12,13,287,-5,12,18,282,-5
260,32,12,13,287,-5,12,18,282,-5
260,33,4,8,92,0,4,8,92,0
260,34,4,8,92,0,4,8,92,0
260,35,4,8,92,0,4,8,92,0
260,36,12,14,286,9,12,5,295,9
260,37,12,14,286,9,12,5,295,9
260,38,12,14,286,9,12,5,295,9
260,39,12,12,288,5,12,7,293,5
260,40,12,12,288,5,12,7,293,5
260,41,12,13,287,-3,12,16,284,-3
260,42,12,13,287,-3,12,16,284,-3
260,43,12,13,287,-3,12,16,284,-3
260,44,12,14,286,-3,12,17,283,-3
260,45,12,14,286,-3,12,17,283,-3
260,46,12,11,289,-7,12,18,282,-7
260,47,12,11,289,-7,12,18,282,-7
260,48,12,13,287,-9,12,22,278,-9
260,49,12,13,287,-9,12,22,278,-9
260,50,12,13,287,-9,12,22,278,-9
260,51,12,12,288,-9,12,21,279,-9
260,52,12,12,288,-9,12,21,279,-9
260,53,12,11,289,-4,12,15,285,-4
260,54,12,11,289,-4,12,15,285,-4
260,55,4,9,91,0,4,9,91,0
260,56,4,9,91,0,4,9,91,0
260,57,12,16,284,-5,12,21,279,-5
260,58,12,16,284,-5,12,21,279,-5
260,59,12,16,284,-5,12,21,279,-5
260,60,4,9,91,0,4,9,91,0
260,61,4,9,91,0,4,9,91,0
260,62,12,9,291,9,12,0,300,9
260,63,12,9,291,9,12,0,300,9
260,64,12,11,289,7,12,4,296,7
260,65,12,11,289,7,12,4,296,7
260,66,12,10,290,-9,12,19,281,-9
260,67,12,10,290,-9,12,19,281,-9
260,68,4,9,91,0,4,9,91,0
260,69,4,9,91,0,4,9,91,0
260,70,12,15,285,-4,12,19,281,-4
260,71,12,15,285,-4,12,19,281,-4
260,72,12,12,288,-3,12,15,285,-3
260,73,12,12,288,-3,12,15,285,-3
260,74,12,12,288,-3,12,15,285,-3
260,75,12,12,288,6,12,6,294,6
260,76,12,12,288,6,12,6,294,6
260,77,12,8,292,-6,12,14,286,-6
260,78,12,8,292,-6,12,14,286,-6
260,79,12,8,292,3,12,5,295,3
260,80,12,8,292,3,12,5,295,3
260,81,12,10,290,2,12,8,292,2
260,82,12,10,290,2,12,8,292,2
260,83,4,9,91,0,4,9,91,0
260,84,12,12,288,5,12,7,293,5
260,85,12,12,288,5,12,7,293,5
260,86,12,11,289,6,12,5,295,6
260,87,12,11,289,6,12,5,295,6
260,88,4,9,91,0,4,9,91,0
260,89,4,9,91,0,4,9,91,0
260,90,12,12,288,2,12,10,290,2
260,91,12,12,288,2,12,10,290,2
260,92,12,12,288,2,12,10,290,2
260,93,4,9,91,0,4,9,91,0
260,94,12,16,284,2,12,14,286,2
260,95,12,16,284,2,12,14,286,2
261,0,11,11,264,8,11,3,272,8
261,1,11,12,263,8,11,4,271,8
261,2,11,9,266,8,11,1,274,8
261,3,11,9,266,8,11,1,274,8
261,4,3,8,67,0,3,8,67,0
261,5,3,8,67,0,3,8,67,0
261,6,3,8,67,0,3,8,67,0
261,7,3,8,67,0,3,8,67,0
261,8,11,10,265,3,11,7,268,3
261,9,11,9,266,3,11,6,269,3
261,10,11,12,263,6,11,6,269,6
261,11,11,12,263,6,11,6,269,6
261,12,11,13,262,-4,11,17,258,-4
261,13,11,13,262,-4,11,17,258,-4
261,14,11,13,262,-4,11,17,258,-4
261,15,11,9,266,-1,11,10,265,-1
261,16,11,9,266,-1,11,10,265,-1
261,17,11,10,265,-6,11,16,259,-6
261,18,11,10,265,-6,11,16,259,-6
261,19,11,10,265,-6,11,16,259,-6
261,20,3,8,67,0,3,8,67,0
261,21,3,8,67,0,3,8,67,0
261,22,3,8,67,0,3,8,67,0
261,23,3,8,67,0,3,8,67,0
261,24,11,10,265,-9,11,19,256,-9
261,25,11,10,265,-9,11,19,256,-9
261,26,11,9,266,-9,11,18,257,-9
261,27,11,9,266,-9,11,18,257,-9
261,28,11,11,264,3,11,8,267,3
261,29,11,11,264,3,11,8,267,3
261,30,11,12,263,-6,11,18,257,-6
261,31,11,12,263,-6,11,18,257,-6
261,32,11,12,263,-6,11,18,257,-6
261,33,11,12,263,10,11,2,273,10
261,34,11,12,263,10,11,2,273,10
261,35,11,12,263,10,11,2,273,10
261,36,11,14,261,-2,11,16,259,-2
261,37,11,14,261,-2,11,16,259,-2
261,38,11,14,261,-2,11,16,259,-2
261,39,11,12,263,-10,11,22,253,-10
261,40,11,12,263,-10,11,22,253,-10
261,41,11,14,261,7,11,7,268,7
261,42,11,14,261,7,11,7,268,7
261,43,11,14,261,7,11,7,268,7
261,44,11,13,262,-8,11,21,254,-8
261,45,11,13,262,-8,11,21,254,-8
261,46,11,11,264,-7,11,18,257,-7
261,47,11,11,264,-7,11,18,257,-7
261,48,11,13,262,-5,11,18,257,-5
261,49,11,13,262,-5,11,18,257,-5
261,50,11,13,262,-5,11,18,257,-5
261,51,11,14,261,-10,11,24,251,-10
261,52,11,14,261,-10,11,24,251,-10
261,53,11,11,264,-10,11,21,254,-10
261,54,11,11,264,-10,11,21,254,-10
261,55,3,9,66,0,3,9,66,0
261,56,3,9,66,0,3,9,66,0
261,57,11,17,258,1,11,16,259,1
261,58,11,17,258,1,11,16,259,1
261,59,11,17,258,1,11,16,259,1
261,60,3,9,66,0,3,9,66,0
261,61,3,9,66,0,3,9,66,0
261,62,11,11,264,3,11,8,267,3
261,63,11,11,264,3,11,8,267,3
261,64,11,9,266,8,11,1,274,8
261,65,11,9,266,8,11,1,274,8
261,66,11,11,264,3,11,8,267,3
261,67,11,11,264,3,11,8,267,3
261,68,3,9,66,0,3,9,66,0
261,69,3,9,66,0,3,9,66,0
261,70,11,16,259,9,11,7,268,9
261,71,11,16,259,9,11,7,268,9
261,72,11,13,262,-10,11,23,252,-10
261,73,11,13,262,-10,11,23,252,-10
261,74,11,13,262,-10,11,23,252,-10
261,75,11,11,264,10,11,1,274,10
261,76,11,11,264,10,11,1,274,10
261,77,11,11,264,-10,11,21,254,-10
261,78,11,11,264,-10,11,21,254,-10
261,79,11,11,264,-2,11,13,262,-2
261,80,11,11,264,-2,11,13,262,-2
261,81,11,14,261,-1,11,15,260,-1
261,82,11,14,261,-1,11,15,260,-1
261,83,3,9,66,0,3,9,66,0
261,84,11,11,264,-2,11,13,262,-2
261,85,11,11,264,-2,11,13,262,-2
261,86,11,13,262,5,11,8,267,5
261,87,11,13,262,5,11,8,267,5
261,88,3,10,65,0,3,10,65,0
261,89,3,10,65,0,3,10,65,0
261,90,11,13,262,4,11,9,266,4
261,91,11,13,262,4,11,9,266,4
261,92,11,13,262,4,11,9,266,4
261,93,3,9,66,0,3,9,66,0
261,94,11,16,259,-8,11,24,251,-8
261,95,11,16,259,-8,11,24,251,-8
262,0,10,5,245,5,10,0,250,5
262,1,10,5,245,5,10,0,250,5
262,2,10,10,240,0,10,10,240,0
262,3,10,10,240,0,10,10,240,0
262,4,2,5,45,0,2,5,45,0
262,5,2,5,45,0,2,5,45,0
262,6,2,5,45,0,2,5,45,0
262,7,2,5,45,0,2,5,45,0
262,8,10,11,239,0,10,11,239,0
262,9,10,11,239,0,10,11,239,0
262,10,10,11,239,0,10,11,239,0
262,11,10,11,239,0,10,11,239,0
262,12,10,5,245,2,10,3,247,2
262,13,10,4,246,2,10,2,248,2
262,14,10,5,245,2,10,3,247,2
262,15,10,5,245,8,11,22,253,8
262,16,10,5,245,8,11,22,253,8
262,17,10,8,242,2,10,6,244,2
262,18,10,8,242,2,10,6,244,2
262,19,10,8,242,2,10,6,244,2
262,20,10,9,241,-6,10,15,235,-6
262,21,10,9,241,-6,10,15,235,-6
262,22,10,9,241,-6,10,15,235,-6
262,23,2,5,45,0,2,5,45,0
262,24,2,6,44,0,2,6,44,0
262,25,2,6,44,0,2,6,44,0
262,26,10,7,243,-4,10,11,239,-4
262,27,10,7,243,-4,10,11,239,-4
262,28,10,11,239,0,10,11,239,0
262,29,10,11,239,0,10,11,239,0
262,30,10,8,242,1,10,7,243,1
262,31,10,8,242,1,10,7,243,1
262,32,10,8,242,1,10,7,243,1
262,33,10,11,239,0,10,11,239,0
262,34,10,11,239,0,10,11,239,0
262,35,2,6,44,0,2,6,44,0
262,36,10,8,242,-9,10,17,233,-9
262,37,10,7,243,-9,10,16,234,-9
262,38,10,8,242,-9,10,17,233,-9
262,39,10,8,242,10,11,23,252,10
262,40,10,8,242,10,11,23,252,10
262,41,10,8,242,0,10,8,242,0
262,42,10,8,242,0,10,8,242,0
262,43,10,8,242,0,10,8,242,0
262,44,10,13,237,0,10,13,237,0
262,45,10,13,237,0,10,13,237,0
262,46,10,8,242,2,10,6,244,2
262,47,10,7,243,2,10,5,245,2
262,48,10,8,242,5,10,3,247,5
262,49,10,8,242,5,10,3,247,5
262,50,10,8,242,5,10,3,247,5
262,51,10,9,241,5,10,4,246,5
262,52,10,9,241,5,10,4,246,5
262,53,10,6,244,0,10,6,244,0
262,54,10,6,244,0,10,6,244,0
262,55,2,6,44,0,2,6,44,0
262,56,2,6,44,0,2,6,44,0
262,57,10,9,241,-5,10,14,236,-5
262,58,10,9,241,-5,10,14,236,-5
262,59,10,9,241,-5,10,14,236,-5
262,60,2,7,43,0,2,7,43,0
262,61,2,7,43,0,2,7,43,0
262,62,10,7,243,-8,10,15,235,-8
262,63,10,7,243,-8,10,15,235,-8
262,64,10,4,246,-2,10,6,244,-2
262,65,10,4,246,-2,10,6,244,-2
262,66,10,8,242,7,10,1,249,7
262,67,10,8,242,7,10,1,249,7
262,68,2,7,43,0,2,7,43,0
262,69,2,6,44,0,2,6,44,0
262,70,10,9,241,-3,10,12,238,-3
262,71,10,9,241,-3,10,12,238,-3
262,72,10,7,243,-9,10,16,234,-9
262,73,10,7,243,-9,10,16,234,-9
262,74,10,7,243,-9,10,16,234,-9
262,75,10,7,243,-2,10,9,241,-2
262,76,10,6,244,-2,10,8,242,-2
262,77,10,6,244,-6,10,12,238,-6
262,78,10,6,244,-6,10,12,238,-6
262,79,10,7,243,-10,10,17,233,-10
262,80,10,7,243,-10,10,17,233,-10
262,81,10,6,244,10,11,21,254,10
262,82,10,6,244,10,11,21,254,10
262,83,2,7,43,0,2,7,43,0
262,84,10,7,243,4,10,3,247,4
262,85,10,7,243,4,10,3,247,4
262,86,10,8,242,-8,10,16,234,-8
262,87,10,8,242,-8,10,16,234,-8
262,88,2,7,43,0,2,7,43,0
262,89,2,7,43,0,2,7,43,0
262,90,10,9,241,0,10,9,241,0
262,91,10,9,241,0,10,9,241,0
262,92,10,9,241,0,10,9,241,0
262,93,2,7,43,0,2,7,43,0
262,94,10,10,240,8,10,2,248,8
262,95,10,10,240,8,10,2,248,8
263,0,10,8,242,-2,10,10,240,-2
263,1,10,8,242,-2,10,10,240,-2
263,2,10,10,240,1,10,9,241,1
263,3,10,10,240,1,10,9,241,1
263,4,2,8,42,0,2,8,42,0
263,5,2,8,42,0,2,8,42,0
263,6,2,8,42,0,2,8,42,0
263,7,2,8,42,0,2,8,42,0
263,8,10,14,236,-3,10,17,233,-3
263,9,10,14,236,-3,10,17,233,-3
263,10,10,12,238,-10,10,22,228,-10
263,11,10,12,238,-10,10,22,228,-10
263,12,10,13,237,-5,10,18,232,-5
263,13,10,13,237,-5,10,18,232,-5
263,14,10,13,237,-5,10,18,232,-5
263,15,10,12,238,1,10,11,239,1
263,16,10,12,238,1,10,11,239,1
263,17,10,10,240,-8,10,18,232,-8
263,18,10,10,240,-8,10,18,232,-8
263,19,10,10,240,-8,10,18,232,-8
263,20,10,11,239,-9,10,20,230,-9
263,21,10,11,239,-9,10,20,230,-9
263,22,2,9,41,0,2,9,41,0
263,23,2,8,42,0,2,8,42,0
263,24,2,9,41,0,2,9,41,0
263,25,10,12,238,8,10,4,246,8
263,26,10,12,238,8,10,4,246,8
263,27,2,9,41,0,2,9,41,0
263,28,10,12,238,-6,10,18,232,-6
263,29,10,12,238,-6,10,18,232,-6
263,30,10,13,237,7,10,6,244,7
263,31,10,13,237,7,10,6,244,7
263,32,10,13,237,7,10,6,244,7
263,33,10,15,235,4,10,11,239,4
263,34,10,15,235,4,10,11,239,4
263,35,10,15,235,4,10,11,239,4
263,36,10,15,235,-2,10,17,233,-2
263,37,10,15,235,-2,10,17,233,-2
263,38,10,15,235,-2,10,17,233,-2
263,39,10,13,237,-6,10,19,231,-6
263,40,10,13,237,-6,10,19,231,-6
263,41,10,14,236,2,10,12,238,2
263,42,10,13,237,2,10,11,239,2
263,43,10,13,237,2,10,11,239,2
263,44,10,16,234,3,10,13,237,3
263,45,10,16,234,3,10,13,237,3
263,46,10,13,237,-6,10,19,231,-6
263,47,10,14,236,-6,10,20,230,-6
263,48,10,14,236,-10,10,24,226,-10
263,49,10,14,236,-10,10,24,226,-10
263,50,10,14,236,-10,10,24,226,-10
263,51,10,14,236,3,10,11,239,3
263,52,10,14,236,3,10,11,239,3
263,53,10,9,241,-3,10,12,238,-3
263,54,10,9,241,-3,10,12,238,-3
263,55,2,9,41,0,2,9,41,0
263,56,10,15,235,7,10,8,242,7
263,57,10,15,235,7,10,8,242,7
263,58,10,15,235,7,10,8,242,7
263,59,2,9,41,0,2,9,41,0
263,60,2,10,40,0,2,10,40,0
263,61,2,9,41,0,2,9,41,0
263,62,10,11,239,-1,10,12,238,-1
263,63,10,11,239,-1,10,12,238,-1
263,64,10,9,241,3,10,6,244,3
263,65,10,9,241,3,10,6,244,3
263,66,10,12,238,4,10,8,242,4
263,67,10,12,238,4,10,8,242,4
263,68,2,9,41,0,2,9,41,0
263,69,2,9,41,0,2,9,41,0
263,70,10,13,237,-4,10,17,233,-4
263,71,10,13,237,-4,10,17,233,-4
263,72,10,11,239,8,10,3,247,8
263,73,10,11,239,8,10,3,247,8
263,74,10,12,238,8,10,4,246,8
263,75,10,12,238,-7,10,19,231,-7
263,76,10,12,238,-7,10,19,231,-7
263,77,10,11,239,-10,10,21,229,-10
263,78,10,11,239,-10,10,21,229,-10
263,79,10,11,239,5,10,6,244,5
263,80,10,11,239,5,10,6,244,5
263,81,10,11,239,-6,10,17,233,-6
263,82,10,11,239,-6,10,17,233,-6
263,83,2,9,41,0,2,9,41,0
263,84,10,9,241,9,10,0,250,9
263,85,10,8,242,9,11,24,251,9
263,86,10,11,239,10,10,1,249,10
263,87,10,11,239,10,10,1,249,10
263,88,2,10,40,0,2,10,40,0
263,89,2,10,40,0,2,10,40,0
263,90,10,12,238,-1,10,13,237,-1
263,91,10,12,238,-1,10,13,237,-1
263,92,10,12,238,-1,10,13,237,-1
263,93,2,10,40,0,2,10,40,0
263,94,10,15,235,9,10,6,244,9
263,95,10,15,235,9,10,6,244,9
264,0,10,10,240,-10,10,20,230,-10
264,1,10,10,240,-10,10,20,230,-10
264,2,10,8,242,1,10,7,243,1
264,3,10,8,242,1,10,7,243,1
264,4,2,6,44,0,2,6,44,0
264,5,2,6,44,0,2,6,44,0
264,6,2,6,44,0,2,6,44,0
264,7,2,6,44,0,2,6,44,0
264,8,10,12,238,-8,10,20,230,-8
264,9,10,12,238,-8,10,20,230,-8
264,10,10,10,240,7,10,3,247,7
264,11,10,9,241,7,10,2,248,7
264,12,10,12,238,-4,10,16,234,-4
264,13,10,12,238,-4,10,16,234,-4
264,14,10,12,238,-4,10,16,234,-4
264,15,10,13,237,7,10,6,244,7
264,16,10,13,237,7,10,6,244,7
264,17,10,10,240,9,10,1,249,9
264,18,10,10,240,9,10,1,249,9
264,19,10,10,240,9,10,1,249,9
264,20,2,6,44,0,2,6,44,0
264,21,2,7,43,0,2,7,43,0
264,22,2,6,44,0,2,6,44,0
264,23,2,6,44,0,2,6,44,0
264,24,10,8,242,-7,10,15,235,-7
264,25,10,8,242,-7,10,15,235,-7
264,26,10,11,239,-6,10,17,233,-6
264,27,10,11,239,-6,10,17,233,-6
264,28,10,8,242,8,10,0,250,8
264,29,10,8,242,8,10,0,250,8
264,30,10,14,236,-1,10,15,235,-1
264,31,10,14,236,-1,10,15,235,-1
264,32,10,14,236,-1,10,15,235,-1
264,33,10,13,237,4,10,9,241,4
264,34,10,13,237,4,10,9,241,4
264,35,10,13,237,4,10,9,241,4
264,36,10,14,236,3,10,11,239,3
264,37,10,13,237,3,10,10,240,3
264,38,10,14,236,3,10,11,239,3
264,39,10,10,240,-9,10,19,231,-9
264,40,10,10,240,-9,10,19,231,-9
264,41,10,13,237,3,10,10,240,3
264,42,10,14,236,3,10,11,239,3
264,43,10,13,237,3,10,10,240,3
264,44,10,14,236,9,10,5,245,9
264,45,10,14,236,9,10,5,245,9
264,46,10,13,237,7,10,6,244,7
264,47,10,12,238,7,10,5,245,7
264,48,10,12,238,0,10,12,238,0
264,49,10,12,238,0,10,12,238,0
264,50,10,12,238,0,10,12,238,0
264,51,10,12,238,8,10,4,246,8
264,52,10,12,238,8,10,4,246,8
264,53,10,11,239,-8,10,19,231,-8
264,54,10,11,239,-8,10,19,231,-8
264,55,2,8,42,0,2,8,42,0
264,56,2,8,42,0,2,8,42,0
264,57,10,13,237,1,10,12,238,1
264,58,10,13,237,1,10,12,238,1
264,59,10,13,237,1,10,12,238,1
264,60,2,8,42,0,2,8,42,0
264,61,2,8,42,0,2,8,42,0
264,62,10,11,239,-10,10,21,229,-10
264,63,10,11,239,-10,10,21,229,-10
264,64,10,10,240,-6,10,16,234,-6
264,65,10,10,240,-6,10,16,234,-6
264,66,10,13,237,-8,10,21,229,-8
264,67,10,13,237,-8,10,21,229,-8
264,68,2,8,42,0,2,8,42,0
264,69,2,8,42,0,2,8,42,0
264,70,10,14,236,-2,10,16,234,-2
264,71,10,14,236,-2,10,16,234,-2
264,72,10,10,240,6,10,4,246,6
264,73,10,10,240,6,10,4,246,6
264,74,10,10,240,6,10,4,246,6
264,75,10,10,240,-2,10,12,238,-2
264,76,10,10,240,-2,10,12,238,-2
264,77,10,11,239,-6,10,17,233,-6
264,78,10,11,239,-6,10,17,233,-6
264,79,10,9,241,-5,10,14,236,-5
264,80,10,9,241,-5,10,14,236,-5
264,81,10,12,238,-2,10,14,236,-2
264,82,10,12,238,-2,10,14,236,-2
264,83,2,8,42,0,2,8,42,0
264,84,10,10,240,5,10,5,245,5
264,85,10,10,240,5,10,5,245,5
264,86,10,13,237,8,10,5,245,8
264,87,10,13,237,8,10,5,245,8
264,88,2,8,42,0,2,8,42,0
264,89,2,8,42,0,2,8,42,0
264,90,10,14,236,-6,10,20,230,-6
264,91,10,14,236,-6,10,20,230,-6
264,92,10,14,236,-6,10,20,230,-6
264,93,2,8,42,0,2,8,42,0
264,94,10,14,236,5,10,9,241,5
264,95,10,14,236,5,10,9,241,5
265,0,10,10,240,-4,10,14,236,-4
265,1,10,10,240,-4,10,14,236,-4
265,2,10,8,242,7,10,1,249,7
265,3,10,8,242,7,10,1,249,7
265,4,2,7,43,0,2,7,43,0
265,5,2,7,43,0,2,7,43,0
265,6,2,7,43,0,2,7,43,0
265,7,2,7,43,0,2,7,43,0
265,8,10,12,238,0,10,12,238,0
265,9,10,12,238,0,10,12,238,0
265,10,10,12,238,-9,10,21,229,-9
265,11,10,12,238,-9,10,21,229,-9
265,12,10,12,238,-6,10,18,232,-6
265,13,10,12,238,-6,10,18,232,-6
265,14,10,12,238,-6,10,18,232,-6
265,15,10,13,237,-6,10,19,231,-6
265,16,10,13,237,-6,10,19,231,-6
265,17,10,12,238,-10,10,22,228,-10
265,18,10,12,238,-10,10,22,228,-10
265,19,10,12,238,-10,10,22,228,-10
265,20,2,7,43,0,2,7,43,0
265,21,2,7,43,0,2,7,43,0
265,22,2,7,43,0,2,7,43,0
265,23,2,7,43,0,2,7,43,0
265,24,10,8,242,1,10,7,243,1
265,25,10,8,242,1,10,7,243,1
265,26,10,10,240,-8,10,18,232,-8
265,27,10,10,240,-8,10,18,232,-8
265,28,10,8,242,8,10,0,250,8
265,29,10,8,242,8,10,0,250,8
265,30,10,12,238,-3,10,15,235,-3
265,31,10,12,238,-3,10,15,235,-3
265,32,10,12,238,-3,10,15,235,-3
265,33,10,13,237,-5,10,18,232,-5
265,34,10,13,237,-5,10,18,232,-5
265,35,10,13,237,-5,10,18,232,-5
265,36,10,12,238,7,10,5,245,7
265,37,10,12,238,7,10,5,245,7
265,38,10,12,238,7,10,5,245,7
265,39,10,11,239,8,10,3,247,8
265,40,10,11,239,8,10,3,247,8
265,41,10,14,236,1,10,13,237,1
265,42,10,14,236,1,10,13,237,1
265,43,10,14,236,1,10,13,237,1
265,44,10,13,237,2,10,11,239,2
265,45,10,13,237,2,10,11,239,2
265,46,10,12,238,7,10,5,245,7
265,47,10,12,238,7,10,5,245,7
265,48,10,12,238,-5,10,17,233,-5
265,49,10,12,238,-5,10,17,233,-5
265,50,10,11,239,-5,10,16,234,-5
265,51,10,17,233,-8,9,0,225,-8
265,52,10,17,233,-8,9,0,225,-8
265,53,10,9,241,5,10,4,246,5
265,54,10,9,241,5,10,4,246,5
265,55,2,9,41,0,2,9,41,0
265,56,2,9,41,0,2,9,41,0
265,57,10,14,236,10,10,4,246,10
265,58,10,14,236,10,10,4,246,10
265,59,10,14,236,10,10,4,246,10
265,60,2,9,41,0,2,9,41,0
265,61,2,9,41,0,2,9,41,0
265,62,10,13,237,-8,10,21,229,-8
265,63,10,13,237,-8,10,21,229,-8
265,64,10,8,242,-9,10,17,233,-9
265,65,10,8,242,-9,10,17,233,-9
265,66,10,11,239,6,10,5,245,6
265,67,10,11,239,6,10,5,245,6
265,68,2,9,41,0,2,9,41,0
265,69,2,9,41,0,2,9,41,0
265,70,10,14,236,3,10,11,239,3
265,71,10,14,236,3,10,11,239,3
265,72,10,13,237,-6,10,19,231,-6
265,73,10,13,237,-6,10,19,231,-6
265,74,10,13,237,-6,10,19,231,-6
265,75,10,12,238,-10,10,22,228,-10
265,76,10,12,238,-10,10,22,228,-10
265,77,10,10,240,4,10,6,244,4
265,78,10,10,240,4,10,6,244,4
265,79,10,11,239,8,10,3,247,8
265,80,10,11,239,8,10,3,247,8
265,81,10,11,239,8,10,3,247,8
265,82,10,11,239,8,10,3,247,8
265,83,2,9,41,0,2,9,41,0
265,84,10,8,242,8,10,0,250,8
265,85,10,8,242,8,10,0,250,8
265,86,10,15,235,-9,10,24,226,-9
265,87,10,15,235,-9,10,24,226,-9
265,88,2,10,40,0,2,10,40,0
265,89,2,10,40,0,2,10,40,0
265,90,10,11,239,-7,10,18,232,-7
265,91,10,11,239,-7,10,18,232,-7
265,92,10,11,239,-7,10,18,232,-7
265,93,2,9,41,0,2,9,41,0
265,94,10,14,236,2,10,12,238,2
265,95,10,14,236,2,10,12,238,2
266,0,11,10,265,-2,11,12,263,-2
266,1,11,10,265,-2,11,12,263,-2
266,2,11,9,266,-7,11,16,259,-7
266,3,11,9,266,-7,11,16,259,-7
266,4,3,6,69,0,3,6,69,0
266,5,3,6,69,0,3,6,69,0
266,6,3,6,69,0,3,6,69,0
266,7,3,6,69,0,3,6,69,0
266,8,11,12,263,-10,11,22,253,-10
266,9,11,12,263,-10,11,22,253,-10
266,10,11,12,263,6,11,6,269,6
266,11,11,12,263,6,11,6,269,6
266,12,11,13,262,-10,11,23,252,-10
266,13,11,13,262,-10,11,23,252,-10
266,14,11,13,262,-10,11,23,252,-10
266,15,11,12,263,-6,11,18,257,-6
266,16,11,12,263,-6,11,18,257,-6
266,17,11,12,263,7,11,5,270,7
266,18,11,12,263,7,11,5,270,7
266,19,11,12,263,7,11,5,270,7
266,20,11,14,261,-8,11,22,253,-8
266,21,11,14,261,-8,11,22,253,-8
266,22,3,7,68,0,3,7,68,0
266,23,3,7,68,0,3,7,68,0
266,24,3,7,68,0,3,7,68,0
266,25,3,7,68,0,3,7,68,0
266,26,11,9,266,0,11,9,266,0
266,27,11,9,266,0,11,9,266,0
266,28,11,12,263,-8,11,20,255,-8
266,29,11,12,263,-8,11,20,255,-8
266,30,11,14,261,-6,11,20,255,-6
266,31,11,14,261,-6,11,20,255,-6
266,32,11,14,261,-6,11,20,255,-6
266,33,11,13,262,-1,11,14,261,-1
266,34,11,13,262,-1,11,14,261,-1
266,35,11,13,262,-1,11,14,261,-1
266,36,11,14,261,4,11,10,265,4
266,37,11,14,261,4,11,10,265,4
266,38,11,14,261,4,11,10,265,4
266,39,11,11,264,-6,11,17,258,-6
266,40,11,11,264,-6,11,17,258,-6
266,41,11,13,262,-9,11,22,253,-9
266,42,11,13,262,-9,11,22,253,-9
266,43,11,13,262,-9,11,22,253,-9
266,44,11,15,260,7,11,8,267,7
266,45,11,15,260,7,11,8,267,7
266,46,11,14,261,2,11,12,263,2
266,47,11,14,261,2,11,12,263,2
266,48,11,13,262,3,11,10,265,3
266,49,11,13,262,3,11,10,265,3
266,50,11,13,262,3,11,10,265,3
266,51,11,15,260,4,11,11,264,4
266,52,11,15,260,4,11,11,264,4
266,53,11,12,263,-9,11,21,254,-9
266,54,11,12,263,-9,11,21,254,-9
266,55,3,7,68,0,3,7,68,0
266,56,3,7,68,0,3,7,68,0
266,57,11,15,260,7,11,8,267,7
266,58,11,15,260,7,11,8,267,7
266,59,11,15,260,7,11,8,267,7
266,60,3,8,67,0,3,8,67,0
266,61,3,8,67,0,3,8,67,0
266,62,11,12,263,5,11,7,268,5
266,63,11,12,263,5,11,7,268,5
266,64,11,11,264,5,11,6,269,5
266,65,11,11,264,5,11,6,269,5
266,66,11,12,263,4,11,8,267,4
266,67,11,12,263,4,11,8,267,4
266,68,3,8,67,0,3,8,67,0
266,69,3,8,67,0,3,8,67,0
266,70,11,16,259,-7,11,23,252,-7
266,71,11,16,259,-7,11,23,252,-7
266,72,11,13,262,-10,11,23,252,-10
266,73,11,13,262,-10,11,23,252,-10
266,74,11,13,262,-10,11,23,252,-10
266,75,11,10,265,7,11,3,272,7
266,76,11,10,265,7,11,3,272,7
266,77,11,9,266,2,11,7,268,2
266,78,11,9,266,2,11,7,268,2
266,79,11,11,264,-8,11,19,256,-8
266,80,11,11,264,-8,11,19,256,-8
266,81,11,10,265,8,11,2,273,8
266,82,11,10,265,8,11,2,273,8
266,83,3,8,67,0,3,8,67,0
266,84,11,12,263,7,11,5,270,7
266,85,11,12,263,7,11,5,270,7
266,86,11,13,262,7,11,6,269,7
266,87,11,13,262,7,11,6,269,7
266,88,3,8,67,0,3,8,67,0
266,89,3,8,67,0,3,8,67,0
266,90,11,13,262,-1,11,14,261,-1
266,91,11,13,262,-1,11,14,261,-1
266,92,11,13,262,-1,11,14,261,-1
266,93,3,8,67,0,3,8,67,0
266,94,11,15,260,3,11,12,263,3
266,95,11,15,260,3,11,12,263,3
267,0,12,12,288,4,12,8,292,4
267,1,12,12,288,4,12,8,292,4
267,2,12,10,290,-7,12,17,283,-7
267,3,12,10,290,-7,12,17,283,-7
267,4,4,10,90,0,4,10,90,0
267,5,4,10,90,0,4,10,90,0
267,6,4,10,90,0,4,10,90,0
267,7,12,15,285,-6,12,21,279,-6
267,8,12,15,285,-6,12,21,279,-6
267,9,4,10,90,0,4,10,90,0
267,10,12,14,286,-9,12,23,277,-9
267,11,12,14,286,-9,12,23,277,-9
267,12,12,15,285,5,12,10,290,5
267,13,12,15,285,5,12,10,290,5
267,14,12,15,285,5,12,10,290,5
267,15,12,14,286,6,12,8,292,6
267,16,12,14,286,6,12,8,292,6
267,17,12,14,286,-1,12,15,285,-1
267,18,12,14,286,-1,12,15,285,-1
267,19,12,14,286,-1,12,15,285,-1
267,20,4,10,90,0,4,10,90,0
267,21,4,10,90,0,4,10,90,0
267,22,4,10,90,0,4,10,90,0
267,23,4,10,90,0,4,10,90,0
267,24,12,9,291,1,12,8,292,1
267,25,12,9,291,1,12,8,292,1
267,26,12,13,287,1,12,12,288,1
267,27,12,13,287,1,12,12,288,1
267,28,12,12,288,3,12,9,291,3
267,29,12,12,288,3,12,9,291,3
267,30,12,13,287,10,12,3,297,10
267,31,12,13,287,10,12,3,297,10
267,32,12,13,287,10,12,3,297,10
267,33,12,13,287,7,12,6,294,7
267,34,12,13,287,7,12,6,294,7
267,35,12,13,287,7,12,6,294,7
267,36,12,14,286,9,12,5,295,9
267,37,12,14,286,9,12,5,295,9
267,38,12,14,286,9,12,5,295,9
267,39,12,14,286,-5,12,19,281,-5
267,40,12,14,286,-5,12,19,281,-5
267,41,12,15,285,9,12,6,294,9
267,42,12,15,285,9,12,6,294,9
267,43,12,15,285,9,12,6,294,9
267,44,12,13,287,5,12,8,292,5
267,45,12,13,287,5,12,8,292,5
267,46,12,16,284,1,12,15,285,1
267,47,12,16,284,1,12,15,285,1
267,48,12,14,286,-3,12,17,283,-3
267,49,12,14,286,-3,12,17,283,-3
267,50,12,14,286,-3,12,17,283,-3
267,51,12,10,290,-7,12,17,283,-7
267,52,12,10,290,-7,12,17,283,-7
267,53,12,12,288,-3,12,15,285,-3
267,54,12,12,288,-3,12,15,285,-3
267,55,4,11,89,0,4,11,89,0
267,56,12,15,285,-10,11,0,275,-10
267,57,12,15,285,-10,11,0,275,-10
267,58,12,15,285,-10,11,0,275,-10
267,59,4,11,89,0,4,11,89,0
267,60,4,11,89,0,4,11,89,0
267,61,4,11,89,0,4,11,89,0
267,62,12,13,287,3,12,10,290,3
267,63,12,13,287,3,12,10,290,3
267,64,12,12,288,-10,12,22,278,-10
267,65,12,12,288,-10,12,22,278,-10
267,66,12,12,288,-2,12,14,286,-2
267,67,12,12,288,-2,12,14,286,-2
267,68,4,11,89,0,4,11,89,0
267,69,4,11,89,0,4,11,89,0
267,70,12,16,284,6,12,10,290,6
267,71,12,16,284,6,12,10,290,6
267,72,12,12,288,-9,12,21,279,-9
267,73,12,12,288,-9,12,21,279,-9
267,74,12,12,288,-9,12,21,279,-9
267,75,12,11,289,5,12,6,294,5
267,76,12,11,289,5,12,6,294,5
267,77,12,9,291,8,12,1,299,8
267,78,12,9,291,8,12,1,299,8
267,79,12,12,288,2,12,10,290,2
267,80,12,12,288,2,12,10,290,2
267,81,12,13,287,10,12,3,297,10
267,82,12,13,287,10,12,3,297,10
267,83,4,11,89,0,4,11,89,0
267,84,12,11,289,-6,12,17,283,-6
267,85,12,11,289,-6,12,17,283,-6
267,86,12,14,286,-10,12,24,276,-10
267,87,12,14,286,-10,12,24,276,-10
267,88,4,11,89,0,4,11,89,0
267,89,4,11,89,0,4,11,89,0
267,90,12,14,286,7,12,7,293,7
267,91,12,14,286,7,12,7,293,7
267,92,12,14,286,7,12,7,293,7
267,93,4,11,89,0,4,11,89,0
267,94,12,16,284,7,12,9,291,7
267,95,12,16,284,7,12,9,291,7
268,0,11,11,264,9,11,2,273,9
268,1,11,11,264,9,11,2,273,9
268,2,11,11,264,9,11,2,273,9
268,3,11,9,266,-6,11,15,260,-6
268,4,11,9,266,-6,11,15,260,-6
268,5,11,6,269,8,12,23,277,8
268,6,11,6,269,8,12,23,277,8
268,7,11,8,267,8,11,0,275,8
268,8,11,8,267,8,11,0,275,8
268,9,11,12,263,4,11,8,267,4
268,10,11,12,263,4,11,8,267,4
268,11,11,12,263,4,11,8,267,4
268,12,11,7,268,-2,11,9,266,-2
268,13,11,7,268,-2,11,9,266,-2
268,14,11,9,266,8,11,1,274,8
268,15,11,9,266,8,11,1,274,8
268,16,11,5,270,4,11,1,274,4
268,17,11,5,270,4,11,1,274,4
268,18,11,7,268,2,11,5,270,2
268,19,11,7,268,2,11,5,270,2
268,20,3,8,67,0,3,8,67,0
268,21,3,8,67,0,3,8,67,0
268,22,11,12,263,5,11,7,268,5
268,23,11,12,263,5,11,7,268,5
268,24,11,9,266,-4,11,13,262,-4
268,25,11,9,266,-4,11,13,262,-4
268,26,11,9,266,-4,11,13,262,-4
268,27,11,8,267,10,12,23,277,10
268,28,11,8,267,10,12,23,277,10
268,29,11,8,267,6,11,2,273,6
268,30,11,8,267,6,11,2,273,6
268,31,11,8,267,7,11,1,274,7
268,32,11,8,267,7,11,1,274,7
268,33,11,10,265,2,11,8,267,2
268,34,11,10,265,2,11,8,267,2
268,35,3,8,67,0,3,8,67,0
268,36,11,7,268,2,11,5,270,2
268,37,11,7,268,2,11,5,270,2
268,38,11,11,264,10,11,1,274,10
268,39,11,11,264,10,11,1,274,10
268,40,11,11,264,7,11,4,271,7
268,41,11,11,264,7,11,4,271,7
268,42,11,12,263,1,11,11,264,1
268,43,11,12,263,1,11,11,264,1
268,44,11,12,263,1,11,11,264,1
268,45,3,8,67,0,3,8,67,0
268,46,11,12,263,8,11,4,271,8
268,47,11,12,263,8,11,4,271,8
268,48,11,11,264,-4,11,15,260,-4
268,49,11,11,264,-4,11,15,260,-4
268,50,11,10,265,-4,11,14,261,-4
268,51,11,11,264,1,11,10,265,1
268,52,11,11,264,1,11,10,265,1
268,53,11,10,265,2,11,8,267,2
268,54,11,10,265,2,11,8,267,2
268,55,11,9,266,1,11,8,267,1
268,56,11,9,266,1,11,8,267,1
268,57,11,14,261,8,11,6,269,8
268,58,11,14,261,8,11,6,269,8
268,59,11,14,261,8,11,6,269,8
268,60,11,10,265,-5,11,15,260,-5
268,61,11,10,265,-5,11,15,260,-5
268,62,11,10,265,1,11,9,266,1
268,63,11,10,265,1,11,9,266,1
268,64,11,8,267,-5,11,13,262,-5
268,65,11,8,267,-5,11,13,262,-5
268,66,11,12,263,0,11,12,263,0
268,67,11,12,263,0,11,12,263,0
268,68,3,10,65,0,3,10,65,0
268,69,3,10,65,0,3,10,65,0
268,70,11,16,259,-7,11,23,252,-7
268,71,11,16,259,-7,11,23,252,-7
268,72,11,12,263,0,11,12,263,0
268,73,11,12,263,0,11,12,263,0
268,74,11,12,263,0,11,12,263,0
268,75,11,7,268,3,11,4,271,3
268,76,11,7,268,3,11,4,271,3
268,77,11,7,268,3,11,4,271,3
268,78,11,7,268,3,11,4,271,3
268,79,11,8,267,-7,11,15,260,-7
268,80,11,8,267,-7,11,15,260,-7
268,81,11,13,262,2,11,11,264,2
268,82,11,13,262,2,11,11,264,2
268,83,3,10,65,0,3,10,65,0
268,84,11,10,265,-7,11,17,258,-7
268,85,11,10,265,-7,11,17,258,-7
268,86,11,10,265,-1,11,11,264,-1
268,87,11,10,265,-1,11,11,264,-1
268,88,11,9,266,6,11,3,272,6
268,89,11,9,266,6,11,3,272,6
268,90,11,12,263,-7,11,19,256,-7
268,91,11,12,263,-7,11,19,256,-7
268,92,11,12,263,-7,11,19,256,-7
268,93,3,11,64,0,3,11,64,0
268,94,11,13,262,2,11,11,264,2
268,95,11,13,262,2,11,11,264,2
269,0,11,11,264,-10,11,21,254,-10
269,1,11,11,264,-10,11,21,254,-10
269,2,11,7,268,9,12,23,277,9
269,3,11,7,268,9,12,23,277,9
269,4,11,10,265,-2,11,12,263,-2
269,5,11,10,265,-2,11,12,263,-2
269,6,11,9,266,6,11,3,272,6
269,7,11,9,266,6,11,3,272,6
269,8,11,11,264,-5,11,16,259,-5
269,9,11,11,264,-5,11,16,259,-5
269,10,11,10,265,1,11,9,266,1
269,11,11,11,264,1,11,10,265,1
269,12,11,14,261,1,11,13,262,1
269,13,11,14,261,1,11,13,262,1
269,14,11,14,261,1,11,13,262,1
269,15,11,14,261,-10,11,24,251,-10
269,16,11,14,261,-10,11,24,251,-10
269,17,11,11,264,-9,11,20,255,-9
269,18,11,11,264,-9,11,20,255,-9
269,19,11,11,264,-9,11,20,255,-9
269,20,3,8,67,0,3,8,67,0
269,21,3,8,67,0,3,8,67,0
269,22,3,8,67,0,3,8,67,0
269,23,3,8,67,0,3,8,67,0
269,24,11,10,265,-8,11,18,257,-8
269,25,11,10,265,-8,11,18,257,-8
269,26,11,12,263,-1,11,13,262,-1
269,27,11,12,263,-1,11,13,262,-1
269,28,11,11,264,-5,11,16,259,-5
269,29,11,11,264,-5,11,16,259,-5
269,30,11,12,263,8,11,4,271,8
269,31,11,13,262,8,11,5,270,8
269,32,11,13,262,8,11,5,270,8
269,33,11,12,263,3,11,9,266,3
269,34,11,12,263,3,11,9,266,3
269,35,11,12,263,3,11,9,266,3
269,36,11,14,261,0,11,14,261,0
269,37,11,14,261,0,11,14,261,0
269,38,11,14,261,0,11,14,261,0
269,39,11,14,261,9,11,5,270,9
269,40,11,14,261,9,11,5,270,9
269,41,11,14,261,-10,11,24,251,-10
269,42,11,14,261,-10,11,24,251,-10
269,43,11,14,261,-10,11,24,251,-10
269,44,11,12,263,5,11,7,268,5
269,45,11,12,263,5,11,7,268,5
269,46,11,14,261,4,11,10,265,4
269,47,11,14,261,4,11,10,265,4
269,48,11,12,263,-3,11,15,260,-3
269,49,11,12,263,-3,11,15,260,-3
269,50,3,13,62,0,3,13,62,0
269,51,3,13,62,0,3,13,62,0
269,52,3,14,61,0,3,14,61,0
269,53,3,14,61,0,3,14,61,0
269,54,3,14,61,0,3,14,61,0
269,55,3,14,61,0,3,14,61,0
269,56,3,13,62,0,3,13,62,0
269,57,3,12,63,0,3,12,63,0
269,58,3,14,61,0,3,14,61,0
269,59,3,14,61,0,3,14,61,0
269,60,11,11,264,-3,11,14,261,-3
269,61,11,11,264,-3,11,14,261,-3
269,62,11,11,264,-3,11,14,261,-3
269,63,11,13,262,10,11,3,272,10
269,64,11,13,262,10,11,3,272,10
269,65,11,13,262,0,11,13,262,0
269,66,11,13,262,0,11,13,262,0
269,67,11,13,262,0,11,13,262,0
269,68,3,10,65,0,3,10,65,0
269,69,3,10,65,0,3,10,65,0
269,70,11,17,258,-4,11,21,254,-4
269,71,11,17,258,-4,11,21,254,-4
269,72,3,12,63,0,3,12,63,0
269,73,3,12,63,0,3,12,63,0
269,74,11,11,264,9,11,2,273,9
269,75,11,11,264,9,11,2,273,9
269,76,3,14,61,0,3,14,61,0
269,77,3,14,61,0,3,14,61,0
269,78,11,12,263,-8,11,20,255,-8
269,79,11,12,263,-8,11,20,255,-8
269,80,11,12,263,-8,11,20,255,-8
269,81,11,13,262,-6,11,19,256,-6
269,82,11,13,262,-6,11,19,256,-6
269,83,11,13,262,-6,11,19,256,-6
269,84,11,11,264,-4,11,15,260,-4
269,85,11,11,264,-4,11,15,260,-4
269,86,11,11,264,-4,11,15,260,-4
269,87,11,15,260,0,11,15,260,0
269,88,11,15,260,0,11,15,260,0
269,89,11,15,260,9,11,6,269,9
269,90,11,15,260,9,11,6,269,9
269,91,11,15,260,9,11,6,269,9
269,92,3,14,61,0,3,14,61,0
269,93,3,14,61,0,3,14,61,0
269,94,3,10,65,0,3,10,65,0
269,95,3,10,65,0,3,10,65,0
270,0,11,8,267,-5,11,13,262,-5
270,1,11,8,267,-5,11,13,262,-5
270,2,11,9,266,6,11,3,272,6
270,3,11,9,266,6,11,3,272,6
270,4,11,8,267,3,11,5,270,3
270,5,11,8,267,3,11,5,270,3
270,6,11,10,265,-7,11,17,258,-7
270,7,11,10,265,-7,11,17,258,-7
270,8,11,8,267,-6,11,14,261,-6
270,9,11,8,267,-6,11,14,261,-6
270,10,11,8,267,-5,11,13,262,-5
270,11,11,8,267,-5,11,13,262,-5
270,12,11,12,263,2,11,10,265,2
270,13,11,12,263,2,11,10,265,2
270,14,11,12,263,2,11,10,265,2
270,15,11,12,263,-3,11,15,260,-3
270,16,11,12,263,-3,11,15,260,-3
270,17,11,9,266,5,11,4,271,5
270,18,11,9,266,5,11,4,271,5
270,19,11,9,266,5,11,4,271,5
270,20,3,8,67,0,3,8,67,0
270,21,3,8,67,0,3,8,67,0
270,22,3,9,66,0,3,9,66,0
270,23,3,9,66,0,3,9,66,0
270,24,11,12,263,-9,11,21,254,-9
270,25,11,12,263,-9,11,21,254,-9
270,26,11,10,265,-10,11,20,255,-10
270,27,11,10,265,-10,11,20,255,-10
270,28,11,10,265,-4,11,14,261,-4
270,29,11,10,265,-4,11,14,261,-4
270,30,11,11,264,-7,11,18,257,-7
270,31,11,11,264,-7,11,18,257,-7
270,32,11,10,265,-7,11,17,258,-7
270,33,11,15,260,-4,11,19,256,-4
270,34,11,15,260,-4,11,19,256,-4
270,35,11,15,260,-4,11,19,256,-4
270,36,11,14,261,4,11,10,265,4
270,37,11,14,261,4,11,10,265,4
270,38,11,14,261,4,11,10,265,4
270,39,11,11,264,-6,11,17,258,-6
270,40,11,11,264,-6,11,17,258,-6
270,41,11,11,264,0,11,11,264,0
270,42,11,11,264,0,11,11,264,0
270,43,11,11,264,0,11,11,264,0
270,44,11,15,260,-2,11,17,258,-2
270,45,11,15,260,-2,11,17,258,-2
270,46,11,13,262,-4,11,17,258,-4
270,47,11,13,262,-4,11,17,258,-4
270,48,11,13,262,-3,11,16,259,-3
270,49,11,13,262,-3,11,16,259,-3
270,50,11,11,264,-4,11,15,260,-4
270,51,11,11,264,-4,11,15,260,-4
270,52,11,12,263,2,11,10,265,2
270,53,11,12,263,2,11,10,265,2
270,54,11,9,266,5,11,4,271,5
270,55,11,9,266,5,11,4,271,5
270,56,11,13,262,5,11,8,267,5
270,57,11,13,262,5,11,8,267,5
270,58,11,12,263,7,11,5,270,7
270,59,11,12,263,7,11,5,270,7
270,60,11,15,260,-7,11,22,253,-7
270,61,11,15,260,-7,11,22,253,-7
270,62,11,15,260,-7,11,22,253,-7
270,63,11,12,263,-9,11,21,254,-9
270,64,11,12,263,-9,11,21,254,-9
270,65,11,14,261,-4,11,18,257,-4
270,66,11,14,261,-4,11,18,257,-4
270,67,11,14,261,-4,11,18,257,-4
270,68,3,10,65,0,3,10,65,0
270,69,3,10,65,0,3,10,65,0
270,70,11,15,260,6,11,9,266,6
270,71,11,15,260,6,11,9,266,6
270,72,11,10,265,2,11,8,267,2
270,73,11,10,265,2,11,8,267,2
270,74,11,14,261,-9,11,23,252,-9
270,75,11,14,261,-9,11,23,252,-9
270,76,11,8,267,-4,11,12,263,-4
270,77,11,8,267,-4,11,12,263,-4
270,78,11,12,263,8,11,4,271,8
270,79,11,12,263,8,11,4,271,8
270,80,11,12,263,8,11,4,271,8
270,81,11,10,265,3,11,7,268,3
270,82,11,10,265,3,11,7,268,3
270,83,11,10,265,3,11,7,268,3
270,84,11,15,260,7,11,8,267,7
270,85,11,15,260,7,11,8,267,7
270,86,11,15,260,7,11,8,267,7
270,87,11,12,263,-1,11,13,262,-1
270,88,11,12,263,-1,11,13,262,-1
270,89,11,13,262,-10,11,23,252,-10
270,90,11,13,262,-10,11,23,252,-10
270,91,11,13,262,-10,11,23,252,-10
270,92,11,13,262,-5,11,18,257,-5
270,93,11,13,262,-5,11,18,257,-5
270,94,3,10,65,0,3,10,65,0
270,95,3,10,65,0,3,10,65,0
271,0,10,10,240,0,10,10,240,0
271,1,10,10,240,0,10,10,240,0
271,2,10,10,240,0,10,10,240,0
271,3,2,7,43,0,2,7,43,0
271,4,2,7,43,0,2,7,43,0
271,5,10,6,244,-4,10,10,240,-4
271,6,10,6,244,-4,10,10,240,-4
271,7,10,9,241,-7,10,16,234,-7
271,8,10,9,241,-7,10,16,234,-7
271,9,10,10,240,-4,10,14,236,-4
271,10,10,10,240,-4,10,14,236,-4
271,11,10,10,240,-4,10,14,236,-4
271,12,10,6,244,6,10,0,250,6
271,13,10,6,244,6,10,0,250,6
271,14,10,7,243,6,10,1,249,6
271,15,10,7,243,6,10,1,249,6
271,16,10,5,245,-5,10,10,240,-5
271,17,10,5,245,-5,10,10,240,-5
271,18,10,8,242,-9,10,17,233,-9
271,19,10,8,242,-9,10,17,233,-9
271,20,10,11,239,-4,10,15,235,-4
271,21,10,11,239,-4,10,15,235,-4
271,22,10,8,242,8,10,0,250,8
271,23,10,8,242,8,10,0,250,8
271,24,10,10,240,-2,10,12,238,-2
271,25,10,10,240,-2,10,12,238,-2
271,26,10,10,240,-2,10,12,238,-2
271,27,10,8,242,-9,10,17,233,-9
271,28,10,8,242,-9,10,17,233,-9
271,29,10,7,243,5,10,2,248,5
271,30,10,7,243,5,10,2,248,5
271,31,10,9,241,4,10,5,245,4
271,32,10,9,241,4,10,5,245,4
271,33,10,8,242,-4,10,12,238,-4
271,34,10,8,242,-4,10,12,238,-4
271,35,2,7,43,0,2,7,43,0
271,36,10,7,243,-9,10,16,234,-9
271,37,10,6,244,-9,10,15,235,-9
271,38,10,10,240,5,10,5,245,5
271,39,10,10,240,5,10,5,245,5
271,40,10,8,242,5,10,3,247,5
271,41,10,8,242,5,10,3,247,5
271,42,10,8,242,-3,10,11,239,-3
271,43,10,8,242,-3,10,11,239,-3
271,44,10,8,242,-3,10,11,239,-3
271,45,2,8,42,0,2,8,42,0
271,46,10,8,242,-2,10,10,240,-2
271,47,10,8,242,-2,10,10,240,-2
271,48,10,10,240,9,10,1,249,9
271,49,10,10,240,9,10,1,249,9
271,50,10,10,240,9,10,1,249,9
271,51,10,12,238,-9,10,21,229,-9
271,52,10,12,238,-9,10,21,229,-9
271,53,10,6,244,-6,10,12,238,-6
271,54,10,6,244,-6,10,12,238,-6
271,55,10,7,243,7,10,0,250,7
271,56,10,7,243,7,10,0,250,7
271,57,10,11,239,-8,10,19,231,-8
271,58,10,11,239,-8,10,19,231,-8
271,59,10,11,239,-8,10,19,231,-8
271,60,10,8,242,-4,10,12,238,-4
271,61,10,8,242,-4,10,12,238,-4
271,62,10,11,239,8,10,3,247,8
271,63,10,11,239,8,10,3,247,8
271,64,10,7,243,6,10,1,249,6
271,65,10,7,243,6,10,1,249,6
271,66,10,7,243,10,11,22,253,10
271,67,10,7,243,10,11,22,253,10
271,68,2,9,41,0,2,9,41,0
271,69,2,9,41,0,2,9,41,0
271,70,10,14,236,2,10,12,238,2
271,71,10,14,236,2,10,12,238,2
271,72,2,12,38,0,2,12,38,0
271,73,2,12,38,0,2,12,38,0
271,74,2,12,38,0,2,12,38,0
271,75,10,7,243,-9,10,16,234,-9
271,76,10,7,243,-9,10,16,234,-9
271,77,10,6,244,-10,10,16,234,-10
271,78,10,6,244,-10,10,16,234,-10
271,79,10,7,243,-3,10,10,240,-3
271,80,10,7,243,-3,10,10,240,-3
271,81,10,9,241,5,10,4,246,5
271,82,10,9,241,5,10,4,246,5
271,83,2,9,41,0,2,9,41,0
271,84,10,9,241,-6,10,15,235,-6
271,85,10,9,241,-6,10,15,235,-6
271,86,10,11,239,1,10,10,240,1
271,87,10,11,239,1,10,10,240,1
271,88,10,5,245,-10,10,15,235,-10
271,89,10,5,245,-10,10,15,235,-10
271,90,10,9,241,2,10,7,243,2
271,91,10,9,241,2,10,7,243,2
271,92,10,9,241,2,10,7,243,2
271,93,2,9,41,0,2,9,41,0
271,94,10,10,240,9,10,1,249,9
271,95,10,10,240,9,10,1,249,9
272,0,10,11,239,8,10,3,247,8
272,1,10,11,239,8,10,3,247,8
272,2,10,11,239,8,10,3,247,8
272,3,10,7,243,0,10,7,243,0
272,4,10,7,243,0,10,7,243,0
272,5,10,8,242,-10,10,18,232,-10
272,6,10,8,242,-10,10,18,232,-10
272,7,10,7,243,3,10,4,246,3
272,8,10,7,243,3,10,4,246,3
272,9,10,10,240,-9,10,19,231,-9
272,10,10,10,240,-9,10,19,231,-9
272,11,10,10,240,-9,10,19,231,-9
272,12,10,10,240,-9,10,19,231,-9
272,13,10,10,240,-9,10,19,231,-9
272,14,10,8,242,-6,10,14,236,-6
272,15,10,8,242,-6,10,14,236,-6
272,16,11,24,251,0,11,24,251,0
272,17,11,21,254,0,11,21,254,0
272,18,10,10,240,-4,10,14,236,-4
272,19,10,10,240,-4,10,14,236,-4
272,20,2,7,43,0,2,7,43,0
272,21,2,7,43,0,2,7,43,0
272,22,10,13,237,1,10,12,238,1
272,23,10,13,237,1,10,12,238,1
272,24,10,8,242,-5,10,13,237,-5
272,25,10,8,242,-5,10,13,237,-5
272,26,10,8,242,-5,10,13,237,-5
272,27,10,7,243,5,10,2,248,5
272,28,10,7,243,5,10,2,248,5
272,29,10,10,240,7,10,3,247,7
272,30,10,10,240,7,10,3,247,7
272,31,10,8,242,-1,10,9,241,-1
272,32,10,8,242,-1,10,9,241,-1
272,33,10,11,239,0,10,11,239,0
272,34,10,11,239,0,10,11,239,0
272,35,2,7,43,0,2,7,43,0
272,36,10,6,244,-5,10,11,239,-5
272,37,10,6,244,-5,10,11,239,-5
272,38,10,8,242,10,11,23,252,10
272,39,10,8,242,10,11,23,252,10
272,40,10,8,242,10,11,23,252,10
272,41,10,8,242,10,11,23,252,10
272,42,10,11,239,-1,10,12,238,-1
272,43,10,11,239,-1,10,12,238,-1
272,44,10,11,239,-1,10,12,238,-1
272,45,2,7,43,0,2,7,43,0
272,46,10,10,240,0,10,10,240,0
272,47,10,10,240,0,10,10,240,0
272,48,2,8,42,0,2,8,42,0
272,49,10,12,238,8,10,4,246,8
272,50,10,12,238,8,10,4,246,8
272,51,10,11,239,-2,10,13,237,-2
272,52,10,11,239,-2,10,13,237,-2
272,53,10,7,243,4,10,3,247,4
272,54,10,7,243,4,10,3,247,4
272,55,10,7,243,6,10,1,249,6
272,56,10,8,242,6,10,2,248,6
272,57,10,14,236,10,10,4,246,10
272,58,10,14,236,10,10,4,246,10
272,59,10,14,236,10,10,4,246,10
272,60,10,6,244,-10,10,16,234,-10
272,61,10,6,244,-10,10,16,234,-10
272,62,10,9,241,5,10,4,246,5
272,63,10,9,241,5,10,4,246,5
272,64,10,5,245,9,11,21,254,9
272,65,10,5,245,9,11,21,254,9
272,66,10,10,240,0,10,10,240,0
272,67,10,10,240,0,10,10,240,0
272,68,2,8,42,0,2,8,42,0
272,69,2,8,42,0,2,8,42,0
272,70,10,14,236,-2,10,16,234,-2
272,71,10,14,236,-2,10,16,234,-2
272,72,10,7,243,-2,10,9,241,-2
272,73,10,7,243,-2,10,9,241,-2
272,74,10,7,243,-2,10,9,241,-2
272,75,10,8,242,-6,10,14,236,-6
272,76,10,8,242,-6,10,14,236,-6
272,77,10,7,243,-5,10,12,238,-5
272,78,10,7,243,-5,10,12,238,-5
272,79,10,6,244,3,10,3,247,3
272,80,10,6,244,3,10,3,247,3
272,81,10,13,237,9,10,4,246,9
272,82,10,13,237,9,10,4,246,9
272,83,10,13,237,9,10,4,246,9
272,84,10,7,243,-1,10,8,242,-1
272,85,10,7,243,-1,10,8,242,-1
272,86,10,13,237,-3,10,16,234,-3
272,87,10,13,237,-3,10,16,234,-3
272,88,10,9,241,10,11,24,251,10
272,89,10,9,241,10,11,24,251,10
272,90,10,9,241,0,10,9,241,0
272,91,10,9,241,0,10,9,241,0
272,92,10,9,241,0,10,9,241,0
272,93,2,9,41,0,2,9,41,0
272,94,10,13,237,0,10,13,237,0
272,95,10,13,237,0,10,13,237,0
273,0,10,9,241,2,10,7,243,2
273,1,10,9,241,2,10,7,243,2
273,2,10,3,247,-3,10,6,244,-3
273,3,10,3,247,-3,10,6,244,-3
273,4,10,6,244,2,10,4,246,2
273,5,10,6,244,2,10,4,246,2
273,6,10,8,242,9,11,24,251,9
273,7,10,8,242,9,11,24,251,9
273,8,10,7,243,-7,10,14,236,-7
273,9,10,7,243,-7,10,14,236,-7
273,10,10,6,244,5,10,1,249,5
273,11,10,6,244,5,10,1,249,5
273,12,10,11,239,2,10,9,241,2
273,13,10,11,239,2,10,9,241,2
273,14,10,11,239,2,10,9,241,2
273,15,10,9,241,-1,10,10,240,-1
273,16,10,9,241,-1,10,10,240,-1
273,17,10,7,243,4,10,3,247,4
273,18,10,7,243,4,10,3,247,4
273,19,10,7,243,4,10,3,247,4
273,20,2,7,43,0,2,7,43,0
273,21,2,7,43,0,2,7,43,0
273,22,2,7,43,0,2,7,43,0
273,23,2,7,43,0,2,7,43,0
273,24,10,8,242,1,10,7,243,1
273,25,10,8,242,1,10,7,243,1
273,26,10,11,239,-6,10,17,233,-6
273,27,10,10,240,-6,10,16,234,-6
273,28,10,7,243,-8,10,15,235,-8
273,29,10,7,243,-8,10,15,235,-8
273,30,10,8,242,-1,10,9,241,-1
273,31,10,8,242,-1,10,9,241,-1
273,32,10,8,242,-1,10,9,241,-1
273,33,10,9,241,5,10,4,246,5
273,34,10,9,241,5,10,4,246,5
273,35,10,9,241,5,10,4,246,5
273,36,11,22,253,0,11,22,253,0
273,37,10,2,248,0,10,2,248,0
273,38,10,2,248,0,10,2,248,0
273,39,10,11,239,4,10,7,243,4
273,40,10,11,239,4,10,7,243,4
273,41,10,7,243,-9,10,16,234,-9
273,42,10,7,243,-9,10,16,234,-9
273,43,10,7,243,-9,10,16,234,-9
273,44,10,8,242,6,10,2,248,6
273,45,10,8,242,6,10,2,248,6
273,46,10,10,240,2,10,8,242,2
273,47,10,10,240,2,10,8,242,2
273,48,10,11,239,-5,10,16,234,-5
273,49,10,11,239,-5,10,16,234,-5
273,50,10,8,242,9,11,24,251,9
273,51,10,8,242,9,11,24,251,9
273,52,10,8,242,4,10,4,246,4
273,53,10,8,242,4,10,4,246,4
273,54,10,6,244,7,11,24,251,7
273,55,10,6,244,7,11,24,251,7
273,56,10,12,238,2,10,10,240,2
273,57,10,12,238,2,10,10,240,2
273,58,10,11,239,3,10,8,242,3
273,59,10,11,239,3,10,8,242,3
273,60,10,13,237,-6,10,19,231,-6
273,61,10,13,237,-6,10,19,231,-6
273,62,10,13,237,-6,10,19,231,-6
273,63,10,10,240,9,10,1,249,9
273,64,10,10,240,9,10,1,249,9
273,65,10,10,240,6,10,4,246,6
273,66,10,10,240,6,10,4,246,6
273,67,10,10,240,6,10,4,246,6
273,68,2,9,41,0,2,9,41,0
273,69,2,9,41,0,2,9,41,0
273,70,10,10,240,-9,10,19,231,-9
273,71,10,10,240,-9,10,19,231,-9
273,72,10,7,243,10,11,22,253,10
273,73,10,7,243,10,11,22,253,10
273,74,10,9,241,6,10,3,247,6
273,75,10,9,241,6,10,3,247,6
273,76,10,7,243,8,11,24,251,8
273,77,10,8,242,8,10,0,250,8
273,78,10,11,239,2,10,9,241,2
273,79,10,11,239,2,10,9,241,2
273,80,10,11,239,2,10,9,241,2
273,81,10,12,238,7,10,5,245,7
273,82,10,12,238,7,10,5,245,7
273,83,10,12,238,7,10,5,245,7
273,84,10,12,238,-4,10,16,234,-4
273,85,10,12,238,-4,10,16,234,-4
273,86,10,12,238,-4,10,16,234,-4
273,87,10,12,238,-1,10,13,237,-1
273,88,10,12,238,-1,10,13,237,-1
273,89,10,12,238,-9,10,21,229,-9
273,90,10,12,238,-9,10,21,229,-9
273,91,10,12,238,-9,10,21,229,-9
273,92,10,9,241,10,11,24,251,10
273,93,10,9,241,10,11,24,251,10
273,94,2,10,40,0,2,10,40,0
273,95,2,10,40,0,2,10,40,0
274,0,10,12,238,9,10,3,247,9
274,1,10,12,238,9,10,3,247,9
274,2,2,12,38,0,2,12,38,0
274,3,2,12,38,0,2,12,38,0
274,4,2,13,37,0,2,13,37,0
274,5,2,13,37,0,2,13,37,0
274,6,2,13,37,0,2,13,37,0
274,7,2,13,37,0,2,13,37,0
274,8,2,12,38,0,2,12,38,0
274,9,2,12,38,0,2,12,38,0
274,10,2,13,37,0,2,13,37,0
274,11,2,13,37,0,2,13,37,0
274,12,10,13,237,-5,10,18,232,-5
274,13,10,13,237,-5,10,18,232,-5
274,14,10,13,237,-5,10,18,232,-5
274,15,10,11,239,8,10,3,247,8
274,16,10,11,239,8,10,3,247,8
274,17,10,10,240,-2,10,12,238,-2
274,18,10,10,240,-2,10,12,238,-2
274,19,10,10,240,-2,10,12,238,-2
274,20,10,13,237,-6,10,19,231,-6
274,21,10,13,237,-6,10,19,231,-6
274,22,10,13,237,-6,10,19,231,-6
274,23,2,8,42,0,2,8,42,0
274,24,2,11,39,0,2,11,39,0
274,25,2,11,39,0,2,11,39,0
274,26,10,14,236,6,10,8,242,6
274,27,10,14,236,6,10,8,242,6
274,28,2,13,37,0,2,13,37,0
274,29,2,13,37,0,2,13,37,0
274,30,2,9,41,0,2,9,41,0
274,31,2,9,41,0,2,9,41,0
274,32,2,9,41,0,2,9,41,0
274,33,10,14,236,10,10,4,246,10
274,34,10,14,236,10,10,4,246,10
274,35,10,14,236,10,10,4,246,10
274,36,10,11,239,-7,10,18,232,-7
274,37,10,11,239,-7,10,18,232,-7
274,38,10,11,239,-7,10,18,232,-7
274,39,10,12,238,-7,10,19,231,-7
274,40,10,12,238,-7,10,19,231,-7
274,41,10,13,237,-3,10,16,234,-3
274,42,10,13,237,-3,10,16,234,-3
274,43,10,13,237,-3,10,16,234,-3
274,44,2,13,37,0,2,13,37,0
274,45,2,13,37,0,2,13,37,0
274,46,10,11,239,-9,10,20,230,-9
274,47,10,11,239,-9,10,20,230,-9
274,48,10,13,237,-5,10,18,232,-5
274,49,10,13,237,-5,10,18,232,-5
274,50,10,10,240,7,10,3,247,7
274,51,10,10,240,7,10,3,247,7
274,52,10,13,237,-3,10,16,234,-3
274,53,10,13,237,-3,10,16,234,-3
274,54,10,9,241,9,10,0,250,9
274,55,10,9,241,9,10,0,250,9
274,56,10,14,236,-2,10,16,234,-2
274,57,10,14,236,-2,10,16,234,-2
274,58,10,12,238,1,10,11,239,1
274,59,10,12,238,1,10,11,239,1
274,60,10,15,235,-7,10,22,228,-7
274,61,10,15,235,-7,10,22,228,-7
274,62,10,15,235,-7,10,22,228,-7
274,63,10,11,239,-7,10,18,232,-7
274,64,10,11,239,-7,10,18,232,-7
274,65,10,14,236,-8,10,22,228,-8
274,66,10,14,236,-8,10,22,228,-8
274,67,10,14,236,-8,10,22,228,-8
274,68,2,11,39,0,2,11,39,0
274,69,2,11,39,0,2,11,39,0
274,70,10,16,234,0,10,16,234,0
274,71,10,16,234,0,10,16,234,0
274,72,10,13,237,0,10,13,237,0
274,73,10,13,237,0,10,13,237,0
274,74,10,16,234,1,10,15,235,1
274,75,10,16,234,1,10,15,235,1
274,76,10,11,239,-7,10,18,232,-7
274,77,10,11,239,-7,10,18,232,-7
274,78,10,15,235,-4,10,19,231,-4
274,79,10,15,235,-4,10,19,231,-4
274,80,10,15,235,-4,10,19,231,-4
274,81,10,14,236,-8,10,22,228,-8
274,82,10,14,236,-8,10,22,228,-8
274,83,10,14,236,-8,10,22,228,-8
274,84,10,16,234,10,10,6,244,10
274,85,10,16,234,10,10,6,244,10
274,86,10,16,234,10,10,6,244,10
274,87,10,17,233,-8,9,0,225,-8
274,88,10,17,233,-8,9,0,225,-8
274,89,10,15,235,-6,10,21,229,-6
274,90,10,15,235,-6,10,21,229,-6
274,91,10,15,235,-6,10,21,229,-6
274,92,10,15,235,8,10,7,243,8
274,93,10,15,235,8,10,7,243,8
274,94,2,12,38,0,2,12,38,0
274,95,2,12,38,0,2,12,38,0
275,0,9,12,213,-10,9,22,203,-10
275,1,9,12,213,-10,9,22,203,-10
275,2,9,12,213,-10,9,22,203,-10
275,3,9,9,216,3,9,6,219,3
275,4,9,9,216,3,9,6,219,3
275,5,9,7,218,1,9,6,219,1
275,6,9,7,218,1,9,6,219,1
275,7,9,9,216,-5,9,14,211,-5
275,8,9,9,216,-5,9,14,211,-5
275,9,9,14,211,2,9,12,213,2
275,10,9,14,211,2,9,12,213,2
275,11,9,14,211,2,9,12,213,2
275,12,9,10,215,5,9,5,220,5
275,13,9,10,215,5,9,5,220,5
275,14,9,8,217,8,9,0,225,8
275,15,9,8,217,8,9,0,225,8
275,16,9,10,215,-4,9,14,211,-4
275,17,9,10,215,-4,9,14,211,-4
275,18,9,7,218,-3,9,10,215,-3
275,19,9,7,218,-3,9,10,215,-3
275,20,1,7,18,0,1,7,18,0
275,21,1,7,18,0,1,7,18,0
275,22,9,12,213,-7,9,19,206,-7
275,23,9,11,214,-7,9,18,207,-7
275,24,9,11,214,2,9,9,216,2
275,25,9,11,214,2,9,9,216,2
275,26,9,11,214,2,9,9,216,2
275,27,9,8,217,0,9,8,217,0
275,28,9,8,217,0,9,8,217,0
275,29,9,9,216,9,9,0,225,9
275,30,9,9,216,9,9,0,225,9
275,31,9,9,216,6,9,3,222,6
275,32,9,9,216,6,9,3,222,6
275,33,9,9,216,-7,9,16,209,-7
275,34,9,9,216,-7,9,16,209,-7
275,35,15,11,364,0,15,11,364,0
275,36,9,8,217,3,9,5,220,3
275,37,9,8,217,3,9,5,220,3
275,38,9,10,215,-4,9,14,211,-4
275,39,9,10,215,-4,9,14,211,-4
275,40,9,12,213,-8,9,20,205,-8
275,41,9,12,213,-8,9,20,205,-8
275,42,9,11,214,-10,9,21,204,-10
275,43,9,11,214,-10,9,21,204,-10
275,44,9,11,214,-10,9,21,204,-10
275,45,1,8,17,0,1,8,17,0
275,46,9,13,212,-4,9,17,208,-4
275,47,9,13,212,-4,9,17,208,-4
275,48,9,13,212,7,9,6,219,7
275,49,9,13,212,7,9,6,219,7
275,50,9,13,212,7,9,6,219,7
275,51,9,11,214,-10,9,21,204,-10
275,52,9,11,214,-10,9,21,204,-10
275,53,9,9,216,-10,9,19,206,-10
275,54,9,9,216,-10,9,19,206,-10
275,55,9,8,217,3,9,5,220,3
275,56,9,8,217,3,9,5,220,3
275,57,9,11,214,2,9,9,216,2
275,58,9,11,214,2,9,9,216,2
275,59,9,11,214,2,9,9,216,2
275,60,9,6,219,-1,9,7,218,-1
275,61,9,6,219,-1,9,7,218,-1
275,62,9,12,213,9,9,3,222,9
275,63,9,12,213,9,9,3,222,9
275,64,9,8,217,-7,9,15,210,-7
275,65,9,8,217,-7,9,15,210,-7
275,66,9,12,213,5,9,7,218,5
275,67,9,12,213,5,9,7,218,5
275,68,1,9,16,0,1,9,16,0
275,69,1,9,16,0,1,9,16,0
275,70,9,15,210,10,9,5,220,10
275,71,9,15,210,10,9,5,220,10
275,72,9,10,215,-3,9,13,212,-3
275,73,9,10,215,-3,9,13,212,-3
275,74,9,10,215,-3,9,13,212,-3
275,75,9,9,216,-5,9,14,211,-5
275,76,9,9,216,-5,9,14,211,-5
275,77,9,6,219,9,10,22,228,9
275,78,9,6,219,9,10,22,228,9
275,79,1,9,16,0,1,9,16,0
275,80,9,9,216,-2,9,11,214,-2
275,81,9,11,214,7,9,4,221,7
275,82,9,11,214,7,9,4,221,7
275,83,9,9,216,-2,9,11,214,-2
275,84,9,11,214,2,9,9,216,2
275,85,9,11,214,2,9,9,216,2
275,86,9,12,213,8,9,4,221,8
275,87,9,12,213,8,9,4,221,8
275,88,9,10,215,-1,9,11,214,-1
275,89,9,10,215,-1,9,11,214,-1
275,90,9,12,213,-1,9,13,212,-1
275,91,9,12,213,-1,9,13,212,-1
275,92,9,12,213,-1,9,13,212,-1
275,93,1,10,15,0,1,10,15,0
275,94,9,13,212,-6,9,19,206,-6
275,95,9,13,212,-6,9,19,206,-6
276,0,10,10,240,2,10,8,242,2
276,1,10,10,240,2,10,8,242,2
276,2,10,10,240,2,10,8,242,2
276,3,10,9,241,2,10,7,243,2
276,4,10,9,241,2,10,7,243,2
276,5,10,9,241,6,10,3,247,6
276,6,10,9,241,6,10,3,247,6
276,7,10,9,241,-1,10,10,240,-1
276,8,10,9,241,-1,10,10,240,-1
276,9,10,12,238,2,10,10,240,2
276,10,10,12,238,2,10,10,240,2
276,11,10,12,238,2,10,10,240,2
276,12,10,9,241,-3,10,12,238,-3
276,13,10,9,241,-3,10,12,238,-3
276,14,10,7,243,6,10,1,249,6
276,15,10,7,243,6,10,1,249,6
276,16,10,5,245,1,10,4,246,1
276,17,10,5,245,1,10,4,246,1
276,18,10,5,245,-9,10,14,236,-9
276,19,10,5,245,-9,10,14,236,-9
276,20,2,7,43,0,2,7,43,0
276,21,2,7,43,0,2,7,43,0
276,22,10,10,240,7,10,3,247,7
276,23,10,10,240,7,10,3,247,7
276,24,10,7,243,-2,10,9,241,-2
276,25,10,7,243,-2,10,9,241,-2
276,26,10,7,243,-2,10,9,241,-2
276,27,10,7,243,-5,10,12,238,-5
276,28,10,7,243,-5,10,12,238,-5
276,29,10,5,245,7,11,23,252,7
276,30,10,5,245,7,11,23,252,7
276,31,10,7,243,8,11,24,251,8
276,32,10,7,243,8,11,24,251,8
276,33,10,8,242,-5,10,13,237,-5
276,34,10,7,243,-5,10,12,238,-5
276,35,2,7,43,0,2,7,43,0
276,36,10,10,240,-9,10,19,231,-9
276,37,10,10,240,-9,10,19,231,-9
276,38,10,12,238,5,10,7,243,5
276,39,10,12,238,5,10,7,243,5
276,40,10,11,239,1,10,10,240,1
276,41,10,11,239,1,10,10,240,1
276,42,10,12,238,-10,10,22,228,-10
276,43,10,12,238,-10,10,22,228,-10
276,44,10,12,238,-10,10,22,228,-10
276,45,2,9,41,0,2,9,41,0
276,46,10,12,238,8,10,4,246,8
276,47,10,12,238,8,10,4,246,8
276,48,10,8,242,-8,10,16,234,-8
276,49,10,8,242,-8,10,16,234,-8
276,50,10,8,242,-8,10,16,234,-8
276,51,10,12,238,-10,10,22,228,-10
276,52,10,12,238,-10,10,22,228,-10
276,53,10,7,243,8,11,24,251,8
276,54,10,7,243,8,11,24,251,8
276,55,10,7,243,7,10,0,250,7
276,56,10,8,242,7,10,1,249,7
276,57,10,12,238,3,10,9,241,3
276,58,10,12,238,3,10,9,241,3
276,59,10,12,238,3,10,9,241,3
276,60,10,5,245,-10,10,15,235,-10
276,61,10,5,245,-10,10,15,235,-10
276,62,11,23,252,0,11,23,252,0
276,63,11,23,252,0,11,23,252,0
276,64,10,5,245,3,10,2,248,3
276,65,10,5,245,3,10,2,248,3
276,66,10,11,239,-9,10,20,230,-9
276,67,10,11,239,-9,10,20,230,-9
276,68,2,9,41,0,2,9,41,0
276,69,2,9,41,0,2,9,41,0
276,70,10,12,238,3,10,9,241,3
276,71,10,12,238,3,10,9,241,3
276,72,10,11,239,-9,10,20,230,-9
276,73,10,11,239,-9,10,20,230,-9
276,74,10,11,239,-9,10,20,230,-9
276,75,10,10,240,7,10,3,247,7
276,76,10,10,240,7,10,3,247,7
276,77,10,5,245,-5,10,10,240,-5
276,78,10,5,245,-5,10,10,240,-5
276,79,10,5,245,-10,10,15,235,-10
276,80,10,5,245,-10,10,15,235,-10
276,81,10,11,239,-4,10,15,235,-4
276,82,10,11,239,-4,10,15,235,-4
276,83,2,9,41,0,2,9,41,0
276,84,10,9,241,-8,10,17,233,-8
276,85,10,9,241,-8,10,17,233,-8
276,86,10,11,239,-2,10,13,237,-2
276,87,10,11,239,-2,10,13,237,-2
276,88,10,8,242,7,10,1,249,7
276,89,10,8,242,7,10,1,249,7
276,90,10,9,241,2,10,7,243,2
276,91,10,9,241,2,10,7,243,2
276,92,10,9,241,2,10,7,243,2
276,93,2,9,41,0,2,9,41,0
276,94,11,24,251,0,11,24,251,0
276,95,11,24,251,0,11,24,251,0
277,0,10,11,239,-5,10,16,234,-5
277,1,10,11,239,-5,10,16,234,-5
277,2,10,4,246,1,10,3,247,1
277,3,10,4,246,1,10,3,247,1
277,4,10,8,242,-3,10,11,239,-3
277,5,10,8,242,-3,10,11,239,-3
277,6,10,10,240,2,10,8,242,2
277,7,10,10,240,2,10,8,242,2
277,8,10,10,240,-2,10,12,238,-2
277,9,10,10,240,-2,10,12,238,-2
277,10,10,11,239,4,10,7,243,4
277,11,10,11,239,4,10,7,243,4
277,12,10,11,239,2,10,9,241,2
277,13,10,11,239,2,10,9,241,2
277,14,10,11,239,2,10,9,241,2
277,15,10,11,239,2,10,9,241,2
277,16,10,11,239,2,10,9,241,2
277,17,10,11,239,-7,10,18,232,-7
277,18,10,11,239,-7,10,18,232,-7
277,19,10,11,239,-7,10,18,232,-7
277,20,2,8,42,0,2,8,42,0
277,21,2,8,42,0,2,8,42,0
277,22,2,8,42,0,2,8,42,0
277,23,2,8,42,0,2,8,42,0
277,24,10,9,241,-6,10,15,235,-6
277,25,10,9,241,-6,10,15,235,-6
277,26,10,11,239,-3,10,14,236,-3
277,27,10,11,239,-3,10,14,236,-3
277,28,10,9,241,-8,10,17,233,-8
277,29,10,9,241,-8,10,17,233,-8
277,30,10,13,237,-10,10,23,227,-10
277,31,10,13,237,-10,10,23,227,-10
277,32,10,13,237,-10,10,23,227,-10
277,33,10,12,238,-6,10,18,232,-6
277,34,10,12,238,-6,10,18,232,-6
277,35,10,12,238,-6,10,18,232,-6
277,36,10,10,240,-3,10,13,237,-3
277,37,10,10,240,-3,10,13,237,-3
277,38,10,10,240,-3,10,13,237,-3
277,39,10,11,239,4,10,7,243,4
277,40,10,11,239,4,10,7,243,4
277,41,10,12,238,7,10,5,245,7
277,42,10,12,238,7,10,5,245,7
277,43,10,12,238,7,10,5,245,7
277,44,10,13,237,-7,10,20,230,-7
277,45,10,13,237,-7,10,20,230,-7
277,46,10,11,239,8,10,3,247,8
277,47,10,11,239,8,10,3,247,8
277,48,10,13,237,-2,10,15,235,-2
277,49,10,13,237,-2,10,15,235,-2
277,50,10,8,242,5,10,3,247,5
277,51,10,8,242,5,10,3,247,5
277,52,10,8,242,-7,10,15,235,-7
277,53,10,8,242,-7,10,15,235,-7
277,54,10,6,244,-5,10,11,239,-5
277,55,10,6,244,-5,10,11,239,-5
277,56,10,14,236,-7,10,21,229,-7
277,57,10,14,236,-7,10,21,229,-7
277,58,10,12,238,-1,10,13,237,-1
277,59,10,12,238,-1,10,13,237,-1
277,60,2,9,41,0,2,9,41,0
277,61,10,13,237,-10,10,23,227,-10
277,62,10,13,237,-10,10,23,227,-10
277,63,10,12,238,9,10,3,247,9
277,64,10,12,238,9,10,3,247,9
277,65,10,10,240,5,10,5,245,5
277,66,10,10,240,5,10,5,245,5
277,67,10,10,240,5,10,5,245,5
277,68,10,14,236,-10,10,24,226,-10
277,69,2,9,41,0,2,9,41,0
277,70,10,14,236,5,10,9,241,5
277,71,10,14,236,5,10,9,241,5
277,72,10,12,238,-4,10,16,234,-4
277,73,10,12,238,-4,10,16,234,-4
277,74,10,13,237,3,10,10,240,3
277,75,10,13,237,3,10,10,240,3
277,76,10,9,241,-4,10,13,237,-4
277,77,10,9,241,-4,10,13,237,-4
277,78,10,13,237,-3,10,16,234,-3
277,79,10,13,237,-3,10,16,234,-3
277,80,10,13,237,-3,10,16,234,-3
277,81,10,12,238,-1,10,13,237,-1
277,82,10,12,238,-1,10,13,237,-1
277,83,10,13,237,-1,10,14,236,-1
277,84,10,14,236,-6,10,20,230,-6
277,85,10,14,236,-6,10,20,230,-6
277,86,10,14,236,-6,10,20,230,-6
277,87,10,13,237,-3,10,16,234,-3
277,88,10,13,237,-3,10,16,234,-3
277,89,10,14,236,-9,10,23,227,-9
277,90,10,14,236,-9,10,23,227,-9
277,91,10,14,236,-9,10,23,227,-9
277,92,10,15,235,8,10,7,243,8
277,93,10,15,235,8,10,7,243,8
277,94,2,10,40,0,2,10,40,0
277,95,2,10,40,0,2,10,40,0
278,0,10,10,240,4,10,6,244,4
278,1,10,10,240,4,10,6,244,4
278,2,10,7,243,9,11,23,252,9
278,3,10,7,243,9,11,23,252,9
278,4,10,8,242,0,10,8,242,0
278,5,10,8,242,0,10,8,242,0
278,6,10,10,240,5,10,5,245,5
278,7,10,10,240,5,10,5,245,5
278,8,10,12,238,-3,10,15,235,-3
278,9,10,12,238,-3,10,15,235,-3
278,10,10,10,240,1,10,9,241,1
278,11,10,10,240,1,10,9,241,1
278,12,10,10,240,-10,10,20,230,-10
278,13,10,10,240,-10,10,20,230,-10
278,14,10,10,240,-10,10,20,230,-10
278,15,10,12,238,-2,10,14,236,-2
278,16,10,12,238,-2,10,14,236,-2
278,17,10,10,240,10,10,0,250,10
278,18,10,10,240,10,10,0,250,10
278,19,10,10,240,10,10,0,250,10
278,20,2,8,42,0,2,8,42,0
278,21,2,8,42,0,2,8,42,0
278,22,2,8,42,0,2,8,42,0
278,23,2,8,42,0,2,8,42,0
278,24,10,10,240,-8,10,18,232,-8
278,25,10,10,240,-8,10,18,232,-8
278,26,10,11,239,0,10,11,239,0
278,27,10,11,239,0,10,11,239,0
278,28,10,7,243,-7,10,14,236,-7
278,29,10,7,243,-7,10,14,236,-7
278,30,10,11,239,10,10,1,249,10
278,31,10,11,239,10,10,1,249,10
278,32,10,11,239,10,10,1,249,10
278,33,10,11,239,1,10,10,240,1
278,34,10,11,239,1,10,10,240,1
278,35,10,11,239,1,10,10,240,1
278,36,10,12,238,2,10,10,240,2
278,37,10,12,238,2,10,10,240,2
278,38,10,12,238,2,10,10,240,2
278,39,10,14,236,-6,10,20,230,-6
278,40,10,14,236,-6,10,20,230,-6
278,41,10,11,239,-8,10,19,231,-8
278,42,10,11,239,-8,10,19,231,-8
278,43,10,11,239,-8,10,19,231,-8
278,44,10,10,240,8,10,2,248,8
278,45,10,10,240,8,10,2,248,8
278,46,10,12,238,-10,10,22,228,-10
278,47,10,12,238,-10,10,22,228,-10
278,48,10,12,238,-1,10,13,237,-1
278,49,10,12,238,-1,10,13,237,-1
278,50,10,8,242,-6,10,14,236,-6
278,51,10,8,242,-6,10,14,236,-6
278,52,10,8,242,2,10,6,244,2
278,53,10,9,241,2,10,7,243,2
278,54,10,9,241,-9,10,18,232,-9
278,55,10,9,241,-9,10,18,232,-9
278,56,10,13,237,6,10,7,243,6
278,57,10,13,237,6,10,7,243,6
278,58,10,12,238,-10,10,22,228,-10
278,59,10,12,238,-10,10,22,228,-10
278,60,10,11,239,-4,10,15,235,-4
278,61,10,11,239,-4,10,15,235,-4
278,62,10,11,239,-4,10,15,235,-4
278,63,10,13,237,-5,10,18,232,-5
278,64,10,13,237,-5,10,18,232,-5
278,65,10,12,238,-8,10,20,230,-8
278,66,10,12,238,-8,10,20,230,-8
278,67,10,12,238,-8,10,20,230,-8
278,68,2,10,40,0,2,10,40,0
278,69,2,10,40,0,2,10,40,0
278,70,10,14,236,4,10,10,240,4
278,71,10,14,236,4,10,10,240,4
278,72,10,11,239,-7,10,18,232,-7
278,73,10,11,239,-7,10,18,232,-7
278,74,10,12,238,-7,10,19,231,-7
278,75,10,12,238,-7,10,19,231,-7
278,76,10,10,240,-6,10,16,234,-6
278,77,10,10,240,-6,10,16,234,-6
278,78,10,14,236,-7,10,21,229,-7
278,79,10,14,236,-7,10,21,229,-7
278,80,10,14,236,-7,10,21,229,-7
278,81,10,12,238,9,10,3,247,9
278,82,10,12,238,9,10,3,247,9
278,83,10,12,238,9,10,3,247,9
278,84,10,13,237,-3,10,16,234,-3
278,85,10,13,237,-3,10,16,234,-3
278,86,10,13,237,-3,10,16,234,-3
278,87,10,16,234,1,10,15,235,1
278,88,10,16,234,1,10,15,235,1
278,89,10,12,238,-6,10,18,232,-6
278,90,10,12,238,-6,10,18,232,-6
278,91,10,12,238,-6,10,18,232,-6
278,92,10,15,235,5,10,10,240,5
278,93,10,15,235,5,10,10,240,5
278,94,2,10,40,0,2,10,40,0
278,95,2,10,40,0,2,10,40,0
279,0,10,10,240,-5,10,15,235,-5
279,1,10,10,240,-5,10,15,235,-5
279,2,10,10,240,-5,10,15,235,-5
279,3,10,9,241,-9,10,18,232,-9
279,4,10,9,241,-9,10,18,232,-9
279,5,10,8,242,0,10,8,242,0
279,6,10,8,242,0,10,8,242,0
279,7,10,8,242,3,10,5,245,3
279,8,10,8,242,3,10,5,245,3
279,9,10,13,237,-3,10,16,234,-3
279,10,10,13,237,-3,10,16,234,-3
279,11,10,13,237,-3,10,16,234,-3
279,12,10,8,242,7,10,1,249,7
279,13,10,8,242,7,10,1,249,7
279,14,10,10,240,-9,10,19,231,-9
279,15,10,10,240,-9,10,19,231,-9
279,16,10,9,241,2,10,7,243,2
279,17,10,9,241,2,10,7,243,2
279,18,10,9,241,0,10,9,241,0
279,19,10,8,242,0,10,8,242,0
279,20,2,7,43,0,2,7,43,0
279,21,2,7,43,0,2,7,43,0
279,22,10,9,241,-1,10,10,240,-1
279,23,10,9,241,-1,10,10,240,-1
279,24,10,9,241,-5,10,14,236,-5
279,25,10,9,241,-5,10,14,236,-5
279,26,10,9,241,-5,10,14,236,-5
279,27,10,9,241,1,10,8,242,1
279,28,10,9,241,1,10,8,242,1
279,29,10,6,244,0,10,6,244,0
279,30,10,6,244,0,10,6,244,0
279,31,11,23,252,0,11,23,252,0
279,32,10,1,249,0,10,1,249,0
279,33,10,11,239,1,10,10,240,1
279,34,10,11,239,1,10,10,240,1
279,35,2,7,43,0,2,7,43,0
279,36,10,6,244,-3,10,9,241,-3
279,37,10,6,244,-3,10,9,241,-3
279,38,10,10,240,-5,10,15,235,-5
279,39,10,10,240,-5,10,15,235,-5
279,40,10,10,240,-7,10,17,233,-7
279,41,10,10,240,-7,10,17,233,-7
279,42,10,11,239,-1,10,12,238,-1
279,43,10,11,239,-1,10,12,238,-1
279,44,10,11,239,-1,10,12,238,-1
279,45,2,7,43,0,2,7,43,0
279,46,10,13,237,-8,10,21,229,-8
279,47,10,13,237,-8,10,21,229,-8
279,48,10,11,239,-3,10,14,236,-3
279,49,10,11,239,-3,10,14,236,-3
279,50,10,11,239,-3,10,14,236,-3
279,51,10,12,238,-2,10,14,236,-2
279,52,10,12,238,-2,10,14,236,-2
279,53,10,6,244,-2,10,8,242,-2
279,54,10,6,244,-2,10,8,242,-2
279,55,10,6,244,3,10,3,247,3
279,56,10,6,244,3,10,3,247,3
279,57,10,13,237,6,10,7,243,6
279,58,10,13,237,6,10,7,243,6
279,59,10,13,237,6,10,7,243,6
279,60,10,7,243,-2,10,9,241,-2
279,61,10,7,243,-2,10,9,241,-2
279,62,10,12,238,-2,10,14,236,-2
279,63,10,12,238,-2,10,14,236,-2
279,64,10,7,243,10,11,22,253,10
279,65,10,7,243,10,11,22,253,10
279,66,10,12,238,1,10,11,239,1
279,67,10,12,238,1,10,11,239,1
279,68,2,9,41,0,2,9,41,0
279,69,2,9,41,0,2,9,41,0
279,70,10,14,236,6,10,8,242,6
279,71,10,14,236,6,10,8,242,6
279,72,10,11,239,-10,10,21,229,-10
279,73,10,11,239,-10,10,21,229,-10
279,74,10,11,239,-10,10,21,229,-10
279,75,10,10,240,2,10,8,242,2
279,76,10,10,240,2,10,8,242,2
279,77,10,6,244,1,10,5,245,1
279,78,10,6,244,1,10,5,245,1
279,79,10,8,242,-7,10,15,235,-7
279,80,10,8,242,-7,10,15,235,-7
279,81,10,13,237,10,10,3,247,10
279,82,10,13,237,10,10,3,247,10
279,83,2,9,41,0,2,9,41,0
279,84,10,11,239,2,10,9,241,2
279,85,10,11,239,2,10,9,241,2
279,86,10,11,239,-6,10,17,233,-6
279,87,10,11,239,-6,10,17,233,-6
279,88,10,8,242,6,10,2,248,6
279,89,10,8,242,6,10,2,248,6
279,90,10,10,240,4,10,6,244,4
279,91,10,10,240,4,10,6,244,4
279,92,10,10,240,4,10,6,244,4
279,93,2,9,41,0,2,9,41,0
279,94,10,12,238,-7,10,19,231,-7
279,95,10,12,238,-7,10,19,231,-7
280,0,11,10,265,9,11,1,274,9
280,1,11,10,265,9,11,1,274,9
280,2,11,10,265,9,11,1,274,9
280,3,11,9,266,4,11,5,270,4
280,4,11,9,266,4,11,5,270,4
280,5,11,8,267,-6,11,14,261,-6
280,6,11,8,267,-6,11,14,261,-6
280,7,11,7,268,8,12,24,276,8
280,8,11,7,268,8,12,24,276,8
280,9,11,12,263,-9,11,21,254,-9
280,10,11,12,263,-9,11,21,254,-9
280,11,11,12,263,-9,11,21,254,-9
280,12,11,7,268,6,11,1,274,6
280,13,11,7,268,6,11,1,274,6
280,14,11,7,268,-8,11,15,260,-8
280,15,11,7,268,-8,11,15,260,-8
280,16,11,5,270,9,12,21,279,9
280,17,11,5,270,9,12,21,279,9
280,18,11,9,266,3,11,6,269,3
280,19,11,9,266,3,11,6,269,3
280,20,3,7,68,0,3,7,68,0
280,21,3,7,68,0,3,7,68,0
280,22,11,9,266,8,11,1,274,8
280,23,11,9,266,8,11,1,274,8
280,24,11,11,264,8,11,3,272,8
280,25,11,11,264,8,11,3,272,8
280,26,11,11,264,8,11,3,272,8
280,27,11,5,270,4,11,1,274,4
280,28,11,5,270,4,11,1,274,4
280,29,11,7,268,2,11,5,270,2
280,30,11,7,268,2,11,5,270,2
280,31,11,9,266,1,11,8,267,1
280,32,11,9,266,1,11,8,267,1
280,33,11,8,267,-10,11,18,257,-10
280,34,11,8,267,-10,11,18,257,-10
280,35,3,7,68,0,3,7,68,0
280,36,11,6,269,3,11,3,272,3
280,37,11,6,269,3,11,3,272,3
280,38,11,10,265,-9,11,19,256,-9
280,39,11,10,265,-9,11,19,256,-9
280,40,11,9,266,-5,11,14,261,-5
280,41,11,9,266,-5,11,14,261,-5
280,42,11,12,263,-3,11,15,260,-3
280,43,11,12,263,-3,11,15,260,-3
280,44,11,12,263,-3,11,15,260,-3
280,45,3,8,67,0,3,8,67,0
280,46,11,10,265,-10,11,20,255,-10
280,47,11,10,265,-10,11,20,255,-10
280,48,11,9,266,10,12,24,276,10
280,49,11,9,266,10,12,24,276,10
280,50,11,9,266,10,12,24,276,10
280,51,11,9,266,3,11,6,269,3
280,52,11,9,266,3,11,6,269,3
280,53,11,5,270,8,12,22,278,8
280,54,11,5,270,8,12,22,278,8
280,55,11,7,268,-2,11,9,266,-2
280,56,11,7,268,-2,11,9,266,-2
280,57,11,13,262,-3,11,16,259,-3
280,58,11,13,262,-3,11,16,259,-3
280,59,11,13,262,-3,11,16,259,-3
280,60,11,7,268,-7,11,14,261,-7
280,61,11,7,268,-7,11,14,261,-7
280,62,11,11,264,-8,11,19,256,-8
280,63,11,11,264,-8,11,19,256,-8
280,64,11,8,267,9,12,24,276,9
280,65,11,8,267,9,12,24,276,9
280,66,11,10,265,4,11,6,269,4
280,67,11,10,265,4,11,6,269,4
280,68,3,9,66,0,3,9,66,0
280,69,3,9,66,0,3,9,66,0
280,70,11,13,262,7,11,6,269,7
280,71,11,13,262,7,11,6,269,7
280,72,11,9,266,4,11,5,270,4
280,73,11,9,266,4,11,5,270,4
280,74,11,9,266,4,11,5,270,4
280,75,11,7,268,7,11,0,275,7
280,76,11,7,268,7,11,0,275,7
280,77,11,7,268,4,11,3,272,4
280,78,11,7,268,4,11,3,272,4
280,79,11,6,269,4,11,2,273,4
280,80,11,5,270,4,11,1,274,4
280,81,11,12,263,-5,11,17,258,-5
280,82,11,12,263,-5,11,17,258,-5
280,83,3,9,66,0,3,9,66,0
280,84,11,7,268,9,12,23,277,9
280,85,11,7,268,9,12,23,277,9
280,86,11,11,264,7,11,4,271,7
280,87,11,11,264,7,11,4,271,7
280,88,11,7,268,1,11,6,269,1
280,89,11,7,268,1,11,6,269,1
280,90,11,10,265,-9,11,19,256,-9
280,91,11,10,265,-9,11,19,256,-9
280,92,11,10,265,-9,11,19,256,-9
280,93,3,9,66,0,3,9,66,0
280,94,11,10,265,-7,11,17,258,-7
280,95,11,10,265,-7,11,17,258,-7
281,0,11,9,266,-5,11,14,261,-5
281,1,11,9,266,-5,11,14,261,-5
281,2,11,4,271,4,11,0,275,4
281,3,11,4,271,4,11,0,275,4
281,4,11,8,267,5,11,3,272,5
281,5,11,8,267,5,11,3,272,5
281,6,11,9,266,-2,11,11,264,-2
281,7,11,9,266,-2,11,11,264,-2
281,8,11,7,268,5,11,2,273,5
281,9,11,10,265,5,11,5,270,5
281,10,11,9,266,-1,11,10,265,-1
281,11,11,9,266,-1,11,10,265,-1
281,12,11,10,265,-3,11,13,262,-3
281,13,11,10,265,-3,11,13,262,-3
281,14,11,10,265,-3,11,13,262,-3
281,15,11,11,264,9,11,2,273,9
281,16,11,11,264,9,11,2,273,9
281,17,11,8,267,-1,11,9,266,-1
281,18,11,8,267,-1,11,9,266,-1
281,19,11,8,267,-1,11,9,266,-1
281,20,3,7,68,0,3,7,68,0
281,21,3,7,68,0,3,7,68,0
281,22,3,7,68,0,3,7,68,0
281,23,3,7,68,0,3,7,68,0
281,24,11,9,266,-6,11,15,260,-6
281,25,11,8,267,-6,11,14,261,-6
281,26,11,12,263,4,11,8,267,4
281,27,11,12,263,4,11,8,267,4
281,28,11,7,268,10,12,22,278,10
281,29,11,7,268,10,12,22,278,10
281,30,11,10,265,-2,11,12,263,-2
281,31,11,10,265,-2,11,12,263,-2
281,32,11,10,265,-2,11,12,263,-2
281,33,11,9,266,-3,11,12,263,-3
281,34,11,9,266,-3,11,12,263,-3
281,35,11,9,266,-3,11,12,263,-3
281,36,11,10,265,-1,11,11,264,-1
281,37,11,10,265,-1,11,11,264,-1
281,38,11,10,265,-1,11,11,264,-1
281,39,11,10,265,1,11,9,266,1
281,40,11,10,265,1,11,9,266,1
281,41,11,10,265,-2,11,12,263,-2
281,42,11,10,265,-2,11,12,263,-2
281,43,11,10,265,-2,11,12,263,-2
281,44,11,10,265,0,11,10,265,0
281,45,11,10,265,0,11,10,265,0
281,46,11,12,263,-9,11,21,254,-9
281,47,11,12,263,-9,11,21,254,-9
281,48,11,12,263,-5,11,17,258,-5
281,49,11,12,263,-5,11,17,258,-5
281,50,11,8,267,-2,11,10,265,-2
281,51,11,8,267,-2,11,10,265,-2
281,52,11,5,270,10,12,20,280,10
281,53,11,5,270,10,12,20,280,10
281,54,11,8,267,6,11,2,273,6
281,55,11,8,267,6,11,2,273,6
281,56,11,12,263,-5,11,17,258,-5
281,57,11,12,263,-5,11,17,258,-5
281,58,11,8,267,0,11,8,267,0
281,59,11,8,267,0,11,8,267,0
281,60,11,11,264,4,11,7,268,4
281,61,11,11,264,4,11,7,268,4
281,62,11,11,264,4,11,7,268,4
281,63,11,13,262,5,11,8,267,5
281,64,11,13,262,5,11,8,267,5
281,65,11,11,264,-4,11,15,260,-4
281,66,11,11,264,-4,11,15,260,-4
281,67,11,11,264,-4,11,15,260,-4
281,68,3,10,65,0,3,10,65,0
281,69,3,10,65,0,3,10,65,0
281,70,11,13,262,9,11,4,271,9
281,71,11,13,262,9,11,4,271,9
281,72,11,11,264,-1,11,12,263,-1
281,73,11,11,264,-1,11,12,263,-1
281,74,11,13,262,9,11,4,271,9
281,75,11,14,261,9,11,5,270,9
281,76,11,7,268,-1,11,8,267,-1
281,77,11,7,268,-1,11,8,267,-1
281,78,11,12,263,-2,11,14,261,-2
281,79,11,12,263,-2,11,14,261,-2
281,80,11,12,263,-2,11,14,261,-2
281,81,11,10,265,8,11,2,273,8
281,82,11,10,265,8,11,2,273,8
281,83,11,10,265,8,11,2,273,8
281,84,11,13,262,7,11,6,269,7
281,85,11,13,262,7,11,6,269,7
281,86,11,13,262,7,11,6,269,7
281,87,11,13,262,3,11,10,265,3
281,88,11,12,263,3,11,9,266,3
281,89,11,13,262,-4,11,17,258,-4
281,90,11,13,262,-4,11,17,258,-4
281,91,11,13,262,-4,11,17,258,-4
281,92,11,11,264,-6,11,17,258,-6
281,93,11,11,264,-6,11,17,258,-6
281,94,3,10,65,0,3,10,65,0
281,95,3,10,65,0,3,10,65,0
282,0,11,12,263,-9,11,21,254,-9
282,1,11,12,263,-9,11,21,254,-9
282,2,11,11,264,0,11,11,264,0
282,3,11,11,264,0,11,11,264,0
282,4,11,10,265,8,11,2,273,8
282,5,11,10,265,8,11,2,273,8
282,6,11,10,265,1,11,9,266,1
282,7,11,10,265,1,11,9,266,1
282,8,11,10,265,-3,11,13,262,-3
282,9,11,10,265,-3,11,13,262,-3
282,10,11,9,266,-10,11,19,256,-10
282,11,11,9,266,-10,11,19,256,-10
282,12,11,14,261,-8,11,22,253,-8
282,13,11,14,261,-8,11,22,253,-8
282,14,11,14,261,-8,11,22,253,-8
282,15,11,12,263,9,11,3,272,9
282,16,11,12,263,9,11,3,272,9
282,17,11,13,262,-2,11,15,260,-2
282,18,11,13,262,-2,11,15,260,-2
282,19,11,13,262,-2,11,15,260,-2
282,20,3,9,66,0,3,9,66,0
282,21,3,9,66,0,3,9,66,0
282,22,3,9,66,0,3,9,66,0
282,23,3,9,66,0,3,9,66,0
282,24,11,9,266,8,11,1,274,8
282,25,11,9,266,8,11,1,274,8
282,26,11,13,262,2,11,11,264,2
282,27,11,13,262,2,11,11,264,2
282,28,11,10,265,7,11,3,272,7
282,29,11,10,265,7,11,3,272,7
282,30,11,12,263,5,11,7,268,5
282,31,11,12,263,5,11,7,268,5
282,32,11,12,263,5,11,7,268,5
282,33,11,14,261,2,11,12,263,2
282,34,11,14,261,2,11,12,263,2
282,35,11,14,261,2,11,12,263,2
282,36,11,11,264,5,11,6,269,5
282,37,11,11,264,5,11,6,269,5
282,38,11,11,264,5,11,6,269,5
282,39,11,15,260,0,11,15,260,0
282,40,11,15,260,0,11,15,260,0
282,41,11,11,264,-5,11,16,259,-5
282,42,11,11,264,-5,11,16,259,-5
282,43,11,11,264,-5,11,16,259,-5
282,44,11,13,262,-8,11,21,254,-8
282,45,11,13,262,-8,11,21,254,-8
282,46,11,15,260,8,11,7,268,8
282,47,11,15,260,8,11,7,268,8
282,48,11,11,264,-10,11,21,254,-10
282,49,11,11,264,-10,11,21,254,-10
282,50,11,10,265,0,11,10,265,0
282,51,11,10,265,0,11,10,265,0
282,52,11,12,263,6,11,6,269,6
282,53,11,12,263,6,11,6,269,6
282,54,11,8,267,-3,11,11,264,-3
282,55,11,8,267,-3,11,11,264,-3
282,56,11,14,261,6,11,8,267,6
282,57,11,14,261,6,11,8,267,6
282,58,11,12,263,0,11,12,263,0
282,59,11,12,263,0,11,12,263,0
282,60,11,14,261,7,11,7,268,7
282,61,11,14,261,7,11,7,268,7
282,62,11,14,261,7,11,7,268,7
282,63,11,14,261,7,11,7,268,7
282,64,11,14,261,7,11,7,268,7
282,65,11,12,263,-1,11,13,262,-1
282,66,11,12,263,-1,11,13,262,-1
282,67,11,12,263,-1,11,13,262,-1
282,68,3,12,63,0,3,12,63,0
282,69,3,12,63,0,3,12,63,0
282,70,11,13,262,-3,11,16,259,-3
282,71,11,13,262,-3,11,16,259,-3
282,72,11,9,266,3,11,6,269,3
282,73,11,9,266,3,11,6,269,3
282,74,11,13,262,7,11,6,269,7
282,75,11,14,261,7,11,7,268,7
282,76,11,9,266,-7,11,16,259,-7
282,77,11,9,266,-7,11,16,259,-7
282,78,11,17,258,-3,11,20,255,-3
282,79,11,17,258,-3,11,20,255,-3
282,80,11,17,258,-3,11,20,255,-3
282,81,11,13,262,2,11,11,264,2
282,82,11,13,262,2,11,11,264,2
282,83,11,13,262,2,11,11,264,2
282,84,11,12,263,9,11,3,272,9
282,85,11,12,263,9,11,3,272,9
282,86,11,12,263,9,11,3,272,9
282,87,11,15,260,8,11,7,268,8
282,88,11,15,260,8,11,7,268,8
282,89,11,15,260,8,11,7,268,8
282,90,11,15,260,8,11,7,268,8
282,91,11,15,260,8,11,7,268,8
282,92,11,14,261,4,11,10,265,4
282,93,11,14,261,4,11,10,265,4
282,94,3,12,63,0,3,12,63,0
282,95,3,12,63,0,3,12,63,0
283,0,11,13,262,0,11,13,262,0
283,1,11,13,262,0,11,13,262,0
283,2,11,13,262,0,11,13,262,0
283,3,11,10,265,-9,11,19,256,-9
283,4,11,10,265,-9,11,19,256,-9
283,5,11,8,267,-4,11,12,263,-4
283,6,11,8,267,-4,11,12,263,-4
283,7,11,8,267,-9,11,17,258,-9
283,8,11,8,267,-9,11,17,258,-9
283,9,11,14,261,-8,11,22,253,-8
283,10,11,14,261,-8,11,22,253,-8
283,11,11,14,261,-8,11,22,253,-8
283,12,11,10,265,5,11,5,270,5
283,13,11,10,265,5,11,5,270,5
283,14,11,8,267,-2,11,10,265,-2
283,15,11,8,267,-2,11,10,265,-2
283,16,11,6,269,-6,11,12,263,-6
283,17,11,6,269,-6,11,12,263,-6
283,18,11,8,267,-4,11,12,263,-4
283,19,11,8,267,-4,11,12,263,-4
283,20,3,9,66,0,3,9,66,0
283,21,3,8,67,0,3,8,67,0
283,22,11,9,266,-10,11,19,256,-10
283,23,11,9,266,-10,11,19,256,-10
283,24,11,12,263,-5,11,17,258,-5
283,25,11,12,263,-5,11,17,258,-5
283,26,11,12,263,-5,11,17,258,-5
283,27,11,9,266,-5,11,14,261,-5
283,28,11,9,266,-5,11,14,261,-5
283,29,11,6,269,8,12,23,277,8
283,30,11,6,269,8,12,23,277,8
283,31,11,7,268,3,11,4,271,3
283,32,11,7,268,3,11,4,271,3
283,33,11,11,264,4,11,7,268,4
283,34,11,11,264,4,11,7,268,4
283,35,3,9,66,0,3,9,66,0
283,36,11,6,269,4,11,2,273,4
283,37,11,6,269,4,11,2,273,4
283,38,11,8,267,7,11,1,274,7
283,39,11,8,267,7,11,1,274,7
283,40,11,9,266,8,11,1,274,8
283,41,11,9,266,8,11,1,274,8
283,42,11,12,263,7,11,5,270,7
283,43,11,12,263,7,11,5,270,7
283,44,11,12,263,7,11,5,270,7
283,45,3,9,66,0,3,9,66,0
283,46,11,12,263,8,11,4,271,8
283,47,11,12,263,8,11,4,271,8
283,48,11,12,263,8,11,4,271,8
283,49,11,12,263,8,11,4,271,8
283,50,11,12,263,8,11,4,271,8
283,51,11,9,266,-8,11,17,258,-8
283,52,11,9,266,-8,11,17,258,-8
283,53,11,8,267,-3,11,11,264,-3
283,54,11,8,267,-3,11,11,264,-3
283,55,11,8,267,3,11,5,270,3
283,56,11,7,268,3,11,4,271,3
283,57,11,12,263,7,11,5,270,7
283,58,11,12,263,7,11,5,270,7
283,59,11,12,263,7,11,5,270,7
283,60,11,9,266,-1,11,10,265,-1
283,61,11,9,266,-1,11,10,265,-1
283,62,11,10,265,-6,11,16,259,-6
283,63,11,10,265,-6,11,16,259,-6
283,64,11,6,269,9,12,22,278,9
283,65,11,6,269,9,12,22,278,9
283,66,11,13,262,-2,11,15,260,-2
283,67,11,13,262,-2,11,15,260,-2
283,68,3,10,65,0,3,10,65,0
283,69,3,10,65,0,3,10,65,0
283,70,11,12,263,-4,11,16,259,-4
283,71,11,12,263,-4,11,16,259,-4
283,72,11,11,264,1,11,10,265,1
283,73,11,11,264,1,11,10,265,1
283,74,11,11,264,1,11,10,265,1
283,75,11,8,267,-4,11,12,263,-4
283,76,11,8,267,-4,11,12,263,-4
283,77,11,7,268,-7,11,14,261,-7
283,78,11,7,268,-7,11,14,261,-7
283,79,11,8,267,-8,11,16,259,-8
283,80,11,8,267,-8,11,16,259,-8
283,81,11,12,263,-5,11,17,258,-5
283,82,11,12,263,-5,11,17,258,-5
283,83,3,11,64,0,3,11,64,0
283,84,11,11,264,-2,11,13,262,-2
283,85,11,11,264,-2,11,13,262,-2
283,86,11,13,262,5,11,8,267,5
283,87,11,13,262,5,11,8,267,5
283,88,11,10,265,8,11,2,273,8
283,89,11,10,265,8,11,2,273,8
283,90,11,11,264,-9,11,20,255,-9
283,91,11,11,264,-9,11,20,255,-9
283,92,11,11,264,-9,11,20,255,-9
283,93,3,11,64,0,3,11,64,0
283,94,11,12,263,8,11,4,271,8
283,95,11,12,263,8,11,4,271,8
284,0,10,11,239,-2,10,13,237,-2
284,1,10,11,239,-2,10,13,237,-2
284,2,10,11,239,-2,10,13,237,-2
284,3,10,7,243,-7,10,14,236,-7
284,4,10,8,242,-7,10,15,235,-7
284,5,10,14,236,-4,10,18,232,-4
284,6,10,14,236,-4,10,18,232,-4
284,7,10,14,236,-4,10,18,232,-4
284,8,10,12,238,1,10,11,239,1
284,9,10,12,238,1,10,11,239,1
284,10,10,12,238,1,10,11,239,1
284,11,2,9,41,0,2,9,41,0
284,12,3,10,65,0,3,10,65,0
284,13,3,10,65,0,3,10,65,0
284,14,3,10,65,0,3,10,65,0
284,15,3,10,65,0,3,10,65,0
284,16,3,10,65,0,3,10,65,0
284,17,3,10,65,0,3,10,65,0
284,18,3,10,65,0,3,10,65,0
284,19,3,10,65,0,3,10,65,0
284,20,3,10,65,0,3,10,65,0
284,21,3,10,65,0,3,10,65,0
284,22,3,10,65,0,3,10,65,0
284,23,3,10,65,0,3,10,65,0
284,24,2,10,40,0,2,10,40,0
284,25,2,10,40,0,2,10,40,0
284,26,2,10,40,0,2,10,40,0
284,27,10,12,238,-10,10,22,228,-10
284,28,10,12,238,-10,10,22,228,-10
284,29,10,12,238,7,10,5,245,7
284,30,10,11,239,7,10,4,246,7
284,31,10,10,240,-8,10,18,232,-8
284,32,10,10,240,-8,10,18,232,-8
284,33,10,13,237,-1,10,14,236,-1
284,34,10,13,237,-1,10,14,236,-1
284,35,2,10,40,0,2,10,40,0
284,36,10,14,236,1,10,13,237,1
284,37,10,14,236,1,10,13,237,1
284,38,10,14,236,1,10,13,237,1
284,39,10,12,238,-8,10,20,230,-8
284,40,10,12,238,-8,10,20,230,-8
284,41,10,13,237,-9,10,22,228,-9
284,42,10,13,237,-9,10,22,228,-9
284,43,10,13,237,-9,10,22,228,-9
284,44,2,10,40,0,2,10,40,0
284,45,2,10,40,0,2,10,40,0
284,46,2,10,40,0,2,10,40,0
284,47,2,10,40,0,2,10,40,0
284,48,10,11,239,-5,10,16,234,-5
284,49,10,11,239,-5,10,16,234,-5
284,50,10,11,239,-7,10,18,232,-7
284,51,10,11,239,-7,10,18,232,-7
284,52,10,13,237,10,10,3,247,10
284,53,10,13,237,10,10,3,247,10
284,54,10,13,237,9,10,4,246,9
284,55,10,13,237,9,10,4,246,9
284,56,10,13,237,-8,10,21,229,-8
284,57,10,13,237,-8,10,21,229,-8
284,58,10,13,237,-8,10,21,229,-8
284,59,2,10,40,0,2,10,40,0
284,60,10,14,236,9,10,5,245,9
284,61,10,14,236,9,10,5,245,9
284,62,10,14,236,9,10,5,245,9
284,63,10,15,235,-7,10,22,228,-7
284,64,10,15,235,-7,10,22,228,-7
284,65,10,15,235,-3,10,18,232,-3
284,66,10,15,235,-3,10,18,232,-3
284,67,10,15,235,-3,10,18,232,-3
284,68,10,12,238,5,10,7,243,5
284,69,10,12,238,5,10,7,243,5
284,70,10,15,235,10,10,5,245,10
284,71,10,15,235,10,10,5,245,10
284,72,10,11,239,-5,10,16,234,-5
284,73,10,11,239,-5,10,16,234,-5
284,74,10,11,239,-5,10,16,234,-5
284,75,10,9,241,-4,10,13,237,-4
284,76,10,9,241,-4,10,13,237,-4
284,77,10,15,235,6,10,9,241,6
284,78,10,15,235,6,10,9,241,6
284,79,10,15,235,6,10,9,241,6
284,80,10,13,237,-4,10,17,233,-4
284,81,10,13,237,-4,10,17,233,-4
284,82,10,13,237,-4,10,17,233,-4
284,83,2,11,39,0,2,11,39,0
284,84,2,11,39,0,2,11,39,0
284,85,2,11,39,0,2,11,39,0
284,86,2,11,39,0,2,11,39,0
284,87,10,13,237,9,10,4,246,9
284,88,10,13,237,9,10,4,246,9
284,89,10,11,239,-9,10,20,230,-9
284,90,10,11,239,-9,10,20,230,-9
284,91,10,13,237,9,10,4,246,9
284,92,10,13,237,9,10,4,246,9
284,93,10,13,237,-2,10,15,235,-2
284,94,10,13,237,-2,10,15,235,-2
284,95,2,11,39,0,2,11,39,0
285,0,10,12,238,-7,10,19,231,-7
285,1,10,12,238,-7,10,19,231,-7
285,2,10,12,238,-7,10,19,231,-7
285,3,10,14,236,6,10,8,242,6
285,4,10,14,236,6,10,8,242,6
285,5,10,12,238,-10,10,22,228,-10
285,6,10,12,238,-10,10,22,228,-10
285,7,10,12,238,-10,10,22,228,-10
285,8,2,10,40,0,2,10,40,0
285,9,2,10,40,0,2,10,40,0
285,10,2,10,40,0,2,10,40,0
285,11,2,9,41,0,2,9,41,0
285,12,10,10,240,10,10,0,250,10
285,13,10,10,240,10,10,0,250,10
285,14,10,13,237,7,10,6,244,7
285,15,10,13,237,7,10,6,244,7
285,16,10,11,239,-9,10,20,230,-9
285,17,10,11,239,-9,10,20,230,-9
285,18,10,11,239,-3,10,14,236,-3
285,19,10,11,239,-3,10,14,236,-3
285,20,10,13,237,-7,10,20,230,-7
285,21,10,13,237,-7,10,20,230,-7
285,22,10,13,237,-7,10,20,230,-7
285,23,2,9,41,0,2,9,41,0
285,24,10,12,238,-9,10,21,229,-9
285,25,10,11,239,-9,10,20,230,-9
285,26,10,11,239,-9,10,20,230,-9
285,27,10,16,234,10,10,6,244,10
285,28,10,16,234,10,10,6,244,10
285,29,10,13,237,5,10,8,242,5
285,30,10,13,237,5,10,8,242,5
285,31,10,13,237,5,10,8,242,5
285,32,10,16,234,3,10,13,237,3
285,33,10,16,234,3,10,13,237,3
285,34,10,14,236,2,10,12,238,2
285,35,10,13,237,2,10,11,239,2
285,36,10,13,237,8,10,5,245,8
285,37,10,13,237,8,10,5,245,8
285,38,10,13,237,8,10,5,245,8
285,39,10,9,241,2,10,7,243,2
285,40,10,10,240,2,10,8,242,2
285,41,10,12,238,-2,10,14,236,-2
285,42,10,12,238,-2,10,14,236,-2
285,43,10,12,238,-2,10,14,236,-2
285,44,10,15,235,0,10,15,235,0
285,45,10,15,235,0,10,15,235,0
285,46,10,15,235,0,10,15,235,0
285,47,2,11,39,0,2,11,39,0
285,48,2,11,39,0,2,11,39,0
285,49,2,11,39,0,2,11,39,0
285,50,2,11,39,0,2,11,39,0
285,51,10,14,236,-6,10,20,230,-6
285,52,10,14,236,-6,10,20,230,-6
285,53,10,9,241,6,10,3,247,6
285,54,10,9,241,6,10,3,247,6
285,55,10,13,237,-9,10,22,228,-9
285,56,10,13,237,-9,10,22,228,-9
285,57,10,12,238,3,10,9,241,3
285,58,10,12,238,3,10,9,241,3
285,59,2,11,39,0,2,11,39,0
285,60,10,15,235,4,10,11,239,4
285,61,10,15,235,4,10,11,239,4
285,62,10,15,235,4,10,11,239,4
285,63,10,15,235,-9,10,24,226,-9
285,64,10,15,235,-9,10,24,226,-9
285,65,10,14,236,-1,10,15,235,-1
285,66,10,14,236,-1,10,15,235,-1
285,67,10,14,236,-1,10,15,235,-1
285,68,2,11,39,0,2,11,39,0
285,69,2,11,39,0,2,11,39,0
285,70,2,11,39,0,2,11,39,0
285,71,2,11,39,0,2,11,39,0
285,72,10,12,238,-1,10,13,237,-1
285,73,10,12,238,-1,10,13,237,-1
285,74,10,13,237,-3,10,16,234,-3
285,75,10,13,237,-3,10,16,234,-3
285,76,10,9,241,-1,10,10,240,-1
285,77,10,9,241,-1,10,10,240,-1
285,78,10,13,237,6,10,7,243,6
285,79,10,13,237,6,10,7,243,6
285,80,10,17,233,0,10,17,233,0
285,81,10,17,233,0,10,17,233,0
285,82,10,17,233,0,10,17,233,0
285,83,2,12,38,0,2,12,38,0
285,84,10,12,238,-7,10,19,231,-7
285,85,10,12,238,-7,10,19,231,-7
285,86,10,12,238,-7,10,19,231,-7
285,87,10,14,236,-3,10,17,233,-3
285,88,10,14,236,-3,10,17,233,-3
285,89,10,14,236,7,10,7,243,7
285,90,10,14,236,7,10,7,243,7
285,91,10,14,236,7,10,7,243,7
285,92,10,12,238,5,10,7,243,5
285,93,10,12,238,5,10,7,243,5
285,94,10,13,237,9,10,4,246,9
285,95,10,13,237,9,10,4,246,9
286,0,10,10,240,10,10,0,250,10
286,1,10,10,240,10,10,0,250,10
286,2,10,13,237,10,10,3,247,10
286,3,10,13,237,10,10,3,247,10
286,4,10,9,241,5,10,4,246,5
286,5,10,9,241,5,10,4,246,5
286,6,10,12,238,-4,10,16,234,-4
286,7,10,12,238,-4,10,16,234,-4
286,8,2,10,40,0,2,10,40,0
286,9,2,10,40,0,2,10,40,0
286,10,10,14,236,5,10,9,241,5
286,11,10,14,236,5,10,9,241,5
286,12,10,12,238,0,10,12,238,0
286,13,10,12,238,0,10,12,238,0
286,14,10,12,238,0,10,12,238,0
286,15,10,13,237,-1,10,14,236,-1
286,16,10,13,237,-1,10,14,236,-1
286,17,10,8,242,4,10,4,246,4
286,18,10,7,243,4,10,3,247,4
286,19,10,11,239,2,10,9,241,2
286,20,10,11,239,2,10,9,241,2
286,21,10,13,237,-8,10,21,229,-8
286,22,10,13,237,-8,10,21,229,-8
286,23,10,13,237,-8,10,21,229,-8
286,24,10,10,240,7,10,3,247,7
286,25,10,9,241,7,10,2,248,7
286,26,10,12,238,-1,10,13,237,-1
286,27,10,12,238,-1,10,13,237,-1
286,28,10,11,239,-9,10,20,230,-9
286,29,10,11,239,-9,10,20,230,-9
286,30,10,13,237,6,10,7,243,6
286,31,10,13,237,6,10,7,243,6
286,32,10,13,237,6,10,7,243,6
286,33,2,11,39,0,2,11,39,0
286,34,10,15,235,4,10,11,239,4
286,35,10,15,235,4,10,11,239,4
286,36,10,10,240,10,10,0,250,10
286,37,10,11,239,10,10,1,249,10
286,38,10,13,237,6,10,7,243,6
286,39,10,13,237,6,10,7,243,6
286,40,10,13,237,6,10,7,243,6
286,41,2,15,35,0,2,15,35,0
286,42,2,15,35,0,2,15,35,0
286,43,10,11,239,-3,10,14,236,-3
286,44,10,11,239,-3,10,14,236,-3
286,45,10,13,237,-1,10,14,236,-1
286,46,10,13,237,-1,10,14,236,-1
286,47,10,13,237,-1,10,14,236,-1
286,48,10,11,239,4,10,7,243,4
286,49,10,11,239,4,10,7,243,4
286,50,10,11,239,4,10,7,243,4
286,51,10,10,240,9,10,1,249,9
286,52,10,10,240,9,10,1,249,9
286,53,10,10,240,9,10,1,249,9
286,54,10,14,236,-5,10,19,231,-5
286,55,10,14,236,-5,10,19,231,-5
286,56,10,14,236,-5,10,19,231,-5
286,57,10,15,235,3,10,12,238,3
286,58,10,15,235,3,10,12,238,3
286,59,2,12,38,0,2,12,38,0
286,60,10,11,239,10,10,1,249,10
286,61,10,11,239,10,10,1,249,10
286,62,10,12,238,-9,10,21,229,-9
286,63,10,12,238,-9,10,21,229,-9
286,64,10,11,239,-6,10,17,233,-6
286,65,10,11,239,-6,10,17,233,-6
286,66,10,12,238,1,10,11,239,1
286,67,10,12,238,1,10,11,239,1
286,68,2,12,38,0,2,12,38,0
286,69,2,12,38,0,2,12,38,0
286,70,10,13,237,2,10,11,239,2
286,71,10,13,237,2,10,11,239,2
286,72,10,12,238,-9,10,21,229,-9
286,73,10,12,238,-9,10,21,229,-9
286,74,10,12,238,-9,10,21,229,-9
286,75,10,14,236,-4,10,18,232,-4
286,76,10,14,236,-4,10,18,232,-4
286,77,10,9,241,2,10,7,243,2
286,78,10,9,241,2,10,7,243,2
286,79,10,10,240,8,10,2,248,8
286,80,10,10,240,8,10,2,248,8
286,81,10,15,235,-4,10,19,231,-4
286,82,10,15,235,-4,10,19,231,-4
286,83,10,15,235,-4,10,19,231,-4
286,84,10,12,238,-4,10,16,234,-4
286,85,10,12,238,-4,10,16,234,-4
286,86,10,11,239,-4,10,15,235,-4
286,87,10,11,239,-4,10,15,235,-4
286,88,10,10,240,1,10,9,241,1
286,89,10,11,239,1,10,10,240,1
286,90,10,15,235,-8,10,23,227,-8
286,91,10,15,235,-8,10,23,227,-8
286,92,10,15,235,-8,10,23,227,-8
286,93,2,12,38,0,2,12,38,0
286,94,10,15,235,-6,10,21,229,-6
286,95,10,15,235,-6,10,21,229,-6
287,0,10,9,241,5,10,4,246,5
287,1,10,9,241,5,10,4,246,5
287,2,10,13,237,0,10,13,237,0
287,3,10,13,237,0,10,13,237,0
287,4,10,13,237,0,10,13,237,0
287,5,10,10,240,7,10,3,247,7
287,6,10,10,240,7,10,3,247,7
287,7,10,11,239,3,10,8,242,3
287,8,10,11,239,3,10,8,242,3
287,9,10,13,237,6,10,7,243,6
287,10,10,13,237,6,10,7,243,6
287,11,10,13,237,6,10,7,243,6
287,12,3,10,65,0,3,10,65,0
287,13,3,10,65,0,3,10,65,0
287,14,3,10,65,0,3,10,65,0
287,15,3,10,65,0,3,10,65,0
287,16,3,10,65,0,3,10,65,0
287,17,3,10,65,0,3,10,65,0
287,18,3,10,65,0,3,10,65,0
287,19,3,10,65,0,3,10,65,0
287,20,3,10,65,0,3,10,65,0
287,21,3,10,65,0,3,10,65,0
287,22,3,10,65,0,3,10,65,0
287,23,3,10,65,0,3,10,65,0
287,24,10,15,235,-10,9,0,225,-10
287,25,10,15,235,-10,9,0,225,-10
287,26,10,15,235,-10,9,0,225,-10
287,27,10,9,241,-8,10,17,233,-8
287,28,10,9,241,-8,10,17,233,-8
287,29,10,9,241,-8,10,17,233,-8
287,30,10,12,238,1,10,11,239,1
287,31,10,12,238,1,10,11,239,1
287,32,10,12,238,1,10,11,239,1
287,33,10,12,238,8,10,4,246,8
287,34,10,12,238,8,10,4,246,8
287,35,2,10,40,0,2,10,40,0
287,36,10,10,240,10,10,0,250,10
287,37,10,10,240,10,10,0,250,10
287,38,10,12,238,-3,10,15,235,-3
287,39,10,12,238,-3,10,15,235,-3
287,40,10,9,241,9,10,0,250,9
287,41,10,9,241,9,10,0,250,9
287,42,10,13,237,0,10,13,237,0
287,43,10,13,237,0,10,13,237,0
287,44,2,10,40,0,2,10,40,0
287,45,2,10,40,0,2,10,40,0
287,46,10,12,238,-3,10,15,235,-3
287,47,10,12,238,-3,10,15,235,-3
287,48,10,11,239,-8,10,19,231,-8
287,49,10,11,239,-8,10,19,231,-8
287,50,10,11,239,-8,10,19,231,-8
287,51,10,13,237,5,10,8,242,5
287,52,10,13,237,5,10,8,242,5
287,53,10,11,239,-4,10,15,235,-4
287,54,10,11,239,-4,10,15,235,-4
287,55,10,11,239,-3,10,14,236,-3
287,56,10,11,239,-3,10,14,236,-3
287,57,10,15,235,-9,10,24,226,-9
287,58,10,15,235,-9,10,24,226,-9
287,59,10,15,235,-9,10,24,226,-9
287,60,10,12,238,7,10,5,245,7
287,61,10,12,238,7,10,5,245,7
287,62,10,11,239,-9,10,20,230,-9
287,63,10,11,239,-9,10,20,230,-9
287,64,10,12,238,-5,10,17,233,-5
287,65,10,13,237,-5,10,18,232,-5
287,66,10,14,236,-1,10,15,235,-1
287,67,10,14,236,-1,10,15,235,-1
287,68,10,14,236,-1,10,15,235,-1
287,69,10,15,235,9,10,6,244,9
287,70,2,11,39,0,2,11,39,0
287,71,10,15,235,9,10,6,244,9
287,72,10,8,242,-5,10,13,237,-5
287,73,10,8,242,-5,10,13,237,-5
287,74,10,10,240,-2,10,12,238,-2
287,75,10,10,240,-2,10,12,238,-2
287,76,10,10,240,-2,10,12,238,-2
287,77,10,9,241,0,10,9,241,0
287,78,10,9,241,0,10,9,241,0
287,79,10,8,242,-2,10,10,240,-2
287,80,10,8,242,-2,10,10,240,-2
287,81,10,13,237,-5,10,18,232,-5
287,82,10,13,237,-5,10,18,232,-5
287,83,10,13,237,-5,10,18,232,-5
287,84,10,14,236,8,10,6,244,8
287,85,10,14,236,8,10,6,244,8
287,86,10,14,236,8,10,6,244,8
287,87,10,8,242,-5,10,13,237,-5
287,88,10,8,242,-5,10,13,237,-5
287,89,10,8,242,-5,10,13,237,-5
287,90,10,12,238,-4,10,16,234,-4
287,91,10,12,238,-4,10,16,234,-4
287,92,10,12,238,-4,10,16,234,-4
287,93,10,14,236,-2,10,16,234,-2
287,94,10,14,236,-2,10,16,234,-2
287,95,2,12,38,0,2,12,38,0
288,0,4,11,89,0,4,11,89,0
288,1,4,11,89,0,4,11,89,0
288,2,4,11,89,0,4,11,89,0
288,3,4,11,89,0,4,11,89,0
288,4,4,11,89,0,4,11,89,0
288,5,4,11,89,0,4,11,89,0
288,6,4,11,89,0,4,11,89,0
288,7,4,11,89,0,4,11,89,0
288,8,4,11,89,0,4,11,89,0
288,9,4,11,89,0,4,11,89,0
288,10,4,11,89,0,4,11,89,0
288,11,4,11,89,0,4,11,89,0
288,12,11,12,263,-4,11,16,259,-4
288,13,11,12,263,-4,11,16,259,-4
288,14,11,14,261,1,11,13,262,1
288,15,11,15,260,1,11,14,261,1
288,16,11,11,264,-1,11,12,263,-1
288,17,11,11,264,-1,11,12,263,-1
288,18,11,11,264,6,11,5,270,6
288,19,11,11,264,6,11,5,270,6
288,20,11,14,261,-2,11,16,259,-2
288,21,11,14,261,-2,11,16,259,-2
288,22,11,14,261,-2,11,16,259,-2
288,23,3,11,64,0,3,11,64,0
288,24,11,9,266,-3,11,12,263,-3
288,25,11,9,266,-3,11,12,263,-3
288,26,11,9,266,-3,11,12,263,-3
288,27,11,15,260,-4,11,19,256,-4
288,28,11,15,260,-4,11,19,256,-4
288,29,11,13,262,-1,11,14,261,-1
288,30,11,13,262,-1,11,14,261,-1
288,31,11,13,262,-1,11,14,261,-1
288,32,11,13,262,-9,11,22,253,-9
288,33,11,13,262,-9,11,22,253,-9
288,34,3,11,64,0,3,11,64,0
288,35,3,11,64,0,3,11,64,0
288,36,11,11,264,-7,11,18,257,-7
288,37,11,11,264,-7,11,18,257,-7
288,38,11,11,264,-7,11,18,257,-7
288,39,11,8,267,4,11,4,271,4
288,40,11,8,267,4,11,4,271,4
288,41,11,13,262,6,11,7,268,6
288,42,11,13,262,6,11,7,268,6
288,43,11,13,262,6,11,7,268,6
288,44,11,13,262,5,11,8,267,5
288,45,11,13,262,5,11,8,267,5
288,46,11,13,262,5,11,8,267,5
288,47,3,12,63,0,3,12,63,0
288,48,3,12,63,0,3,12,63,0
288,49,3,12,63,0,3,12,63,0
288,50,3,12,63,0,3,12,63,0
288,51,11,14,261,-1,11,15,260,-1
288,52,11,14,261,-1,11,15,260,-1
288,53,11,12,263,1,11,11,264,1
288,54,11,12,263,1,11,11,264,1
288,55,11,13,262,-2,11,15,260,-2
288,56,11,13,262,-2,11,15,260,-2
288,57,11,11,264,0,11,11,264,0
288,58,11,10,265,0,11,10,265,0
288,59,3,12,63,0,3,12,63,0
288,60,11,15,260,2,11,13,262,2
288,61,11,15,260,2,11,13,262,2
288,62,11,15,260,2,11,13,262,2
288,63,11,11,264,-8,11,19,256,-8
288,64,11,11,264,-8,11,19,256,-8
288,65,11,14,261,-5,11,19,256,-5
288,66,11,14,261,-5,11,19,256,-5
288,67,11,14,261,-5,11,19,256,-5
288,68,3,12,63,0,3,12,63,0
288,69,3,12,63,0,3,12,63,0
288,70,3,12,63,0,3,12,63,0
288,71,3,12,63,0,3,12,63,0
288,72,11,10,265,6,11,4,271,6
288,73,11,10,265,6,11,4,271,6
288,74,11,13,262,-1,11,14,261,-1
288,75,11,13,262,-1,11,14,261,-1
288,76,11,8,267,9,12,24,276,9
288,77,11,8,267,9,12,24,276,9
288,78,11,9,266,-5,11,14,261,-5
288,79,11,9,266,-5,11,14,261,-5
288,80,11,15,260,-4,11,19,256,-4
288,81,11,15,260,-4,11,19,256,-4
288,82,11,15,260,-4,11,19,256,-4
288,83,3,12,63,0,3,12,63,0
288,84,11,9,266,0,11,9,266,0
288,85,11,9,266,0,11,9,266,0
288,86,11,9,266,0,11,9,266,0
288,87,11,15,260,-1,11,16,259,-1
288,88,11,15,260,-1,11,16,259,-1
288,89,11,16,259,0,11,16,259,0
288,90,11,16,259,0,11,16,259,0
288,91,11,16,259,0,11,16,259,0
288,92,11,17,258,-4,11,21,254,-4
288,93,11,17,258,-4,11,21,254,-4
288,94,11,14,261,-10,11,24,251,-10
288,95,11,14,261,-10,11,24,251,-10
289,0,11,11,264,9,11,2,273,9
289,1,11,11,264,9,11,2,273,9
289,2,11,11,264,9,11,2,273,9
289,3,11,10,265,6,11,4,271,6
289,4,11,10,265,6,11,4,271,6
289,5,11,12,263,-1,11,13,262,-1
289,6,11,12,263,-1,11,13,262,-1
289,7,11,12,263,-1,11,13,262,-1
289,8,11,14,261,9,11,5,270,9
289,9,11,15,260,9,11,6,269,9
289,10,11,14,261,9,11,5,270,9
289,11,3,9,66,0,3,9,66,0
289,12,11,15,260,9,11,6,269,9
289,13,11,15,260,9,11,6,269,9
289,14,11,15,260,9,11,6,269,9
289,15,11,15,260,-6,11,21,254,-6
289,16,11,15,260,-6,11,21,254,-6
289,17,11,12,263,-3,11,15,260,-3
289,18,11,12,263,-3,11,15,260,-3
289,19,11,12,263,-3,11,15,260,-3
289,20,3,11,64,0,3,11,64,0
289,21,3,11,64,0,3,11,64,0
289,22,11,15,260,-5,11,20,255,-5
289,23,11,15,260,-5,11,20,255,-5
289,24,3,10,65,0,3,10,65,0
289,25,3,10,65,0,3,10,65,0
289,26,3,10,65,0,3,10,65,0
289,27,11,11,264,10,11,1,274,10
289,28,11,11,264,10,11,1,274,10
289,29,11,13,262,2,11,11,264,2
289,30,11,13,262,2,11,11,264,2
289,31,11,11,264,-1,11,12,263,-1
289,32,11,11,264,-1,11,12,263,-1
289,33,11,14,261,6,11,8,267,6
289,34,11,14,261,6,11,8,267,6
289,35,3,10,65,0,3,10,65,0
289,36,11,15,260,8,11,7,268,8
289,37,11,15,260,8,11,7,268,8
289,38,11,15,260,8,11,7,268,8
289,39,11,12,263,0,11,12,263,0
289,40,11,12,263,0,11,12,263,0
289,41,11,14,261,-2,11,16,259,-2
289,42,11,14,261,-2,11,16,259,-2
289,43,11,14,261,-2,11,16,259,-2
289,44,3,10,65,0,3,10,65,0
289,45,3,10,65,0,3,10,65,0
289,46,3,10,65,0,3,10,65,0
289,47,3,10,65,0,3,10,65,0
289,48,11,12,263,-6,11,18,257,-6
289,49,11,12,263,-6,11,18,257,-6
289,50,11,12,263,9,11,3,272,9
289,51,11,12,263,9,11,3,272,9
289,52,11,11,264,-2,11,13,262,-2
289,53,11,11,264,-2,11,13,262,-2
289,54,11,13,262,-5,11,18,257,-5
289,55,11,13,262,-5,11,18,257,-5
289,56,11,15,260,9,11,6,269,9
289,57,11,15,260,9,11,6,269,9
289,58,11,15,260,9,11,6,269,9
289,59,3,11,64,0,3,11,64,0
289,60,11,14,261,9,11,5,270,9
289,61,11,14,261,9,11,5,270,9
289,62,11,14,261,9,11,5,270,9
289,63,11,15,260,-6,11,21,254,-6
289,64,11,15,260,-6,11,21,254,-6
289,65,11,14,261,-6,11,20,255,-6
289,66,11,14,261,-6,11,20,255,-6
289,67,11,14,261,-6,11,20,255,-6
289,68,11,15,260,-6,11,21,254,-6
289,69,11,15,260,-6,11,21,254,-6
289,70,11,13,262,2,11,11,264,2
289,71,11,13,262,2,11,11,264,2
289,72,11,13,262,9,11,4,271,9
289,73,11,13,262,9,11,4,271,9
289,74,11,13,262,9,11,4,271,9
289,75,11,10,265,-3,11,13,262,-3
289,76,11,10,265,-3,11,13,262,-3
289,77,11,13,262,6,11,7,268,6
289,78,11,13,262,6,11,7,268,6
289,79,11,13,262,6,11,7,268,6
289,80,11,15,260,-6,11,21,254,-6
289,81,11,15,260,-6,11,21,254,-6
289,82,11,15,260,-6,11,21,254,-6
289,83,3,12,63,0,3,12,63,0
289,84,3,12,63,0,3,12,63,0
289,85,3,12,63,0,3,12,63,0
289,86,3,12,63,0,3,12,63,0
289,87,11,12,263,0,11,12,263,0
289,88,11,12,263,0,11,12,263,0
289,89,11,13,262,2,11,11,264,2
289,90,11,13,262,2,11,11,264,2
289,91,11,14,261,-1,11,15,260,-1
289,92,11,14,261,-1,11,15,260,-1
289,93,11,15,260,2,11,13,262,2
289,94,11,15,260,2,11,13,262,2
289,95,3,12,63,0,3,12,63,0
290,0,11,7,268,-8,11,15,260,-8
290,1,11,7,268,-8,11,15,260,-8
290,2,11,7,268,-5,11,12,263,-5
290,3,11,7,268,-5,11,12,263,-5
290,4,11,2,273,-10,11,12,263,-10
290,5,11,2,273,-10,11,12,263,-10
290,6,11,7,268,-4,11,11,264,-4
290,7,11,7,268,-4,11,11,264,-4
290,8,3,9,66,0,3,9,66,0
290,9,3,9,66,0,3,9,66,0
290,10,11,9,266,1,11,8,267,1
290,11,11,9,266,1,11,8,267,1
290,12,11,8,267,4,11,4,271,4
290,13,11,8,267,4,11,4,271,4
290,14,11,8,267,4,11,4,271,4
290,15,11,8,267,-4,11,12,263,-4
290,16,11,8,267,-4,11,12,263,-4
290,17,11,6,269,-5,11,11,264,-5
290,18,11,6,269,-5,11,11,264,-5
290,19,11,6,269,-10,11,16,259,-10
290,20,11,6,269,-10,11,16,259,-10
290,21,11,10,265,5,11,5,270,5
290,22,11,10,265,5,11,5,270,5
290,23,11,10,265,5,11,5,270,5
290,24,11,8,267,8,11,0,275,8
290,25,11,8,267,8,11,0,275,8
290,26,11,9,266,10,12,24,276,10
290,27,11,9,266,10,12,24,276,10
290,28,11,8,267,-4,11,12,263,-4
290,29,11,8,267,-4,11,12,263,-4
290,30,11,10,265,-2,11,12,263,-2
290,31,11,10,265,-2,11,12,263,-2
290,32,11,10,265,-2,11,12,263,-2
290,33,3,10,65,0,3,10,65,0
290,34,11,10,265,-3,11,13,262,-3
290,35,11,10,265,-3,11,13,262,-3
290,36,11,8,267,6,11,2,273,6
290,37,11,8,267,6,11,2,273,6
290,38,11,7,268,9,12,23,277,9
290,39,11,7,268,9,12,23,277,9
290,40,11,7,268,9,12,23,277,9
290,41,11,7,268,-8,11,15,260,-8
290,42,11,7,268,-8,11,15,260,-8
290,43,11,9,266,1,11,8,267,1
290,44,11,9,266,1,11,8,267,1
290,45,11,7,268,-3,11,10,265,-3
290,46,11,7,268,-3,11,10,265,-3
290,47,11,7,268,-3,11,10,265,-3
290,48,11,9,266,-3,11,12,263,-3
290,49,11,9,266,-3,11,12,263,-3
290,50,11,9,266,-3,11,12,263,-3
290,51,11,6,269,-7,11,13,262,-7
290,52,11,6,269,-7,11,13,262,-7
290,53,11,6,269,-7,11,13,262,-7
290,54,11,8,267,-6,11,14,261,-6
290,55,11,8,267,-6,11,14,261,-6
290,56,11,8,267,-6,11,14,261,-6
290,57,11,12,263,0,11,12,263,0
290,58,11,12,263,0,11,12,263,0
290,59,3,11,64,0,3,11,64,0
290,60,11,8,267,-1,11,9,266,-1
290,61,11,8,267,-1,11,9,266,-1
290,62,11,9,266,-1,11,10,265,-1
290,63,11,9,266,-1,11,10,265,-1
290,64,11,7,268,-1,11,8,267,-1
290,65,11,7,268,-1,11,8,267,-1
290,66,11,9,266,-4,11,13,262,-4
290,67,11,9,266,-4,11,13,262,-4
290,68,3,11,64,0,3,11,64,0
290,69,3,11,64,0,3,11,64,0
290,70,11,12,263,-9,11,21,254,-9
290,71,11,12,263,-9,11,21,254,-9
290,72,11,10,265,4,11,6,269,4
290,73,11,10,265,4,11,6,269,4
290,74,11,10,265,4,11,6,269,4
290,75,11,9,266,7,11,2,273,7
290,76,11,9,266,7,11,2,273,7
290,77,11,8,267,-6,11,14,261,-6
290,78,11,8,267,-6,11,14,261,-6
290,79,11,7,268,-5,11,12,263,-5
290,80,11,7,268,-5,11,12,263,-5
290,81,11,15,260,-5,11,20,255,-5
290,82,11,15,260,-5,11,20,255,-5
290,83,11,15,260,-5,11,20,255,-5
290,84,11,8,267,-10,11,18,257,-10
290,85,11,8,267,-10,11,18,257,-10
290,86,11,7,268,9,12,23,277,9
290,87,11,7,268,9,12,23,277,9
290,88,11,9,266,-8,11,17,258,-8
290,89,11,9,266,-8,11,17,258,-8
290,90,11,11,264,-7,11,18,257,-7
290,91,11,11,264,-7,11,18,257,-7
290,92,11,11,264,-7,11,18,257,-7
290,93,3,12,63,0,3,12,63,0
290,94,11,12,263,5,11,7,268,5
290,95,11,12,263,5,11,7,268,5
291,0,11,9,266,1,11,8,267,1
291,1,11,9,266,1,11,8,267,1
291,2,11,10,265,-1,11,11,264,-1
291,3,11,10,265,-1,11,11,264,-1
291,4,11,10,265,-1,11,11,264,-1
291,5,11,7,268,1,11,6,269,1
291,6,11,7,268,1,11,6,269,1
291,7,11,7,268,1,11,6,269,1
291,8,11,7,268,1,11,6,269,1
291,9,11,9,266,-7,11,16,259,-7
291,10,11,9,266,-7,11,16,259,-7
291,11,11,9,266,-7,11,16,259,-7
291,12,4,11,89,0,4,11,89,0
291,13,4,11,89,0,4,11,89,0
291,14,4,11,89,0,4,11,89,0
291,15,4,11,89,0,4,11,89,0
291,16,4,11,89,0,4,11,89,0
291,17,4,11,89,0,4,11,89,0
291,18,4,11,89,0,4,11,89,0
291,19,4,11,89,0,4,11,89,0
291,20,4,11,89,0,4,11,89,0
291,21,4,11,89,0,4,11,89,0
291,22,4,11,89,0,4,11,89,0
291,23,4,11,89,0,4,11,89,0
291,24,11,10,265,-9,11,19,256,-9
291,25,11,10,265,-9,11,19,256,-9
291,26,11,10,265,-9,11,19,256,-9
291,27,11,7,268,5,11,2,273,5
291,28,11,7,268,5,11,2,273,5
291,29,11,7,268,5,11,2,273,5
291,30,11,11,264,0,11,11,264,0
291,31,11,11,264,0,11,11,264,0
291,32,11,11,264,0,11,11,264,0
291,33,11,13,262,2,11,11,264,2
291,34,11,13,262,2,11,11,264,2
291,35,3,10,65,0,3,10,65,0
291,36,11,8,267,4,11,4,271,4
291,37,11,8,267,4,11,4,271,4
291,38,11,7,268,-4,11,11,264,-4
291,39,11,7,268,-4,11,11,264,-4
291,40,11,6,269,8,12,23,277,8
291,41,11,6,269,8,12,23,277,8
291,42,11,12,263,6,11,6,269,6
291,43,11,12,263,6,11,6,269,6
291,44,3,10,65,0,3,10,65,0
291,45,3,10,65,0,3,10,65,0
291,46,11,10,265,3,11,7,268,3
291,47,11,10,265,3,11,7,268,3
291,48,11,12,263,1,11,11,264,1
291,49,11,12,263,1,11,11,264,1
291,50,11,12,263,1,11,11,264,1
291,51,11,10,265,-9,11,19,256,-9
291,52,11,10,265,-9,11,19,256,-9
291,53,11,9,266,-6,11,15,260,-6
291,54,11,9,266,-6,11,15,260,-6
291,55,11,7,268,6,11,1,274,6
291,56,11,7,268,6,11,1,274,6
291,57,11,15,260,-4,11,19,256,-4
291,58,11,14,261,-4,11,18,257,-4
291,59,11,15,260,-4,11,19,256,-4
291,60,11,9,266,-9,11,18,257,-9
291,61,11,9,266,-9,11,18,257,-9
291,62,11,9,266,0,11,9,266,0
291,63,11,9,266,0,11,9,266,0
291,64,11,10,265,-10,11,20,255,-10
291,65,11,10,265,-10,11,20,255,-10
291,66,11,12,263,-8,11,20,255,-8
291,67,11,12,263,-8,11,20,255,-8
291,68,11,12,263,-8,11,20,255,-8
291,69,11,13,262,9,11,4,271,9
291,70,11,13,262,9,11,4,271,9
291,71,3,11,64,0,3,11,64,0
291,72,11,11,264,10,11,1,274,10
291,73,11,12,263,10,11,2,273,10
291,74,11,11,264,10,11,1,274,10
291,75,11,11,264,10,11,1,274,10
291,76,11,11,264,10,11,1,274,10
291,77,11,8,267,-7,11,15,260,-7
291,78,11,8,267,-7,11,15,260,-7
291,79,11,6,269,-2,11,8,267,-2
291,80,11,6,269,-2,11,8,267,-2
291,81,11,12,263,-5,11,17,258,-5
291,82,11,12,263,-5,11,17,258,-5
291,83,11,12,263,-5,11,17,258,-5
291,84,11,12,263,-5,11,17,258,-5
291,85,11,11,264,-5,11,16,259,-5
291,86,11,11,264,-5,11,16,259,-5
291,87,11,8,267,6,11,2,273,6
291,88,11,8,267,6,11,2,273,6
291,89,11,8,267,6,11,2,273,6
291,90,11,10,265,-10,11,20,255,-10
291,91,11,10,265,-10,11,20,255,-10
291,92,11,10,265,-10,11,20,255,-10
291,93,11,10,265,1,11,9,266,1
291,94,11,10,265,1,11,9,266,1
291,95,3,12,63,0,3,12,63,0
292,0,11,10,265,2,11,8,267,2
292,1,11,10,265,2,11,8,267,2
292,2,11,11,264,2,11,9,266,2
292,3,11,10,265,-9,11,19,256,-9
292,4,11,10,265,-9,11,19,256,-9
292,5,11,10,265,-10,11,20,255,-10
292,6,11,10,265,-10,11,20,255,-10
292,7,11,10,265,-10,11,20,255,-10
292,8,11,10,265,5,11,5,270,5
292,9,11,10,265,5,11,5,270,5
292,10,11,10,265,5,11,5,270,5
292,11,3,8,67,0,3,8,67,0
292,12,4,11,89,0,4,11,89,0
292,13,4,11,89,0,4,11,89,0
292,14,4,11,89,0,4,11,89,0
292,15,4,11,89,0,4,11,89,0
292,16,4,11,89,0,4,11,89,0
292,17,4,11,89,0,4,11,89,0
292,18,4,11,89,0,4,11,89,0
292,19,4,11,89,0,4,11,89,0
292,20,4,11,89,0,4,11,89,0
292,21,4,11,89,0,4,11,89,0
292,22,4,11,89,0,4,11,89,0
292,23,4,11,89,0,4,11,89,0
292,24,3,9,66,0,3,9,66,0
292,25,3,9,66,0,3,9,66,0
292,26,3,9,66,0,3,9,66,0
292,27,11,9,266,5,11,4,271,5
292,28,11,9,266,5,11,4,271,5
292,29,11,13,262,10,11,3,272,10
292,30,11,13,262,10,11,3,272,10
292,31,11,12,263,-6,11,18,257,-6
292,32,11,12,263,-6,11,18,257,-6
292,33,11,13,262,-5,11,18,257,-5
292,34,11,13,262,-5,11,18,257,-5
292,35,3,9,66,0,3,9,66,0
292,36,11,15,260,3,11,12,263,3
292,37,11,15,260,3,11,12,263,3
292,38,11,15,260,3,11,12,263,3
292,39,11,14,261,-2,11,16,259,-2
292,40,11,14,261,-2,11,16,259,-2
292,41,11,10,265,0,11,10,265,0
292,42,11,10,265,0,11,10,265,0
292,43,11,10,265,0,11,10,265,0
292,44,3,9,66,0,3,9,66,0
292,45,3,9,66,0,3,9,66,0
292,46,3,9,66,0,3,9,66,0
292,47,3,9,66,0,3,9,66,0
292,48,11,11,264,0,11,11,264,0
292,49,11,11,264,0,11,11,264,0
292,50,11,12,263,-5,11,17,258,-5
292,51,11,12,263,-5,11,17,258,-5
292,52,11,9,266,-9,11,18,257,-9
292,53,11,9,266,-9,11,18,257,-9
292,54,11,12,263,-7,11,19,256,-7
292,55,11,13,262,-7,11,20,255,-7
292,56,11,16,259,10,11,6,269,10
292,57,11,16,259,10,11,6,269,10
292,58,11,16,259,10,11,6,269,10
292,59,3,9,66,0,3,9,66,0
292,60,11,13,262,-4,11,17,258,-4
292,61,11,13,262,-4,11,17,258,-4
292,62,11,13,262,-4,11,17,258,-4
292,63,11,12,263,-8,11,20,255,-8
292,64,11,12,263,-8,11,20,255,-8
292,65,11,13,262,-5,11,18,257,-5
292,66,11,13,262,-5,11,18,257,-5
292,67,11,13,262,-5,11,18,257,-5
292,68,11,15,260,-10,10,0,250,-10
292,69,11,15,260,-10,10,0,250,-10
292,70,11,13,262,8,11,5,270,8
292,71,11,13,262,8,11,5,270,8
292,72,11,9,266,10,12,24,276,10
292,73,11,9,266,10,12,24,276,10
292,74,11,9,266,10,12,24,276,10
292,75,11,11,264,-4,11,15,260,-4
292,76,11,11,264,-4,11,15,260,-4
292,77,11,12,263,-5,11,17,258,-5
292,78,11,12,263,-5,11,17,258,-5
292,79,11,12,263,-5,11,17,258,-5
292,80,11,15,260,-5,11,20,255,-5
292,81,11,15,260,-5,11,20,255,-5
292,82,11,15,260,-5,11,20,255,-5
292,83,3,10,65,0,3,10,65,0
292,84,3,11,64,0,3,11,64,0
292,85,3,11,64,0,3,11,64,0
292,86,3,11,64,0,3,11,64,0
292,87,11,12,263,8,11,4,271,8
292,88,11,12,263,8,11,4,271,8
292,89,11,11,264,6,11,5,270,6
292,90,11,11,264,6,11,5,270,6
292,91,11,11,264,-9,11,20,255,-9
292,92,11,11,264,-9,11,20,255,-9
292,93,11,14,261,-6,11,20,255,-6
292,94,11,14,261,-6,11,20,255,-6
292,95,3,11,64,0,3,11,64,0
293,0,11,8,267,0,11,8,267,0
293,1,11,8,267,0,11,8,267,0
293,2,11,8,267,0,11,8,267,0
293,3,11,8,267,-8,11,16,259,-8
293,4,11,8,267,-8,11,16,259,-8
293,5,11,5,270,0,11,5,270,0
293,6,11,5,270,0,11,5,270,0
293,7,11,4,271,0,11,4,271,0
293,8,3,9,66,0,3,9,66,0
293,9,3,9,66,0,3,9,66,0
293,10,3,9,66,0,3,9,66,0
293,11,3,9,66,0,3,9,66,0
293,12,11,8,267,6,11,2,273,6
293,13,11,8,267,6,11,2,273,6
293,14,11,8,267,-6,11,14,261,-6
293,15,11,8,267,-6,11,14,261,-6
293,16,11,7,268,2,11,5,270,2
293,17,11,7,268,2,11,5,270,2
293,18,11,5,270,9,12,21,279,9
293,19,11,5,270,9,12,21,279,9
293,20,11,8,267,8,11,0,275,8
293,21,11,8,267,8,11,0,275,8
293,22,11,8,267,8,11,0,275,8
293,23,3,9,66,0,3,9,66,0
293,24,11,4,271,7,12,22,278,7
293,25,11,4,271,7,12,22,278,7
293,26,11,4,271,7,12,22,278,7
293,27,11,8,267,2,11,6,269,2
293,28,11,8,267,2,11,6,269,2
293,29,11,9,266,4,11,5,270,4
293,30,11,9,266,4,11,5,270,4
293,31,11,9,266,4,11,5,270,4
293,32,11,10,265,7,11,3,272,7
293,33,11,10,265,7,11,3,272,7
293,34,11,11,264,3,11,8,267,3
293,35,11,11,264,3,11,8,267,3
293,36,11,8,267,3,11,5,270,3
293,37,11,7,268,3,11,4,271,3
293,38,11,7,268,3,11,4,271,3
293,39,11,6,269,4,11,2,273,4
293,40,11,6,269,4,11,2,273,4
293,41,11,9,266,-7,11,16,259,-7
293,42,11,9,266,-7,11,16,259,-7
293,43,11,9,266,-7,11,16,259,-7
293,44,11,11,264,5,11,6,269,5
293,45,11,11,264,5,11,6,269,5
293,46,11,11,264,5,11,6,269,5
293,47,3,10,65,0,3,10,65,0
293,48,3,10,65,0,3,10,65,0
293,49,3,10,65,0,3,10,65,0
293,50,3,10,65,0,3,10,65,0
293,51,11,9,266,-2,11,11,264,-2
293,52,11,9,266,-2,11,11,264,-2
293,53,11,7,268,7,11,0,275,7
293,54,11,7,268,7,11,0,275,7
293,55,11,7,268,-3,11,10,265,-3
293,56,11,7,268,-3,11,10,265,-3
293,57,11,9,266,-2,11,11,264,-2
293,58,11,9,266,-2,11,11,264,-2
293,59,3,10,65,0,3,10,65,0
293,60,11,9,266,7,11,2,273,7
293,61,11,9,266,7,11,2,273,7
293,62,11,9,266,7,11,2,273,7
293,63,11,11,264,2,11,9,266,2
293,64,11,11,264,2,11,9,266,2
293,65,11,11,264,3,11,8,267,3
293,66,11,11,264,3,11,8,267,3
293,67,11,11,264,3,11,8,267,3
293,68,3,11,64,0,3,11,64,0
293,69,3,10,65,0,3,10,65,0
293,70,3,10,65,0,3,10,65,0
293,71,3,11,64,0,3,11,64,0
293,72,11,8,267,0,11,8,267,0
293,73,11,8,267,0,11,8,267,0
293,74,11,7,268,-5,11,12,263,-5
293,75,11,7,268,-5,11,12,263,-5
293,76,11,7,268,-10,11,17,258,-10
293,77,11,7,268,-10,11,17,258,-10
293,78,11,8,267,-6,11,14,261,-6
293,79,11,8,267,-6,11,14,261,-6
293,80,11,13,262,-6,11,19,256,-6
293,81,11,13,262,-6,11,19,256,-6
293,82,11,13,262,-6,11,19,256,-6
293,83,3,10,65,0,3,10,65,0
293,84,11,10,265,-5,11,15,260,-5
293,85,11,10,265,-5,11,15,260,-5
293,86,11,10,265,-5,11,15,260,-5
293,87,11,8,267,-1,11,9,266,-1
293,88,11,8,267,-1,11,9,266,-1
293,89,11,11,264,-9,11,20,255,-9
293,90,11,11,264,-9,11,20,255,-9
293,91,11,11,264,-9,11,20,255,-9
293,92,11,8,267,-4,11,12,263,-4
293,93,11,8,267,-4,11,12,263,-4
293,94,11,9,266,-3,11,12,263,-3
293,95,11,9,266,-3,11,12,263,-3
294,0,12,15,285,-9,12,24,276,-9
294,1,12,15,285,-9,12,24,276,-9
294,2,12,15,285,-9,12,24,276,-9
294,3,12,17,283,-10,11,2,273,-10
294,4,12,17,283,-10,11,2,273,-10
294,5,12,15,285,7,12,8,292,7
294,6,12,15,285,7,12,8,292,7
294,7,12,15,285,7,12,8,292,7
294,8,4,12,88,0,4,12,88,0
294,9,4,12,88,0,4,12,88,0
294,10,4,12,88,0,4,12,88,0
294,11,4,12,88,0,4,12,88,0
294,12,12,11,289,-1,12,12,288,-1
294,13,12,11,289,-1,12,12,288,-1
294,14,12,13,287,-2,12,15,285,-2
294,15,12,13,287,-2,12,15,285,-2
294,16,12,14,286,7,12,7,293,7
294,17,12,14,286,7,12,7,293,7
294,18,12,11,289,-7,12,18,282,-7
294,19,12,11,289,-7,12,18,282,-7
294,20,12,16,284,10,12,6,294,10
294,21,12,16,284,10,12,6,294,10
294,22,12,16,284,10,12,6,294,10
294,23,4,12,88,0,4,12,88,0
294,24,12,13,287,-3,12,16,284,-3
294,25,12,13,287,-3,12,16,284,-3
294,26,12,13,287,-3,12,16,284,-3
294,27,12,17,283,1,12,16,284,1
294,28,12,17,283,1,12,16,284,1
294,29,12,16,284,3,12,13,287,3
294,30,12,16,284,3,12,13,287,3
294,31,12,16,284,3,12,13,287,3
294,32,12,17,283,7,12,10,290,7
294,33,12,17,283,7,12,10,290,7
294,34,12,16,284,0,12,16,284,0
294,35,12,16,284,0,12,16,284,0
294,36,12,11,289,-2,12,13,287,-2
294,37,12,11,289,-2,12,13,287,-2
294,38,12,11,289,-2,12,13,287,-2
294,39,12,13,287,4,12,9,291,4
294,40,12,13,287,4,12,9,291,4
294,41,12,18,282,-9,11,2,273,-9
294,42,12,18,282,-9,11,2,273,-9
294,43,12,18,282,-9,11,2,273,-9
294,44,12,16,284,-10,11,1,274,-10
294,45,12,16,284,-10,11,1,274,-10
294,46,12,16,284,-10,11,1,274,-10
294,47,4,13,87,0,4,13,87,0
294,48,4,13,87,0,4,13,87,0
294,49,4,13,87,0,4,13,87,0
294,50,4,13,87,0,4,13,87,0
294,51,12,15,285,7,12,8,292,7
294,52,12,15,285,7,12,8,292,7
294,53,12,14,286,1,12,13,287,1
294,54,12,14,286,1,12,13,287,1
294,55,12,12,288,-1,12,13,287,-1
294,56,12,12,288,-1,12,13,287,-1
294,57,12,14,286,-2,12,16,284,-2
294,58,12,14,286,-2,12,16,284,-2
294,59,4,13,87,0,4,13,87,0
294,60,12,18,282,-2,12,20,280,-2
294,61,12,18,282,-2,12,20,280,-2
294,62,12,18,282,-2,12,20,280,-2
294,63,12,14,286,-8,12,22,278,-8
294,64,12,14,286,-8,12,22,278,-8
294,65,12,17,283,3,12,14,286,3
294,66,12,17,283,3,12,14,286,3
294,67,12,17,283,3,12,14,286,3
294,68,4,13,87,0,4,13,87,0
294,69,4,13,87,0,4,13,87,0
294,70,4,13,87,0,4,13,87,0
294,71,4,13,87,0,4,13,87,0
294,72,12,15,285,-2,12,17,283,-2
294,73,12,15,285,-2,12,17,283,-2
294,74,12,14,286,9,12,5,295,9
294,75,12,14,286,9,12,5,295,9
294,76,12,13,287,-6,12,19,281,-6
294,77,12,13,287,-6,12,19,281,-6
294,78,12,15,285,8,12,7,293,8
294,79,12,15,285,8,12,7,293,8
294,80,12,18,282,8,12,10,290,8
294,81,12,18,282,8,12,10,290,8
294,82,12,18,282,8,12,10,290,8
294,83,4,14,86,0,4,14,86,0
294,84,12,15,285,9,12,6,294,9
294,85,12,15,285,9,12,6,294,9
294,86,12,15,285,9,12,6,294,9
294,87,12,17,283,-2,12,19,281,-2
294,88,12,17,283,-2,12,19,281,-2
294,89,12,16,284,7,12,9,291,7
294,90,12,16,284,7,12,9,291,7
294,91,12,16,284,7,12,9,291,7
294,92,12,17,283,-4,12,21,279,-4
294,93,12,17,283,-4,12,21,279,-4
294,94,12,18,282,-4,12,22,278,-4
294,95,12,18,282,-4,12,22,278,-4
295,0,4,16,84,0,4,16,84,0
295,1,4,16,84,0,4,16,84,0
295,2,4,15,85,0,4,15,85,0
295,3,12,12,288,-7,12,19,281,-7
295,4,12,12,288,-7,12,19,281,-7
295,5,12,17,283,-6,12,23,277,-6
295,6,12,17,283,-6,12,23,277,-6
295,7,12,17,283,-6,12,23,277,-6
295,8,12,15,285,-5,12,20,280,-5
295,9,12,15,285,-5,12,20,280,-5
295,10,12,15,285,-5,12,20,280,-5
295,11,4,11,89,0,4,11,89,0
295,12,5,11,114,0,5,11,114,0
295,13,5,11,114,0,5,11,114,0
295,14,5,11,114,0,5,11,114,0
295,15,5,11,114,0,5,11,114,0
295,16,5,11,114,0,5,11,114,0
295,17,5,11,114,0,5,11,114,0
295,18,5,11,114,0,5,11,114,0
295,19,5,11,114,0,5,11,114,0
295,20,5,11,114,0,5,11,114,0
295,21,5,11,114,0,5,11,114,0
295,22,5,11,114,0,5,11,114,0
295,23,5,11,114,0,5,11,114,0
295,24,4,12,88,0,4,12,88,0
295,25,4,12,88,0,4,12,88,0
295,26,4,12,88,0,4,12,88,0
295,27,12,14,286,6,12,8,292,6
295,28,12,14,286,6,12,8,292,6
295,29,12,13,287,-5,12,18,282,-5
295,30,12,13,287,-5,12,18,282,-5
295,31,12,11,289,-10,12,21,279,-10
295,32,12,11,289,-10,12,21,279,-10
295,33,12,13,287,5,12,8,292,5
295,34,12,13,287,5,12,8,292,5
295,35,4,12,88,0,4,12,88,0
295,36,12,16,284,10,12,6,294,10
295,37,12,16,284,10,12,6,294,10
295,38,12,16,284,10,12,6,294,10
295,39,12,15,285,7,12,8,292,7
295,40,12,15,285,7,12,8,292,7
295,41,12,14,286,10,12,4,296,10
295,42,12,13,287,10,12,3,297,10
295,43,12,14,286,10,12,4,296,10
295,44,4,12,88,0,4,12,88,0
295,45,4,12,88,0,4,12,88,0
295,46,12,17,283,-8,11,0,275,-8
295,47,12,17,283,-8,11,0,275,-8
295,48,12,14,286,-4,12,18,282,-4
295,49,12,14,286,-4,12,18,282,-4
295,50,12,12,288,-2,12,14,286,-2
295,51,12,12,288,-2,12,14,286,-2
295,52,12,14,286,5,12,9,291,5
295,53,12,14,286,5,12,9,291,5
295,54,12,14,286,1,12,13,287,1
295,55,12,14,286,1,12,13,287,1
295,56,12,17,283,-3,12,20,280,-3
295,57,12,17,283,-3,12,20,280,-3
295,58,12,18,282,-3,12,21,279,-3
295,59,4,12,88,0,4,12,88,0
295,60,12,15,285,-6,12,21,279,-6
295,61,12,15,285,-6,12,21,279,-6
295,62,12,15,285,-6,12,21,279,-6
295,63,12,15,285,4,12,11,289,4
295,64,12,15,285,4,12,11,289,4
295,65,12,16,284,8,12,8,292,8
295,66,12,16,284,8,12,8,292,8
295,67,12,16,284,8,12,8,292,8
295,68,12,15,285,-5,12,20,280,-5
295,69,12,15,285,-5,12,20,280,-5
295,70,4,12,88,0,4,12,88,0
295,71,4,12,88,0,4,12,88,0
295,72,4,14,86,0,4,14,86,0
295,73,4,14,86,0,4,14,86,0
295,74,4,14,86,0,4,14,86,0
295,75,12,10,290,0,12,10,290,0
295,76,12,10,290,0,12,10,290,0
295,77,12,16,284,-4,12,20,280,-4
295,78,12,16,284,-4,12,20,280,-4
295,79,12,16,284,-4,12,20,280,-4
295,80,12,16,284,-9,11,0,275,-9
295,81,12,16,284,-9,11,0,275,-9
295,82,12,16,284,-9,11,0,275,-9
295,83,4,14,86,0,4,14,86,0
295,84,12,15,285,6,12,9,291,6
295,85,12,15,285,6,12,9,291,6
295,86,12,15,285,6,12,9,291,6
295,87,12,15,285,-8,12,23,277,-8
295,88,12,15,285,-8,12,23,277,-8
295,89,12,11,289,-1,12,12,288,-1
295,90,12,11,289,-1,12,12,288,-1
295,91,12,16,284,8,12,8,292,8
295,92,12,16,284,8,12,8,292,8
295,93,12,17,283,2,12,15,285,2
295,94,12,17,283,2,12,15,285,2
295,95,4,14,86,0,4,14,86,0
296,0,12,10,290,6,12,4,296,6
296,1,12,10,290,6,12,4,296,6
296,2,12,14,286,4,12,10,290,4
296,3,12,14,286,4,12,10,290,4
296,4,12,9,291,-6,12,15,285,-6
296,5,12,9,291,-6,12,15,285,-6
296,6,12,14,286,-8,12,22,278,-8
296,7,12,14,286,-8,12,22,278,-8
296,8,4,13,87,0,4,13,87,0
296,9,4,13,87,0,4,13,87,0
296,10,12,17,283,6,12,11,289,6
296,11,12,17,283,6,12,11,289,6
296,12,12,12,288,-1,12,13,287,-1
296,13,12,12,288,-1,12,13,287,-1
296,14,12,12,288,-1,12,13,287,-1
296,15,12,13,287,5,12,8,292,5
296,16,12,13,287,5,12,8,292,5
296,17,12,10,290,-5,12,15,285,-5
296,18,12,10,290,-5,12,15,285,-5
296,19,12,12,288,5,12,7,293,5
296,20,12,12,288,5,12,7,293,5
296,21,12,15,285,-4,12,19,281,-4
296,22,12,15,285,-4,12,19,281,-4
296,23,12,15,285,-4,12,19,281,-4
296,24,12,10,290,7,12,3,297,7
296,25,12,10,290,7,12,3,297,7
296,26,12,13,287,4,12,9,291,4
296,27,12,13,287,4,12,9,291,4
296,28,12,14,286,-5,12,19,281,-5
296,29,12,14,286,-5,12,19,281,-5
296,30,12,12,288,-1,12,13,287,-1
296,31,12,12,288,-1,12,13,287,-1
296,32,12,12,288,-1,12,13,287,-1
296,33,4,13,87,0,4,13,87,0
296,34,12,15,285,-3,12,18,282,-3
296,35,12,15,285,-3,12,18,282,-3
296,36,12,13,287,3,12,10,290,3
296,37,12,13,287,3,12,10,290,3
296,38,12,13,287,1,12,12,288,1
296,39,12,13,287,1,12,12,288,1
296,40,12,13,287,1,12,12,288,1
296,41,12,12,288,6,12,6,294,6
296,42,12,12,288,6,12,6,294,6
296,43,12,9,291,-6,12,15,285,-6
296,44,12,9,291,-6,12,15,285,-6
296,45,12,16,284,6,12,10,290,6
296,46,12,16,284,6,12,10,290,6
296,47,12,16,284,6,12,10,290,6
296,48,12,17,283,-6,12,23,277,-6
296,49,12,17,283,-6,12,23,277,-6
296,50,12,17,283,-6,12,23,277,-6
296,51,12,14,286,6,12,8,292,6
296,52,12,14,286,6,12,8,292,6
296,53,12,14,286,6,12,8,292,6
296,54,12,15,285,-10,11,0,275,-10
296,55,12,15,285,-10,11,0,275,-10
296,56,12,15,285,-10,11,0,275,-10
296,57,12,15,285,-2,12,17,283,-2
296,58,12,15,285,-2,12,17,283,-2
296,59,4,14,86,0,4,14,86,0
296,60,12,13,287,7,12,6,294,7
296,61,12,13,287,7,12,6,294,7
296,62,12,14,286,1,12,13,287,1
296,63,12,14,286,1,12,13,287,1
296,64,12,12,288,3,12,9,291,3
296,65,12,12,288,3,12,9,291,3
296,66,12,13,287,-8,12,21,279,-8
296,67,12,13,287,-8,12,21,279,-8
296,68,4,15,85,0,4,15,85,0
296,69,4,15,85,0,4,15,85,0
296,70,12,17,283,5,12,12,288,5
296,71,12,17,283,5,12,12,288,5
296,72,12,14,286,-2,12,16,284,-2
296,73,12,14,286,-2,12,16,284,-2
296,74,12,14,286,-2,12,16,284,-2
296,75,12,15,285,0,12,15,285,0
296,76,12,15,285,0,12,15,285,0
296,77,12,12,288,0,12,12,288,0
296,78,12,12,288,0,12,12,288,0
296,79,12,13,287,3,12,10,290,3
296,80,12,13,287,3,12,10,290,3
296,81,12,19,281,0,12,19,281,0
296,82,12,19,281,0,12,19,281,0
296,83,12,19,281,0,12,19,281,0
296,84,12,12,288,-9,12,21,279,-9
296,85,12,12,288,-9,12,21,279,-9
296,86,12,15,285,-3,12,18,282,-3
296,87,12,15,285,-3,12,18,282,-3
296,88,12,13,287,10,12,3,297,10
296,89,12,13,287,10,12,3,297,10
296,90,12,16,284,-3,12,19,281,-3
296,91,12,16,284,-3,12,19,281,-3
296,92,12,16,284,-3,12,19,281,-3
296,93,4,15,85,0,4,15,85,0
296,94,12,15,285,-7,12,22,278,-7
296,95,12,15,285,-7,12,22,278,-7
297,0,12,11,289,6,12,5,295,6
297,1,12,11,289,6,12,5,295,6
297,2,12,12,288,7,12,5,295,7
297,3,12,12,288,7,12,5,295,7
297,4,12,12,288,7,12,5,295,7
297,5,12,13,287,-6,12,19,281,-6
297,6,12,13,287,-6,12,19,281,-6
297,7,12,13,287,7,12,6,294,7
297,8,12,13,287,7,12,6,294,7
297,9,12,16,284,9,12,7,293,9
297,10,12,16,284,9,12,7,293,9
297,11,12,16,284,9,12,7,293,9
297,12,5,11,114,0,5,11,114,0
297,13,5,11,114,0,5,11,114,0
297,14,5,11,114,0,5,11,114,0
297,15,5,11,114,0,5,11,114,0
297,16,5,11,114,0,5,11,114,0
297,17,5,11,114,0,5,11,114,0
297,18,5,11,114,0,5,11,114,0
297,19,5,11,114,0,5,11,114,0
297,20,5,11,114,0,5,11,114,0
297,21,5,11,114,0,5,11,114,0
297,22,5,11,114,0,5,11,114,0
297,23,5,11,114,0,5,11,114,0
297,24,12,16,284,-3,12,19,281,-3
297,25,12,16,284,-3,12,19,281,-3
297,26,12,16,284,-3,12,19,281,-3
297,27,12,12,288,7,12,5,295,7
297,28,12,12,288,7,12,5,295,7
297,29,12,12,288,7,12,5,295,7
297,30,12,14,286,7,12,7,293,7
297,31,12,14,286,7,12,7,293,7
297,32,12,14,286,7,12,7,293,7
297,33,12,13,287,-1,12,14,286,-1
297,34,12,13,287,-1,12,14,286,-1
297,35,4,12,88,0,4,12,88,0
297,36,12,12,288,7,12,5,295,7
297,37,12,11,289,7,12,4,296,7
297,38,12,13,287,-9,12,22,278,-9
297,39,12,13,287,-9,12,22,278,-9
297,40,12,11,289,-6,12,17,283,-6
297,41,12,11,289,-6,12,17,283,-6
297,42,12,16,284,10,12,6,294,10
297,43,12,16,284,10,12,6,294,10
297,44,4,13,87,0,4,13,87,0
297,45,4,13,87,0,4,13,87,0
297,46,12,17,283,5,12,12,288,5
297,47,12,17,283,5,12,12,288,5
297,48,12,15,285,2,12,13,287,2
297,49,12,15,285,2,12,13,287,2
297,50,12,15,285,2,12,13,287,2
297,51,12,16,284,8,12,8,292,8
297,52,12,16,284,8,12,8,292,8
297,53,12,12,288,-6,12,18,282,-6
297,54,12,12,288,-6,12,18,282,-6
297,55,12,12,288,0,12,12,288,0
297,56,12,12,288,0,12,12,288,0
297,57,12,20,280,0,12,20,280,0
297,58,12,20,280,0,12,20,280,0
297,59,12,19,281,0,12,19,281,0
297,60,12,14,286,1,12,13,287,1
297,61,12,14,286,1,12,13,287,1
297,62,12,16,284,0,12,16,284,0
297,63,12,16,284,0,12,16,284,0
297,64,12,14,286,1,12,13,287,1
297,65,12,14,286,1,12,13,287,1
297,66,12,17,283,-8,11,0,275,-8
297,67,12,17,283,-8,11,0,275,-8
297,68,12,17,283,-8,11,0,275,-8
297,69,4,13,87,0,4,13,87,0
297,70,12,18,282,-3,12,21,279,-3
297,71,12,18,282,-3,12,21,279,-3
297,72,12,13,287,-4,12,17,283,-4
297,73,12,13,287,-4,12,17,283,-4
297,74,12,15,285,-5,12,20,280,-5
297,75,12,15,285,-5,12,20,280,-5
297,76,12,15,285,-5,12,20,280,-5
297,77,12,11,289,7,12,4,296,7
297,78,12,11,289,7,12,4,296,7
297,79,12,11,289,5,12,6,294,5
297,80,12,11,289,5,12,6,294,5
297,81,12,14,286,-2,12,16,284,-2
297,82,12,14,286,-2,12,16,284,-2
297,83,12,14,286,-2,12,16,284,-2
297,84,12,16,284,-10,11,1,274,-10
297,85,12,17,283,-10,11,2,273,-10
297,86,12,16,284,-10,11,1,274,-10
297,87,12,12,288,6,12,6,294,6
297,88,12,12,288,6,12,6,294,6
297,89,12,12,288,6,12,6,294,6
297,90,12,13,287,-6,12,19,281,-6
297,91,12,13,287,-6,12,19,281,-6
297,92,12,13,287,-6,12,19,281,-6
297,93,12,15,285,-5,12,20,280,-5
297,94,12,15,285,-5,12,20,280,-5
297,95,4,14,86,0,4,14,86,0
298,0,12,9,291,7,12,2,298,7
298,1,12,9,291,7,12,2,298,7
298,2,12,12,288,6,12,6,294,6
298,3,12,12,288,6,12,6,294,6
298,4,12,5,295,-4,12,9,291,-4
298,5,12,5,295,-4,12,9,291,-4
298,6,12,11,289,-6,12,17,283,-6
298,7,12,11,289,-6,12,17,283,-6
298,8,4,12,88,0,4,12,88,0
298,9,4,12,88,0,4,12,88,0
298,10,12,13,287,-10,12,23,277,-10
298,11,12,13,287,-10,12,23,277,-10
298,12,12,11,289,-6,12,17,283,-6
298,13,12,11,289,-6,12,17,283,-6
298,14,12,11,289,-6,12,17,283,-6
298,15,12,10,290,2,12,8,292,2
298,16,12,10,290,2,12,8,292,2
298,17,12,8,292,-9,12,17,283,-9
298,18,12,8,292,-9,12,17,283,-9
298,19,12,9,291,3,12,6,294,3
298,20,12,9,291,3,12,6,294,3
298,21,12,13,287,6,12,7,293,6
298,22,12,13,287,6,12,7,293,6
298,23,12,13,287,6,12,7,293,6
298,24,12,8,292,-4,12,12,288,-4
298,25,12,8,292,-4,12,12,288,-4
298,26,12,14,286,6,12,8,292,6
298,27,12,14,286,6,12,8,292,6
298,28,12,12,288,3,12,9,291,3
298,29,12,12,288,3,12,9,291,3
298,30,12,12,288,2,12,10,290,2
298,31,12,12,288,2,12,10,290,2
298,32,12,12,288,2,12,10,290,2
298,33,4,12,88,0,4,12,88,0
298,34,12,14,286,5,12,9,291,5
298,35,12,14,286,5,12,9,291,5
298,36,12,12,288,6,12,6,294,6
298,37,12,12,288,6,12,6,294,6
298,38,12,11,289,-4,12,15,285,-4
298,39,12,11,289,-4,12,15,285,-4
298,40,12,11,289,-4,12,15,285,-4
298,41,12,9,291,-2,12,11,289,-2
298,42,12,9,291,-2,12,11,289,-2
298,43,12,10,290,-6,12,16,284,-6
298,44,12,10,290,-6,12,16,284,-6
298,45,12,12,288,10,12,2,298,10
298,46,12,12,288,10,12,2,298,10
298,47,12,12,288,10,12,2,298,10
298,48,12,13,287,-5,12,18,282,-5
298,49,12,13,287,-5,12,18,282,-5
298,50,12,13,287,-5,12,18,282,-5
298,51,12,9,291,-7,12,16,284,-7
298,52,12,9,291,-7,12,16,284,-7
298,53,12,9,291,-7,12,16,284,-7
298,54,12,10,290,-9,12,19,281,-9
298,55,12,10,290,-9,12,19,281,-9
298,56,12,10,290,-9,12,19,281,-9
298,57,12,14,286,1,12,13,287,1
298,58,12,14,286,1,12,13,287,1
298,59,4,13,87,0,4,13,87,0
298,60,12,12,288,-8,12,20,280,-8
298,61,12,11,289,-8,12,19,281,-8
298,62,12,12,288,6,12,6,294,6
298,63,12,12,288,6,12,6,294,6
298,64,12,10,290,8,12,2,298,8
298,65,12,10,290,8,12,2,298,8
298,66,12,13,287,-10,12,23,277,-10
298,67,12,13,287,-10,12,23,277,-10
298,68,4,13,87,0,4,13,87,0
298,69,4,13,87,0,4,13,87,0
298,70,12,14,286,2,12,12,288,2
298,71,12,14,286,2,12,12,288,2
298,72,12,14,286,-6,12,20,280,-6
298,73,12,14,286,-6,12,20,280,-6
298,74,12,14,286,-6,12,20,280,-6
298,75,12,14,286,-4,12,18,282,-4
298,76,12,14,286,-4,12,18,282,-4
298,77,12,12,288,10,12,2,298,10
298,78,12,12,288,10,12,2,298,10
298,79,12,11,289,5,12,6,294,5
298,80,12,11,289,5,12,6,294,5
298,81,12,16,284,1,12,15,285,1
298,82,12,16,284,1,12,15,285,1
298,83,12,16,284,1,12,15,285,1
298,84,12,10,290,-8,12,18,282,-8
298,85,12,10,290,-8,12,18,282,-8
298,86,12,12,288,-7,12,19,281,-7
298,87,12,12,288,-7,12,19,281,-7
298,88,12,10,290,5,12,5,295,5
298,89,12,10,290,5,12,5,295,5
298,90,12,14,286,3,12,11,289,3
298,91,12,14,286,3,12,11,289,3
298,92,12,14,286,3,12,11,289,3
298,93,4,14,86,0,4,14,86,0
298,94,12,14,286,-7,12,21,279,-7
298,95,12,14,286,-7,12,21,279,-7
299,0,12,13,287,2,12,11,289,2
299,1,12,13,287,2,12,11,289,2
299,2,12,13,287,4,12,9,291,4
299,3,12,13,287,4,12,9,291,4
299,4,12,13,287,4,12,9,291,4
299,5,12,12,288,1,12,11,289,1
299,6,12,12,288,1,12,11,289,1
299,7,12,12,288,3,12,9,291,3
299,8,12,12,288,3,12,9,291,3
299,9,12,15,285,5,12,10,290,5
299,10,12,15,285,5,12,10,290,5
299,11,12,15,285,5,12,10,290,5
299,12,5,11,114,0,5,11,114,0
299,13,5,11,114,0,5,11,114,0
299,14,5,11,114,0,5,11,114,0
299,15,5,11,114,0,5,11,114,0
299,16,5,11,114,0,5,11,114,0
299,17,5,11,114,0,5,11,114,0
299,18,5,11,114,0,5,11,114,0
299,19,5,11,114,0,5,11,114,0
299,20,5,11,114,0,5,11,114,0
299,21,5,11,114,0,5,11,114,0
299,22,5,11,114,0,5,11,114,0
299,23,5,11,114,0,5,11,114,0
299,24,12,15,285,-8,12,23,277,-8
299,25,12,15,285,-8,12,23,277,-8
299,26,12,15,285,-8,12,23,277,-8
299,27,12,12,288,3,12,9,291,3
299,28,12,12,288,3,12,9,291,3
299,29,12,12,288,3,12,9,291,3
299,30,12,12,288,-1,12,13,287,-1
299,31,12,12,288,-1,12,13,287,-1
299,32,12,12,288,-1,12,13,287,-1
299,33,12,13,287,-2,12,15,285,-2
299,34,12,13,287,-2,12,15,285,-2
299,35,4,11,89,0,4,11,89,0
299,36,12,13,287,-9,12,22,278,-9
299,37,12,13,287,-9,12,22,278,-9
299,38,12,12,288,8,12,4,296,8
299,39,12,12,288,8,12,4,296,8
299,40,12,11,289,3,12,8,292,3
299,41,12,11,289,3,12,8,292,3
299,42,12,16,284,-7,12,23,277,-7
299,43,12,16,284,-7,12,23,277,-7
299,44,4,12,88,0,4,12,88,0
299,45,4,12,88,0,4,12,88,0
299,46,12,17,283,-4,12,21,279,-4
299,47,12,16,284,-4,12,20,280,-4
299,48,12,13,287,-9,12,22,278,-9
299,49,12,13,287,-9,12,22,278,-9
299,50,12,13,287,-9,12,22,278,-9
299,51,12,16,284,-3,12,19,281,-3
299,52,12,16,284,-3,12,19,281,-3
299,53,12,11,289,-10,12,21,279,-10
299,54,12,11,289,-10,12,21,279,-10
299,55,12,11,289,2,12,9,291,2
299,56,12,11,289,2,12,9,291,2
299,57,12,17,283,7,12,10,290,7
299,58,12,17,283,7,12,10,290,7
299,59,12,16,284,7,12,9,291,7
299,60,12,13,287,9,12,4,296,9
299,61,12,13,287,9,12,4,296,9
299,62,12,14,286,5,12,9,291,5
299,63,12,13,287,5,12,8,292,5
299,64,12,14,286,0,12,14,286,0
299,65,12,14,286,0,12,14,286,0
299,66,12,15,285,-9,12,24,276,-9
299,67,12,16,284,-9,11,0,275,-9
299,68,12,16,284,-9,11,0,275,-9
299,69,4,12,88,0,4,12,88,0
299,70,12,15,285,4,12,11,289,4
299,71,12,15,285,4,12,11,289,4
299,72,12,11,289,7,12,4,296,7
299,73,12,11,289,7,12,4,296,7
299,74,12,15,285,4,12,11,289,4
299,75,12,15,285,4,12,11,289,4
299,76,12,15,285,4,12,11,289,4
299,77,12,12,288,-8,12,20,280,-8
299,78,12,12,288,-8,12,20,280,-8
299,79,12,9,291,9,12,0,300,9
299,80,12,9,291,9,12,0,300,9
299,81,12,13,287,-8,12,21,279,-8
299,82,12,13,287,-8,12,21,279,-8
299,83,12,13,287,-8,12,21,279,-8
299,84,12,14,286,3,12,11,289,3
299,85,12,14,286,3,12,11,289,3
299,86,12,14,286,3,12,11,289,3
299,87,12,11,289,0,12,11,289,0
299,88,12,11,289,0,12,11,289,0
299,89,12,11,289,0,12,11,289,0
299,90,12,12,288,-2,12,14,286,-2
299,91,12,12,288,-2,12,14,286,-2
299,92,12,12,288,-2,12,14,286,-2
299,93,12,16,284,0,12,16,284,0
299,94,12,16,284,0,12,16,284,0
299,95,4,13,87,0,4,13,87,0
300,0,11,5,270,-7,11,12,263,-7
300,1,11,5,270,-7,11,12,263,-7
300,2,11,5,270,-7,11,12,263,-7
300,3,11,7,268,-7,11,14,261,-7
300,4,11,7,268,-7,11,14,261,-7
300,5,11,8,267,4,11,4,271,4
300,6,11,8,267,4,11,4,271,4
300,7,11,8,267,4,11,4,271,4
300,8,11,8,267,-4,11,12,263,-4
300,9,11,8,267,-4,11,12,263,-4
300,10,11,8,267,-4,11,12,263,-4
300,11,3,10,65,0,3,10,65,0
300,12,4,11,89,0,4,11,89,0
300,13,4,11,89,0,4,11,89,0
300,14,4,11,89,0,4,11,89,0
300,15,4,11,89,0,4,11,89,0
300,16,4,11,89,0,4,11,89,0
300,17,4,11,89,0,4,11,89,0
300,18,4,11,89,0,4,11,89,0
300,19,4,11,89,0,4,11,89,0
300,20,4,11,89,0,4,11,89,0
300,21,4,11,89,0,4,11,89,0
300,22,4,11,89,0,4,11,89,0
300,23,4,11,89,0,4,11,89,0
300,24,3,10,65,0,3,10,65,0
300,25,3,10,65,0,3,10,65,0
300,26,3,10,65,0,3,10,65,0
300,27,11,10,265,-4,11,14,261,-4
300,28,11,10,265,-4,11,14,261,-4
300,29,11,8,267,-1,11,9,266,-1
300,30,11,8,267,-1,11,9,266,-1
300,31,11,9,266,2,11,7,268,2
300,32,11,9,266,2,11,7,268,2
300,33,11,8,267,-3,11,11,264,-3
300,34,11,8,267,-3,11,11,264,-3
300,35,3,10,65,0,3,10,65,0
300,36,11,11,264,-10,11,21,254,-10
300,37,11,11,264,-10,11,21,254,-10
300,38,11,11,264,-10,11,21,254,-10
300,39,11,9,266,-7,11,16,259,-7
300,40,11,9,266,-7,11,16,259,-7
300,41,11,8,267,-1,11,9,266,-1
300,42,11,8,267,-1,11,9,266,-1
300,43,11,8,267,-1,11,9,266,-1
300,44,3,10,65,0,3,10,65,0
300,45,3,10,65,0,3,10,65,0
300,46,3,10,65,0,3,10,65,0
300,47,3,10,65,0,3,10,65,0
300,48,11,8,267,-7,11,15,260,-7
300,49,11,8,267,-7,11,15,260,-7
300,50,11,6,269,4,11,2,273,4
300,51,11,6,269,4,11,2,273,4
300,52,11,8,267,-10,11,18,257,-10
300,53,11,8,267,-10,11,18,257,-10
300,54,11,9,266,0,11,9,266,0
300,55,11,9,266,0,11,9,266,0
300,56,11,11,264,-2,11,13,262,-2
300,57,11,11,264,-2,11,13,262,-2
300,58,11,11,264,-2,11,13,262,-2
300,59,3,11,64,0,3,11,64,0
300,60,11,9,266,1,11,8,267,1
300,61,11,9,266,1,11,8,267,1
300,62,11,9,266,1,11,8,267,1
300,63,11,10,265,-9,11,19,256,-9
300,64,11,10,265,-9,11,19,256,-9
300,65,11,10,265,-6,11,16,259,-6
300,66,11,10,265,-6,11,16,259,-6
300,67,11,10,265,-6,11,16,259,-6
300,68,11,10,265,-1,11,11,264,-1
300,69,11,10,265,-1,11,11,264,-1
300,70,11,11,264,4,11,7,268,4
300,71,11,11,264,4,11,7,268,4
300,72,11,5,270,8,12,22,278,8
300,73,11,5,270,8,12,22,278,8
300,74,11,5,270,8,12,22,278,8
300,75,11,4,271,5,12,24,276,5
300,76,11,4,271,5,12,24,276,5
300,77,11,11,264,9,11,2,273,9
300,78,11,11,264,9,11,2,273,9
300,79,11,11,264,9,11,2,273,9
300,80,11,9,266,-3,11,12,263,-3
300,81,11,8,267,-3,11,11,264,-3
300,82,11,8,267,-3,11,11,264,-3
300,83,3,11,64,0,3,11,64,0
300,84,3,12,63,0,3,12,63,0
300,85,3,12,63,0,3,12,63,0
300,86,3,12,63,0,3,12,63,0
300,87,11,10,265,7,11,3,272,7
300,88,11,11,264,7,11,4,271,7
300,89,11,6,269,10,12,21,279,10
300,90,11,6,269,10,12,21,279,10
300,91,11,9,266,9,11,0,275,9
300,92,11,9,266,9,11,0,275,9
300,93,11,10,265,-2,11,12,263,-2
300,94,11,10,265,-2,11,12,263,-2
300,95,3,12,63,0,3,12,63,0
301,0,11,5,270,3,11,2,273,3
301,1,11,5,270,3,11,2,273,3
301,2,11,5,270,3,11,2,273,3
301,3,11,7,268,-4,11,11,264,-4
301,4,11,7,268,-4,11,11,264,-4
301,5,11,6,269,0,11,6,269,0
301,6,11,6,269,0,11,6,269,0
301,7,11,6,269,0,11,6,269,0
301,8,3,10,65,0,3,10,65,0
301,9,3,10,65,0,3,10,65,0
301,10,3,10,65,0,3,10,65,0
301,11,3,10,65,0,3,10,65,0
301,12,11,3,272,-2,11,5,270,-2
301,13,11,3,272,-2,11,5,270,-2
301,14,11,7,268,-5,11,12,263,-5
301,15,11,6,269,-5,11,11,264,-5
301,16,11,4,271,-4,11,8,267,-4
301,17,11,4,271,-4,11,8,267,-4
301,18,11,1,274,-3,11,4,271,-3
301,19,11,1,274,-3,11,4,271,-3
301,20,11,9,266,0,11,9,266,0
301,21,11,9,266,0,11,9,266,0
301,22,11,9,266,0,11,9,266,0
301,23,3,11,64,0,3,11,64,0
301,24,11,4,271,-5,11,9,266,-5
301,25,11,4,271,-5,11,9,266,-5
301,26,11,4,271,-5,11,9,266,-5
301,27,11,10,265,6,11,4,271,6
301,28,11,10,265,6,11,4,271,6
301,29,11,7,268,-10,11,17,258,-10
301,30,11,7,268,-10,11,17,258,-10
301,31,11,7,268,-10,11,17,258,-10
301,32,11,8,267,8,11,0,275,8
301,33,11,8,267,8,11,0,275,8
301,34,11,8,267,-1,11,9,266,-1
301,35,11,8,267,-1,11,9,266,-1
301,36,11,4,271,10,12,19,281,10
301,37,11,4,271,10,12,19,281,10
301,38,11,4,271,10,12,19,281,10
301,39,11,4,271,10,12,19,281,10
301,40,11,4,271,10,12,19,281,10
301,41,11,10,265,-9,11,19,256,-9
301,42,11,10,265,-9,11,19,256,-9
301,43,11,10,265,-9,11,19,256,-9
301,44,11,7,268,-8,11,15,260,-8
301,45,11,7,268,-8,11,15,260,-8
301,46,11,7,268,-8,11,15,260,-8
301,47,3,12,63,0,3,12,63,0
301,48,3,12,63,0,3,12,63,0
301,49,3,12,63,0,3,12,63,0
301,50,3,12,63,0,3,12,63,0
301,51,11,7,268,4,11,3,272,4
301,52,11,7,268,4,11,3,272,4
301,53,11,6,269,-4,11,10,265,-4
301,54,11,6,269,-4,11,10,265,-4
301,55,11,4,271,10,12,19,281,10
301,56,11,4,271,10,12,19,281,10
301,57,11,8,267,-5,11,13,262,-5
301,58,11,8,267,-5,11,13,262,-5
301,59,3,12,63,0,3,12,63,0
301,60,11,9,266,-3,11,12,263,-3
301,61,11,9,266,-3,11,12,263,-3
301,62,11,9,266,-3,11,12,263,-3
301,63,11,9,266,6,11,3,272,6
301,64,11,9,266,6,11,3,272,6
301,65,11,8,267,-4,11,12,263,-4
301,66,11,8,267,-4,11,12,263,-4
301,67,11,8,267,-4,11,12,263,-4
301,68,3,12,63,0,3,12,63,0
301,69,3,12,63,0,3,12,63,0
301,70,3,12,63,0,3,12,63,0
301,71,3,12,63,0,3,12,63,0
301,72,11,6,269,-2,11,8,267,-2
301,73,11,6,269,-2,11,8,267,-2
301,74,11,5,270,8,12,22,278,8
301,75,11,5,270,8,12,22,278,8
301,76,11,6,269,-9,11,15,260,-9
301,77,11,6,269,-9,11,15,260,-9
301,78,11,7,268,-5,11,12,263,-5
301,79,11,7,268,-5,11,12,263,-5
301,80,11,9,266,-4,11,13,262,-4
301,81,11,9,266,-4,11,13,262,-4
301,82,11,9,266,-4,11,13,262,-4
301,83,3,12,63,0,3,12,63,0
301,84,11,4,271,-10,11,14,261,-10
301,85,11,4,271,-10,11,14,261,-10
301,86,11,4,271,-10,11,14,261,-10
301,87,11,7,268,-9,11,16,259,-9
301,88,11,7,268,-9,11,16,259,-9
301,89,11,9,266,7,11,2,273,7
301,90,11,9,266,7,11,2,273,7
301,91,11,9,266,7,11,2,273,7
301,92,11,8,267,0,11,8,267,0
301,93,11,8,267,0,11,8,267,0
301,94,11,9,266,2,11,7,268,2
301,95,11,9,266,2,11,7,268,2
302,0,11,4,271,3,11,1,274,3
302,1,11,4,271,3,11,1,274,3
302,2,11,5,270,7,12,23,277,7
302,3,11,5,270,7,12,23,277,7
302,4,11,1,274,10,12,16,284,10
302,5,11,1,274,10,12,16,284,10
302,6,11,5,270,8,12,22,278,8
302,7,11,5,270,8,12,22,278,8
302,8,11,7,268,-6,11,13,262,-6
302,9,11,7,268,-6,11,13,262,-6
302,10,11,10,265,-8,11,18,257,-8
302,11,11,10,265,-8,11,18,257,-8
302,12,11,5,270,4,11,1,274,4
302,13,11,5,270,4,11,1,274,4
302,14,11,5,270,4,11,1,274,4
302,15,11,8,267,-7,11,15,260,-7
302,16,11,8,267,-7,11,15,260,-7
302,17,11,3,272,-4,11,7,268,-4
302,18,11,3,272,-4,11,7,268,-4
302,19,11,4,271,5,12,24,276,5
302,20,11,4,271,5,12,24,276,5
302,21,11,9,266,-2,11,11,264,-2
302,22,11,9,266,-2,11,11,264,-2
302,23,11,9,266,-2,11,11,264,-2
302,24,11,3,272,9,12,19,281,9
302,25,11,3,272,9,12,19,281,9
302,26,11,7,268,1,11,6,269,1
302,27,11,7,268,1,11,6,269,1
302,28,11,6,269,7,12,24,276,7
302,29,11,6,269,7,12,24,276,7
302,30,11,4,271,-9,11,13,262,-9
302,31,11,4,271,-9,11,13,262,-9
302,32,11,4,271,-9,11,13,262,-9
302,33,3,11,64,0,3,11,64,0
302,34,3,11,64,0,3,11,64,0
302,35,3,11,64,0,3,11,64,0
302,36,11,6,269,6,11,0,275,6
302,37,11,6,269,6,11,0,275,6
302,38,11,7,268,1,11,6,269,1
302,39,11,7,268,1,11,6,269,1
302,40,11,7,268,1,11,6,269,1
302,41,11,6,269,5,11,1,274,5
302,42,11,6,269,5,11,1,274,5
302,43,11,6,269,9,12,22,278,9
302,44,11,6,269,9,12,22,278,9
302,45,11,7,268,3,11,4,271,3
302,46,11,7,268,3,11,4,271,3
302,47,11,7,268,3,11,4,271,3
302,48,11,9,266,4,11,5,270,4
302,49,11,9,266,4,11,5,270,4
302,50,11,9,266,4,11,5,270,4
302,51,11,4,271,10,12,19,281,10
302,52,11,4,271,10,12,19,281,10
302,53,11,4,271,10,12,19,281,10
302,54,11,8,267,0,11,8,267,0
302,55,11,8,267,0,11,8,267,0
302,56,11,8,267,0,11,8,267,0
302,57,11,9,266,0,11,9,266,0
302,58,11,9,266,0,11,9,266,0
302,59,3,12,63,0,3,12,63,0
302,60,11,6,269,7,12,24,276,7
302,61,11,6,269,7,12,24,276,7
302,62,11,7,268,-9,11,16,259,-9
302,63,11,7,268,-9,11,16,259,-9
302,64,11,6,269,8,12,23,277,8
302,65,11,6,269,8,12,23,277,8
302,66,11,6,269,9,12,22,278,9
302,67,11,6,269,9,12,22,278,9
302,68,3,12,63,0,3,12,63,0
302,69,3,12,63,0,3,12,63,0
302,70,11,11,264,-4,11,15,260,-4
302,71,11,11,264,-4,11,15,260,-4
302,72,11,10,265,0,11,10,265,0
302,73,11,10,265,0,11,10,265,0
302,74,11,10,265,0,11,10,265,0
302,75,11,9,266,4,11,5,270,4
302,76,11,9,266,4,11,5,270,4
302,77,11,5,270,-6,11,11,264,-6
302,78,11,5,270,-6,11,11,264,-6
302,79,11,5,270,-5,11,10,265,-5
302,80,11,5,270,-5,11,10,265,-5
302,81,11,9,266,8,11,1,274,8
302,82,11,9,266,8,11,1,274,8
302,83,11,8,267,8,11,0,275,8
302,84,11,7,268,5,11,2,273,5
302,85,11,7,268,5,11,2,273,5
302,86,11,7,268,9,12,23,277,9
302,87,11,7,268,9,12,23,277,9
302,88,11,5,270,-9,11,14,261,-9
302,89,11,5,270,-9,11,14,261,-9
302,90,11,9,266,-4,11,13,262,-4
302,91,11,9,266,-4,11,13,262,-4
302,92,11,9,266,-4,11,13,262,-4
302,93,3,13,62,0,3,13,62,0
302,94,11,10,265,9,11,1,274,9
302,95,11,10,265,9,11,1,274,9
303,0,11,6,269,-5,11,11,264,-5
303,1,11,6,269,-5,11,11,264,-5
303,2,11,5,270,1,11,4,271,1
303,3,11,5,270,1,11,4,271,1
303,4,11,5,270,1,11,4,271,1
303,5,11,4,271,0,11,4,271,0
303,6,11,4,271,0,11,4,271,0
303,7,11,5,270,9,12,21,279,9
303,8,11,5,270,9,12,21,279,9
303,9,11,8,267,-8,11,16,259,-8
303,10,11,8,267,-8,11,16,259,-8
303,11,11,8,267,-8,11,16,259,-8
303,12,4,10,90,0,4,10,90,0
303,13,4,10,90,0,4,10,90,0
303,14,4,10,90,0,4,10,90,0
303,15,4,10,90,0,4,10,90,0
303,16,4,10,90,0,4,10,90,0
303,17,4,10,90,0,4,10,90,0
303,18,4,10,90,0,4,10,90,0
303,19,4,10,90,0,4,10,90,0
303,20,4,10,90,0,4,10,90,0
303,21,4,10,90,0,4,10,90,0
303,22,4,10,90,0,4,10,90,0
303,23,4,10,90,0,4,10,90,0
303,24,12,24,276,0,12,24,276,0
303,25,12,24,276,0,12,24,276,0
303,26,12,24,276,0,12,24,276,0
303,27,11,6,269,9,12,22,278,9
303,28,11,6,269,9,12,22,278,9
303,29,11,6,269,9,12,22,278,9
303,30,11,5,270,-5,11,10,265,-5
303,31,11,5,270,-5,11,10,265,-5
303,32,11,5,270,8,12,22,278,8
303,33,11,5,270,2,11,3,272,2
303,34,11,5,270,2,11,3,272,2
303,35,11,5,270,8,12,22,278,8
303,36,11,6,269,-7,11,13,262,-7
303,37,11,6,269,-7,11,13,262,-7
303,38,12,23,277,0,12,23,277,0
303,39,12,23,277,0,12,23,277,0
303,40,11,6,269,-4,11,10,265,-4
303,41,11,6,269,-4,11,10,265,-4
303,42,11,8,267,3,11,5,270,3
303,43,11,8,267,3,11,5,270,3
303,44,11,8,267,-7,11,15,260,-7
303,45,11,8,267,-7,11,15,260,-7
303,46,12,24,276,0,12,24,276,0
303,47,12,24,276,0,12,24,276,0
303,48,12,24,276,0,12,24,276,0
303,49,3,11,64,0,3,11,64,0
303,50,3,11,64,0,3,11,64,0
303,51,11,0,275,0,11,0,275,0
303,52,11,0,275,0,11,0,275,0
303,53,3,11,64,0,3,11,64,0
303,54,3,11,64,0,3,11,64,0
303,55,11,1,274,0,11,1,274,0
303,56,12,24,276,0,12,24,276,0
303,57,11,0,275,0,11,0,275,0
303,58,11,0,275,0,11,0,275,0
303,59,11,0,275,0,11,0,275,0
303,60,11,7,268,-6,11,13,262,-6
303,61,11,7,268,-6,11,13,262,-6
303,62,12,24,276,0,12,24,276,0
303,63,12,24,276,0,12,24,276,0
303,64,11,7,268,9,12,23,277,9
303,65,11,7,268,9,12,23,277,9
303,66,12,24,276,0,12,24,276,0
303,67,12,24,276,0,12,24,276,0
303,68,12,24,276,0,12,24,276,0
303,69,11,7,268,-6,11,13,262,-6
303,70,12,24,276,0,12,24,276,0
303,71,12,24,276,0,12,24,276,0
303,72,11,7,268,-6,11,13,262,-6
303,73,11,7,268,-6,11,13,262,-6
303,74,11,4,271,-3,11,7,268,-3
303,75,11,4,271,-3,11,7,268,-3
303,76,11,4,271,-3,11,7,268,-3
303,77,11,4,271,-8,11,12,263,-8
303,78,11,4,271,-8,11,12,263,-8
303,79,11,5,270,-8,11,13,262,-8
303,80,11,5,270,-8,11,13,262,-8
303,81,11,8,267,-5,11,13,262,-5
303,82,11,8,267,-5,11,13,262,-5
303,83,11,8,267,-5,11,13,262,-5
303,84,11,7,268,10,12,22,278,10
303,85,11,7,268,10,12,22,278,10
303,86,11,7,268,10,12,22,278,10
303,87,11,3,272,-10,11,13,262,-10
303,88,11,3,272,-10,11,13,262,-10
303,89,11,4,271,-10,11,14,261,-10
303,90,11,7,268,9,12,23,277,9
303,91,11,7,268,9,12,23,277,9
303,92,11,7,268,9,12,23,277,9
303,93,11,7,268,4,11,3,272,4
303,94,11,7,268,4,11,3,272,4
303,95,3,12,63,0,3,12,63,0
304,0,11,7,268,4,11,3,272,4
304,1,11,7,268,4,11,3,272,4
304,2,11,7,268,4,11,3,272,4
304,3,11,9,266,-6,11,15,260,-6
304,4,11,9,266,-6,11,15,260,-6
304,5,11,8,267,-7,11,15,260,-7
304,6,11,8,267,-7,11,15,260,-7
304,7,11,8,267,-7,11,15,260,-7
304,8,3,10,65,0,3,10,65,0
304,9,3,10,65,0,3,10,65,0
304,10,3,10,65,0,3,10,65,0
304,11,3,10,65,0,3,10,65,0
304,12,11,7,268,-5,11,12,263,-5
304,13,11,7,268,-5,11,12,263,-5
304,14,11,9,266,5,11,4,271,5
304,15,11,9,266,5,11,4,271,5
304,16,11,6,269,-5,11,11,264,-5
304,17,11,6,269,-5,11,11,264,-5
304,18,11,5,270,0,11,5,270,0
304,19,11,5,270,0,11,5,270,0
304,20,11,10,265,3,11,7,268,3
304,21,11,10,265,3,11,7,268,3
304,22,11,10,265,3,11,7,268,3
304,23,3,11,64,0,3,11,64,0
304,24,11,6,269,6,11,0,275,6
304,25,11,6,269,6,11,0,275,6
304,26,11,6,269,6,11,0,275,6
304,27,11,9,266,4,11,5,270,4
304,28,11,9,266,4,11,5,270,4
304,29,11,9,266,-9,11,18,257,-9
304,30,11,9,266,-9,11,18,257,-9
304,31,11,9,266,-9,11,18,257,-9
304,32,11,9,266,1,11,8,267,1
304,33,11,9,266,1,11,8,267,1
304,34,11,11,264,5,11,6,269,5
304,35,11,11,264,5,11,6,269,5
304,36,11,7,268,10,12,22,278,10
304,37,11,7,268,10,12,22,278,10
304,38,11,7,268,10,12,22,278,10
304,39,11,6,269,7,12,24,276,7
304,40,11,6,269,7,12,24,276,7
304,41,11,11,264,6,11,5,270,6
304,42,11,11,264,6,11,5,270,6
304,43,11,11,264,6,11,5,270,6
304,44,11,9,266,9,11,0,275,9
304,45,11,9,266,9,11,0,275,9
304,46,11,9,266,9,11,0,275,9
304,47,3,11,64,0,3,11,64,0
304,48,3,12,63,0,3,12,63,0
304,49,3,12,63,0,3,12,63,0
304,50,3,12,63,0,3,12,63,0
304,51,11,11,264,-4,11,15,260,-4
304,52,11,10,265,-4,11,14,261,-4
304,53,11,5,270,-4,11,9,266,-4
304,54,11,5,270,-4,11,9,266,-4
304,55,11,8,267,8,11,0,275,8
304,56,11,8,267,8,11,0,275,8
304,57,11,8,267,9,12,24,276,9
304,58,11,8,267,9,12,24,276,9
304,59,3,12,63,0,3,12,63,0
304,60,11,11,264,-6,11,17,258,-6
304,61,11,11,264,-6,11,17,258,-6
304,62,11,11,264,-6,11,17,258,-6
304,63,11,9,266,3,11,6,269,3
304,64,11,9,266,3,11,6,269,3
304,65,11,11,264,-9,11,20,255,-9
304,66,11,11,264,-9,11,20,255,-9
304,67,11,11,264,-9,11,20,255,-9
304,68,3,12,63,0,3,12,63,0
304,69,3,12,63,0,3,12,63,0
304,70,3,12,63,0,3,12,63,0
304,71,3,12,63,0,3,12,63,0
304,72,11,5,270,6,12,24,276,6
304,73,11,5,270,6,12,24,276,6
304,74,11,7,268,9,12,23,277,9
304,75,11,7,268,9,12,23,277,9
304,76,11,5,270,-3,11,8,267,-3
304,77,11,5,270,-3,11,8,267,-3
304,78,11,8,267,-2,11,10,265,-2
304,79,11,8,267,-2,11,10,265,-2
304,80,11,12,263,1,11,11,264,1
304,81,11,12,263,1,11,11,264,1
304,82,11,12,263,1,11,11,264,1
304,83,3,12,63,0,3,12,63,0
304,84,11,1,274,0,11,1,274,0
304,85,11,2,273,0,11,2,273,0
304,86,11,2,273,0,11,2,273,0
304,87,11,7,268,-1,11,8,267,-1
304,88,11,7,268,-1,11,8,267,-1
304,89,11,12,263,7,11,5,270,7
304,90,11,12,263,7,11,5,270,7
304,91,11,12,263,7,11,5,270,7
304,92,11,11,264,-10,11,21,254,-10
304,93,11,11,264,-10,11,21,254,-10
304,94,11,13,262,0,11,13,262,0
304,95,11,13,262,0,11,13,262,0
305,0,11,11,264,0,11,11,264,0
305,1,11,11,264,0,11,11,264,0
305,2,11,11,264,0,11,11,264,0
305,3,11,7,268,-8,11,15,260,-8
305,4,11,7,268,-8,11,15,260,-8
305,5,11,10,265,6,11,4,271,6
305,6,11,9,266,6,11,3,272,6
305,7,11,9,266,6,11,3,272,6
305,8,11,13,262,6,11,7,268,6
305,9,11,13,262,6,11,7,268,6
305,10,11,13,262,6,11,7,268,6
305,11,3,9,66,0,3,9,66,0
305,12,4,10,90,0,4,10,90,0
305,13,4,10,90,0,4,10,90,0
305,14,4,10,90,0,4,10,90,0
305,15,4,10,90,0,4,10,90,0
305,16,4,10,90,0,4,10,90,0
305,17,4,10,90,0,4,10,90,0
305,18,4,10,90,0,4,10,90,0
305,19,4,10,90,0,4,10,90,0
305,20,4,10,90,0,4,10,90,0
305,21,4,10,90,0,4,10,90,0
305,22,4,10,90,0,4,10,90,0
305,23,4,10,90,0,4,10,90,0
305,24,3,10,65,0,3,10,65,0
305,25,3,10,65,0,3,10,65,0
305,26,3,10,65,0,3,10,65,0
305,27,11,12,263,2,11,10,265,2
305,28,11,12,263,2,11,10,265,2
305,29,11,11,264,9,11,2,273,9
305,30,11,11,264,9,11,2,273,9
305,31,11,9,266,5,11,4,271,5
305,32,11,9,266,5,11,4,271,5
305,33,11,13,262,8,11,5,270,8
305,34,11,13,262,8,11,5,270,8
305,35,3,10,65,0,3,10,65,0
305,36,11,15,260,-7,11,22,253,-7
305,37,11,15,260,-7,11,22,253,-7
305,38,11,15,260,-7,11,22,253,-7
305,39,11,10,265,0,11,10,265,0
305,40,11,10,265,0,11,10,265,0
305,41,11,11,264,4,11,7,268,4
305,42,11,11,264,4,11,7,268,4
305,43,11,11,264,4,11,7,268,4
305,44,3,10,65,0,3,10,65,0
305,45,3,10,65,0,3,10,65,0
305,46,3,10,65,0,3,10,65,0
305,47,3,10,65,0,3,10,65,0
305,48,11,10,265,-10,11,20,255,-10
305,49,11,10,265,-10,11,20,255,-10
305,50,11,12,263,-1,11,13,262,-1
305,51,11,12,263,-1,11,13,262,-1
305,52,11,9,266,10,12,24,276,10
305,53,11,9,266,10,12,24,276,10
305,54,11,11,264,10,11,1,274,10
305,55,11,11,264,10,11,1,274,10
305,56,11,15,260,9,11,6,269,9
305,57,11,15,260,9,11,6,269,9
305,58,11,15,260,9,11,6,269,9
305,59,3,10,65,0,3,10,65,0
305,60,11,12,263,7,11,5,270,7
305,61,11,12,263,7,11,5,270,7
305,62,11,12,263,7,11,5,270,7
305,63,11,13,262,7,11,6,269,7
305,64,11,13,262,7,11,6,269,7
305,65,11,14,261,-6,11,20,255,-6
305,66,11,14,261,-6,11,20,255,-6
305,67,11,14,261,-6,11,20,255,-6
305,68,11,11,264,-10,11,21,254,-10
305,69,11,11,264,-10,11,21,254,-10
305,70,11,12,263,5,11,7,268,5
305,71,11,12,263,5,11,7,268,5
305,72,11,11,264,-4,11,15,260,-4
305,73,11,11,264,-4,11,15,260,-4
305,74,11,11,264,-4,11,15,260,-4
305,75,11,11,264,10,11,1,274,10
305,76,11,11,264,10,11,1,274,10
305,77,11,13,262,6,11,7,268,6
305,78,11,13,262,6,11,7,268,6
305,79,11,13,262,6,11,7,268,6
305,80,11,14,261,-7,11,21,254,-7
305,81,11,14,261,-7,11,21,254,-7
305,82,11,14,261,-7,11,21,254,-7
305,83,3,11,64,0,3,11,64,0
305,84,3,12,63,0,3,12,63,0
305,85,3,12,63,0,3,12,63,0
305,86,3,12,63,0,3,12,63,0
305,87,11,0,275,0,11,0,275,0
305,88,11,0,275,0,11,0,275,0
305,89,11,9,266,-4,11,13,262,-4
305,90,11,9,266,-4,11,13,262,-4
305,91,11,11,264,3,11,8,267,3
305,92,11,11,264,3,11,8,267,3
305,93,11,13,262,4,11,9,266,4
305,94,11,13,262,4,11,9,266,4
305,95,3,12,63,0,3,12,63,0
306,0,11,6,269,-3,11,9,266,-3
306,1,11,6,269,-3,11,9,266,-3
306,2,11,9,266,8,11,1,274,8
306,3,11,9,266,8,11,1,274,8
306,4,11,3,272,3,11,0,275,3
306,5,11,3,272,3,11,0,275,3
306,6,11,5,270,-3,11,8,267,-3
306,7,11,5,270,-3,11,8,267,-3
306,8,3,11,64,0,3,11,64,0
306,9,3,11,64,0,3,11,64,0
306,10,11,11,264,-8,11,19,256,-8
306,11,11,11,264,-8,11,19,256,-8
306,12,11,9,266,7,11,2,273,7
306,13,11,9,266,7,11,2,273,7
306,14,11,9,266,7,11,2,273,7
306,15,11,9,266,-2,11,11,264,-2
306,16,11,9,266,-2,11,11,264,-2
306,17,11,3,272,-3,11,6,269,-3
306,18,11,3,272,-3,11,6,269,-3
306,19,11,4,271,2,11,2,273,2
306,20,11,4,271,2,11,2,273,2
306,21,11,10,265,-2,11,12,263,-2
306,22,11,10,265,-2,11,12,263,-2
306,23,11,10,265,-2,11,12,263,-2
306,24,11,7,268,-5,11,12,263,-5
306,25,11,7,268,-5,11,12,263,-5
306,26,11,10,265,-5,11,15,260,-5
306,27,11,10,265,-5,11,15,260,-5
306,28,11,8,267,-7,11,15,260,-7
306,29,11,8,267,-7,11,15,260,-7
306,30,11,11,264,3,11,8,267,3
306,31,11,11,264,3,11,8,267,3
306,32,11,11,264,3,11,8,267,3
306,33,3,11,64,0,3,11,64,0
306,34,11,10,265,10,11,0,275,10
306,35,11,10,265,10,11,0,275,10
306,36,11,8,267,3,11,5,270,3
306,37,11,8,267,3,11,5,270,3
306,38,11,8,267,2,11,6,269,2
306,39,11,8,267,2,11,6,269,2
306,40,11,8,267,2,11,6,269,2
306,41,11,6,269,3,11,3,272,3
306,42,11,6,269,3,11,3,272,3
306,43,11,8,267,-4,11,12,263,-4
306,44,11,8,267,-4,11,12,263,-4
306,45,11,9,266,-5,11,14,261,-5
306,46,11,9,266,-5,11,14,261,-5
306,47,11,9,266,-5,11,14,261,-5
306,48,11,10,265,-2,11,12,263,-2
306,49,11,10,265,-2,11,12,263,-2
306,50,11,10,265,-2,11,12,263,-2
306,51,11,8,267,-5,11,13,262,-5
306,52,11,8,267,-5,11,13,262,-5
306,53,11,8,267,-5,11,13,262,-5
306,54,11,9,266,-8,11,17,258,-8
306,55,11,9,266,-8,11,17,258,-8
306,56,11,8,267,2,11,6,269,2
306,57,11,8,267,2,11,6,269,2
306,58,11,9,266,-8,11,17,258,-8
306,59,3,12,63,0,3,12,63,0
306,60,11,6,269,-9,11,15,260,-9
306,61,11,6,269,-9,11,15,260,-9
306,62,11,9,266,5,11,4,271,5
306,63,11,9,266,5,11,4,271,5
306,64,11,5,270,-6,11,11,264,-6
306,65,11,5,270,-6,11,11,264,-6
306,66,11,10,265,-10,11,20,255,-10
306,67,11,10,265,-10,11,20,255,-10
306,68,3,12,63,0,3,12,63,0
306,69,3,12,63,0,3,12,63,0
306,70,11,12,263,3,11,9,266,3
306,71,11,12,263,3,11,9,266,3
306,72,11,9,266,-6,11,15,260,-6
306,73,11,9,266,-6,11,15,260,-6
306,74,11,10,265,-6,11,16,259,-6
306,75,11,8,267,-1,11,9,266,-1
306,76,11,8,267,-1,11,9,266,-1
306,77,11,6,269,3,11,3,272,3
306,78,11,6,269,3,11,3,272,3
306,79,11,5,270,-8,11,13,262,-8
306,80,11,5,270,-8,11,13,262,-8
306,81,11,10,265,3,11,7,268,3
306,82,11,10,265,3,11,7,268,3
306,83,11,10,265,3,11,7,268,3
306,84,11,9,266,-8,11,17,258,-8
306,85,11,10,265,-8,11,18,257,-8
306,86,11,10,265,9,11,1,274,9
306,87,11,10,265,9,11,1,274,9
306,88,11,9,266,10,12,24,276,10
306,89,11,9,266,10,12,24,276,10
306,90,11,11,264,6,11,5,270,6
306,91,11,11,264,6,11,5,270,6
306,92,11,11,264,6,11,5,270,6
306,93,3,13,62,0,3,13,62,0
306,94,11,9,266,-6,11,15,260,-6
306,95,11,9,266,-6,11,15,260,-6
307,0,11,6,269,-5,11,11,264,-5
307,1,11,6,269,-5,11,11,264,-5
307,2,11,6,269,-5,11,11,264,-5
307,3,11,6,269,-5,11,11,264,-5
307,4,11,6,269,-5,11,11,264,-5
307,5,11,8,267,-8,11,16,259,-8
307,6,11,8,267,-8,11,16,259,-8
307,7,11,5,270,6,12,24,276,6
307,8,11,5,270,6,12,24,276,6
307,9,11,9,266,-6,11,15,260,-6
307,10,11,9,266,-6,11,15,260,-6
307,11,11,9,266,-6,11,15,260,-6
307,12,4,11,89,0,4,11,89,0
307,13,4,11,89,0,4,11,89,0
307,14,4,11,89,0,4,11,89,0
307,15,4,11,89,0,4,11,89,0
307,16,4,11,89,0,4,11,89,0
307,17,4,11,89,0,4,11,89,0
307,18,4,11,89,0,4,11,89,0
307,19,4,11,89,0,4,11,89,0
307,20,4,11,89,0,4,11,89,0
307,21,4,11,89,0,4,11,89,0
307,22,4,11,89,0,4,11,89,0
307,23,4,11,89,0,4,11,89,0
307,24,11,11,264,4,11,7,268,4
307,25,11,11,264,4,11,7,268,4
307,26,11,11,264,4,11,7,268,4
307,27,11,7,268,-7,11,14,261,-7
307,28,11,7,268,-7,11,14,261,-7
307,29,11,7,268,-7,11,14,261,-7
307,30,11,10,265,2,11,8,267,2
307,31,11,10,265,2,11,8,267,2
307,32,11,10,265,2,11,8,267,2
307,33,11,8,267,9,12,24,276,9
307,34,11,8,267,9,12,24,276,9
307,35,3,10,65,0,3,10,65,0
307,36,11,8,267,-8,11,16,259,-8
307,37,11,9,266,-8,11,17,258,-8
307,38,11,9,266,-9,11,18,257,-9
307,39,11,9,266,-9,11,18,257,-9
307,40,11,5,270,-6,11,11,264,-6
307,41,11,5,270,-6,11,11,264,-6
307,42,11,10,265,-1,11,11,264,-1
307,43,11,10,265,-1,11,11,264,-1
307,44,3,10,65,0,3,10,65,0
307,45,3,10,65,0,3,10,65,0
307,46,11,12,263,-5,11,17,258,-5
307,47,11,12,263,-5,11,17,258,-5
307,48,11,10,265,8,11,2,273,8
307,49,11,10,265,8,11,2,273,8
307,50,11,10,265,8,11,2,273,8
307,51,11,8,267,1,11,7,268,1
307,52,11,8,267,1,11,7,268,1
307,53,11,6,269,-3,11,9,266,-3
307,54,11,6,269,-3,11,9,266,-3
307,55,11,8,267,-9,11,17,258,-9
307,56,11,8,267,-9,11,17,258,-9
307,57,11,12,263,10,11,2,273,10
307,58,11,12,263,10,11,2,273,10
307,59,11,12,263,10,11,2,273,10
307,60,11,6,269,1,11,5,270,1
307,61,11,6,269,1,11,5,270,1
307,62,11,9,266,0,11,9,266,0
307,63,11,9,266,0,11,9,266,0
307,64,11,7,268,-8,11,15,260,-8
307,65,11,7,268,-8,11,15,260,-8
307,66,11,11,264,-7,11,18,257,-7
307,67,11,12,263,-7,11,19,256,-7
307,68,11,12,263,-7,11,19,256,-7
307,69,3,11,64,0,3,11,64,0
307,70,11,11,264,-8,11,19,256,-8
307,71,11,11,264,-8,11,19,256,-8
307,72,11,6,269,-9,11,15,260,-9
307,73,11,6,269,-9,11,15,260,-9
307,74,11,7,268,-2,11,9,266,-2
307,75,11,7,268,-2,11,9,266,-2
307,76,11,7,268,-2,11,9,266,-2
307,77,11,7,268,-6,11,13,262,-6
307,78,11,6,269,-6,11,12,263,-6
307,79,11,6,269,-3,11,9,266,-3
307,80,11,6,269,-3,11,9,266,-3
307,81,11,8,267,9,12,24,276,9
307,82,11,8,267,9,12,24,276,9
307,83,11,8,267,9,12,24,276,9
307,84,11,10,265,-1,11,11,264,-1
307,85,11,10,265,-1,11,11,264,-1
307,86,11,10,265,-1,11,11,264,-1
307,87,11,8,267,4,11,4,271,4
307,88,11,8,267,4,11,4,271,4
307,89,11,8,267,4,11,4,271,4
307,90,11,8,267,6,11,2,273,6
307,91,11,8,267,6,11,2,273,6
307,92,11,8,267,6,11,2,273,6
307,93,11,9,266,6,11,3,272,6
307,94,11,9,266,6,11,3,272,6
307,95,3,12,63,0,3,12,63,0
308,0,10,10,240,-9,10,19,231,-9
308,1,10,10,240,-9,10,19,231,-9
308,2,10,10,240,-9,10,19,231,-9
308,3,10,6,244,10,11,21,254,10
308,4,10,5,245,10,11,20,255,10
308,5,10,8,242,3,10,5,245,3
308,6,10,8,242,3,10,5,245,3
308,7,10,8,242,3,10,5,245,3
308,8,10,11,239,-5,10,16,234,-5
308,9,10,11,239,-5,10,16,234,-5
308,10,10,11,239,-5,10,16,234,-5
308,11,2,8,42,0,2,8,42,0
308,12,3,10,65,0,3,10,65,0
308,13,3,10,65,0,3,10,65,0
308,14,3,10,65,0,3,10,65,0
308,15,3,10,65,0,3,10,65,0
308,16,3,10,65,0,3,10,65,0
308,17,3,10,65,0,3,10,65,0
308,18,3,10,65,0,3,10,65,0
308,19,3,10,65,0,3,10,65,0
308,20,3,10,65,0,3,10,65,0
308,21,3,10,65,0,3,10,65,0
308,22,3,10,65,0,3,10,65,0
308,23,3,10,65,0,3,10,65,0
308,24,2,9,41,0,2,9,41,0
308,25,2,9,41,0,2,9,41,0
308,26,2,9,41,0,2,9,41,0
308,27,10,7,243,1,10,6,244,1
308,28,10,7,243,1,10,6,244,1
308,29,10,8,242,6,10,2,248,6
308,30,10,8,242,6,10,2,248,6
308,31,10,7,243,6,10,1,249,6
308,32,10,7,243,6,10,1,249,6
308,33,10,10,240,-9,10,19,231,-9
308,34,10,10,240,-9,10,19,231,-9
308,35,2,9,41,0,2,9,41,0
308,36,10,13,237,-6,10,19,231,-6
308,37,10,13,237,-6,10,19,231,-6
308,38,10,13,237,-6,10,19,231,-6
308,39,10,10,240,-3,10,13,237,-3
308,40,10,10,240,-3,10,13,237,-3
308,41,10,9,241,-7,10,16,234,-7
308,42,10,8,242,-7,10,15,235,-7
308,43,10,8,242,-7,10,15,235,-7
308,44,2,9,41,0,2,9,41,0
308,45,2,9,41,0,2,9,41,0
308,46,2,9,41,0,2,9,41,0
308,47,2,8,42,0,2,8,42,0
308,48,10,9,241,5,10,4,246,5
308,49,10,9,241,5,10,4,246,5
308,50,10,9,241,6,10,3,247,6
308,51,10,9,241,6,10,3,247,6
308,52,10,7,243,4,10,3,247,4
308,53,10,7,243,4,10,3,247,4
308,54,10,10,240,7,10,3,247,7
308,55,10,10,240,7,10,3,247,7
308,56,10,12,238,4,10,8,242,4
308,57,10,12,238,4,10,8,242,4
308,58,10,12,238,4,10,8,242,4
308,59,2,9,41,0,2,9,41,0
308,60,10,10,240,-7,10,17,233,-7
308,61,10,10,240,-7,10,17,233,-7
308,62,10,10,240,-7,10,17,233,-7
308,63,10,10,240,10,10,0,250,10
308,64,10,10,240,10,10,0,250,10
308,65,10,11,239,-9,10,20,230,-9
308,66,10,11,239,-9,10,20,230,-9
308,67,10,11,239,-9,10,20,230,-9
308,68,10,9,241,-4,10,13,237,-4
308,69,10,9,241,-4,10,13,237,-4
308,70,10,11,239,-7,10,18,232,-7
308,71,10,11,239,-7,10,18,232,-7
308,72,2,14,36,0,2,14,36,0
308,73,2,15,35,0,2,15,35,0
308,74,2,14,36,0,2,14,36,0
308,75,10,8,242,-5,10,13,237,-5
308,76,10,8,242,-5,10,13,237,-5
308,77,10,11,239,-9,10,20,230,-9
308,78,10,11,239,-9,10,20,230,-9
308,79,10,11,239,-9,10,20,230,-9
308,80,10,12,238,1,10,11,239,1
308,81,10,12,238,1,10,11,239,1
308,82,10,12,238,1,10,11,239,1
308,83,2,10,40,0,2,10,40,0
308,84,2,10,40,0,2,10,40,0
308,85,2,10,40,0,2,10,40,0
308,86,2,10,40,0,2,10,40,0
308,87,10,13,237,-6,10,19,231,-6
308,88,10,13,237,-6,10,19,231,-6
308,89,10,7,243,-6,10,13,237,-6
308,90,10,7,243,-6,10,13,237,-6
308,91,10,11,239,4,10,7,243,4
308,92,10,11,239,4,10,7,243,4
308,93,10,11,239,-1,10,12,238,-1
308,94,10,11,239,-1,10,12,238,-1
308,95,2,10,40,0,2,10,40,0
309,0,10,8,242,10,11,23,252,10
309,1,10,8,242,10,11,23,252,10
309,2,10,8,242,10,11,23,252,10
309,3,10,8,242,-2,10,10,240,-2
309,4,10,8,242,-2,10,10,240,-2
309,5,10,5,245,-2,10,7,243,-2
309,6,10,5,245,-2,10,7,243,-2
309,7,10,5,245,-2,10,7,243,-2
309,8,2,9,41,0,2,9,41,0
309,9,2,9,41,0,2,9,41,0
309,10,2,9,41,0,2,9,41,0
309,11,2,9,41,0,2,9,41,0
309,12,10,5,245,9,11,21,254,9
309,13,10,5,245,9,11,21,254,9
309,14,10,5,245,-7,10,12,238,-7
309,15,10,5,245,-7,10,12,238,-7
309,16,10,5,245,-9,10,14,236,-9
309,17,10,5,245,-9,10,14,236,-9
309,18,10,3,247,-2,10,5,245,-2
309,19,10,3,247,-2,10,5,245,-2
309,20,10,7,243,6,10,1,249,6
309,21,10,7,243,6,10,1,249,6
309,22,10,7,243,6,10,1,249,6
309,23,2,9,41,0,2,9,41,0
309,24,10,10,240,0,10,10,240,0
309,25,10,10,240,0,10,10,240,0
309,26,10,10,240,0,10,10,240,0
309,27,10,9,241,1,10,8,242,1
309,28,10,9,241,1,10,8,242,1
309,29,10,7,243,7,10,0,250,7
309,30,10,7,243,7,10,0,250,7
309,31,10,7,243,7,10,0,250,7
309,32,10,9,241,-2,10,11,239,-2
309,33,10,9,241,-2,10,11,239,-2
309,34,10,9,241,-10,10,19,231,-10
309,35,10,9,241,-10,10,19,231,-10
309,36,10,8,242,-9,10,17,233,-9
309,37,10,8,242,-9,10,17,233,-9
309,38,10,8,242,-9,10,17,233,-9
309,39,10,6,244,-6,10,12,238,-6
309,40,10,6,244,-6,10,12,238,-6
309,41,10,8,242,-6,10,14,236,-6
309,42,10,8,242,-6,10,14,236,-6
309,43,10,8,242,-6,10,14,236,-6
309,44,10,11,239,4,10,7,243,4
309,45,10,11,239,4,10,7,243,4
309,46,10,11,239,4,10,7,243,4
309,47,2,10,40,0,2,10,40,0
309,48,2,11,39,0,2,11,39,0
309,49,2,10,40,0,2,10,40,0
309,50,2,11,39,0,2,11,39,0
309,51,10,7,243,4,10,3,247,4
309,52,10,7,243,4,10,3,247,4
309,53,10,5,245,-6,10,11,239,-6
309,54,10,4,246,-6,10,10,240,-6
309,55,10,7,243,-3,10,10,240,-3
309,56,10,7,243,-3,10,10,240,-3
309,57,10,8,242,-8,10,16,234,-8
309,58,10,8,242,-8,10,16,234,-8
309,59,2,10,40,0,2,10,40,0
309,60,10,11,239,0,10,11,239,0
309,61,10,11,239,0,10,11,239,0
309,62,10,11,239,0,10,11,239,0
309,63,10,9,241,7,10,2,248,7
309,64,10,9,241,7,10,2,248,7
309,65,10,8,242,-4,10,12,238,-4
309,66,10,7,243,-4,10,11,239,-4
309,67,10,7,243,-4,10,11,239,-4
309,68,2,11,39,0,2,11,39,0
309,69,2,11,39,0,2,11,39,0
309,70,2,11,39,0,2,11,39,0
309,71,2,11,39,0,2,11,39,0
309,72,10,6,244,-3,10,9,241,-3
309,73,10,6,244,-3,10,9,241,-3
309,74,10,8,242,9,11,24,251,9
309,75,10,8,242,9,11,24,251,9
309,76,10,7,243,2,10,5,245,2
309,77,10,7,243,2,10,5,245,2
309,78,10,6,244,-9,10,15,235,-9
309,79,10,6,244,-9,10,15,235,-9
309,80,10,10,240,9,10,1,249,9
309,81,10,10,240,9,10,1,249,9
309,82,10,10,240,9,10,1,249,9
309,83,2,11,39,0,2,11,39,0
309,84,10,8,242,2,10,6,244,2
309,85,10,8,242,2,10,6,244,2
309,86,10,8,242,2,10,6,244,2
309,87,10,7,243,6,10,1,249,6
309,88,10,7,243,6,10,1,249,6
309,89,10,9,241,8,10,1,249,8
309,90,10,9,241,8,10,1,249,8
309,91,10,9,241,8,10,1,249,8
309,92,10,10,240,0,10,10,240,0
309,93,10,10,240,0,10,10,240,0
309,94,10,10,240,10,10,0,250,10
309,95,10,10,240,10,10,0,250,10
310,0,10,11,239,1,10,10,240,1
310,1,10,11,239,1,10,10,240,1
310,2,10,11,239,1,10,10,240,1
310,3,10,10,240,-8,10,18,232,-8
310,4,10,10,240,-8,10,18,232,-8
310,5,10,10,240,-5,10,15,235,-5
310,6,10,10,240,-5,10,15,235,-5
310,7,10,10,240,-5,10,15,235,-5
310,8,2,11,39,0,2,11,39,0
310,9,2,11,39,0,2,11,39,0
310,10,2,11,39,0,2,11,39,0
310,11,2,11,39,0,2,11,39,0
310,12,10,10,240,9,10,1,249,9
310,13,10,10,240,9,10,1,249,9
310,14,10,11,239,-5,10,16,234,-5
310,15,10,11,239,-5,10,16,234,-5
310,16,10,10,240,4,10,6,244,4
310,17,10,10,240,4,10,6,244,4
310,18,10,7,243,9,11,23,252,9
310,19,10,7,243,9,11,23,252,9
310,20,10,14,236,-1,10,15,235,-1
310,21,10,14,236,-1,10,15,235,-1
310,22,10,14,236,-1,10,15,235,-1
310,23,2,12,38,0,2,12,38,0
310,24,10,8,242,-3,10,11,239,-3
310,25,10,8,242,-3,10,11,239,-3
310,26,10,8,242,-3,10,11,239,-3
310,27,10,11,239,-3,10,14,236,-3
310,28,10,12,238,-3,10,15,235,-3
310,29,10,12,238,-9,10,21,229,-9
310,30,10,12,238,-9,10,21,229,-9
310,31,10,12,238,-9,10,21,229,-9
310,32,10,11,239,6,10,5,245,6
310,33,10,11,239,6,10,5,245,6
310,34,10,13,237,9,10,4,246,9
310,35,10,13,237,9,10,4,246,9
310,36,10,11,239,-10,10,21,229,-10
310,37,10,11,239,-10,10,21,229,-10
310,38,10,11,239,-10,10,21,229,-10
310,39,10,8,242,-2,10,10,240,-2
310,40,10,8,242,-2,10,10,240,-2
310,41,10,11,239,4,10,7,243,4
310,42,10,11,239,4,10,7,243,4
310,43,10,11,239,4,10,7,243,4
310,44,10,11,239,-8,10,19,231,-8
310,45,10,11,239,-8,10,19,231,-8
310,46,10,11,239,-8,10,19,231,-8
310,47,2,12,38,0,2,12,38,0
310,48,2,13,37,0,2,13,37,0
310,49,2,12,38,0,2,12,38,0
310,50,2,12,38,0,2,12,38,0
310,51,10,10,240,-8,10,18,232,-8
310,52,10,10,240,-8,10,18,232,-8
310,53,10,10,240,-1,10,11,239,-1
310,54,10,10,240,-1,10,11,239,-1
310,55,10,8,242,10,11,23,252,10
310,56,10,8,242,10,11,23,252,10
310,57,10,9,241,-8,10,17,233,-8
310,58,10,9,241,-8,10,17,233,-8
310,59,2,12,38,0,2,12,38,0
310,60,10,13,237,-6,10,19,231,-6
310,61,10,13,237,-6,10,19,231,-6
310,62,10,13,237,-6,10,19,231,-6
310,63,10,10,240,3,10,7,243,3
310,64,10,10,240,3,10,7,243,3
310,65,10,12,238,-1,10,13,237,-1
310,66,10,11,239,-1,10,12,238,-1
310,67,10,11,239,-1,10,12,238,-1
310,68,2,13,37,0,2,13,37,0
310,69,2,13,37,0,2,13,37,0
310,70,2,13,37,0,2,13,37,0
310,71,2,13,37,0,2,13,37,0
310,72,10,11,239,-6,10,17,233,-6
310,73,10,11,239,-6,10,17,233,-6
310,74,10,8,242,-7,10,15,235,-7
310,75,10,8,242,-7,10,15,235,-7
310,76,10,11,239,-3,10,14,236,-3
310,77,10,11,239,-3,10,14,236,-3
310,78,10,9,241,-8,10,17,233,-8
310,79,10,9,241,-8,10,17,233,-8
310,80,10,12,238,10,10,2,248,10
310,81,10,12,238,10,10,2,248,10
310,82,10,11,239,10,10,1,249,10
310,83,2,13,37,0,2,13,37,0
310,84,10,9,241,2,10,7,243,2
310,85,10,9,241,2,10,7,243,2
310,86,10,9,241,2,10,7,243,2
310,87,10,12,238,8,10,4,246,8
310,88,10,12,238,8,10,4,246,8
310,89,10,11,239,-8,10,19,231,-8
310,90,10,10,240,-8,10,18,232,-8
310,91,10,10,240,-8,10,18,232,-8
310,92,10,15,235,6,10,9,241,6
310,93,10,15,235,6,10,9,241,6
310,94,10,11,239,0,10,11,239,0
310,95,10,11,239,0,10,11,239,0
311,0,10,10,240,-3,10,13,237,-3
311,1,10,10,240,-3,10,13,237,-3
311,2,10,10,240,-3,10,13,237,-3
311,3,10,8,242,-2,10,10,240,-2
311,4,10,8,242,-2,10,10,240,-2
311,5,10,9,241,-6,10,15,235,-6
311,6,10,9,241,-6,10,15,235,-6
311,7,10,9,241,-6,10,15,235,-6
311,8,10,12,238,10,10,2,248,10
311,9,10,12,238,10,10,2,248,10
311,10,10,12,238,10,10,2,248,10
311,11,2,10,40,0,2,10,40,0
311,12,3,10,65,0,3,10,65,0
311,13,3,10,65,0,3,10,65,0
311,14,3,10,65,0,3,10,65,0
311,15,3,10,65,0,3,10,65,0
311,16,3,10,65,0,3,10,65,0
311,17,3,10,65,0,3,10,65,0
311,18,3,10,65,0,3,10,65,0
311,19,3,10,65,0,3,10,65,0
311,20,3,10,65,0,3,10,65,0
311,21,3,10,65,0,3,10,65,0
311,22,3,10,65,0,3,10,65,0
311,23,3,10,65,0,3,10,65,0
311,24,2,10,40,0,2,10,40,0
311,25,2,10,40,0,2,10,40,0
311,26,2,10,40,0,2,10,40,0
311,27,10,8,242,0,10,8,242,0
311,28,10,8,242,0,10,8,242,0
311,29,10,9,241,1,10,8,242,1
311,30,10,9,241,1,10,8,242,1
311,31,10,9,241,1,10,8,242,1
311,32,10,9,241,1,10,8,242,1
311,33,10,11,239,8,10,3,247,8
311,34,10,11,239,8,10,3,247,8
311,35,2,10,40,0,2,10,40,0
311,36,10,12,238,6,10,6,244,6
311,37,10,12,238,6,10,6,244,6
311,38,10,12,238,6,10,6,244,6
311,39,10,11,239,-7,10,18,232,-7
311,40,10,12,238,-7,10,19,231,-7
311,41,10,12,238,-8,10,20,230,-8
311,42,10,12,238,-8,10,20,230,-8
311,43,10,12,238,-8,10,20,230,-8
311,44,2,10,40,0,2,10,40,0
311,45,2,11,39,0,2,11,39,0
311,46,2,11,39,0,2,11,39,0
311,47,2,11,39,0,2,11,39,0
311,48,10,7,243,-3,10,10,240,-3
311,49,10,7,243,-3,10,10,240,-3
311,50,10,9,241,5,10,4,246,5
311,51,10,9,241,5,10,4,246,5
311,52,10,11,239,7,10,4,246,7
311,53,10,11,239,7,10,4,246,7
311,54,10,11,239,7,10,4,246,7
311,55,10,11,239,7,10,4,246,7
311,56,10,14,236,-1,10,15,235,-1
311,57,10,14,236,-1,10,15,235,-1
311,58,10,14,236,-1,10,15,235,-1
311,59,2,11,39,0,2,11,39,0
311,60,2,15,35,0,2,15,35,0
311,61,2,15,35,0,2,15,35,0
311,62,2,15,35,0,2,15,35,0
311,63,10,12,238,5,10,7,243,5
311,64,10,12,238,5,10,7,243,5
311,65,10,11,239,-8,10,19,231,-8
311,66,10,11,239,-8,10,19,231,-8
311,67,10,11,239,-8,10,19,231,-8
311,68,10,14,236,-6,10,20,230,-6
311,69,10,14,236,-6,10,20,230,-6
311,70,10,14,236,-2,10,16,234,-2
311,71,10,11,239,-2,10,13,237,-2
311,72,10,10,240,8,10,2,248,8
311,73,10,10,240,8,10,2,248,8
311,74,10,10,240,8,10,2,248,8
311,75,10,9,241,-2,10,11,239,-2
311,76,10,9,241,-2,10,11,239,-2
311,77,10,13,237,-1,10,14,236,-1
311,78,10,13,237,-1,10,14,236,-1
311,79,10,13,237,-1,10,14,236,-1
311,80,10,14,236,-2,10,16,234,-2
311,81,10,13,237,-2,10,15,235,-2
311,82,10,13,237,-2,10,15,235,-2
311,83,2,12,38,0,2,12,38,0
311,84,2,13,37,0,2,13,37,0
311,85,2,13,37,0,2,13,37,0
311,86,2,13,37,0,2,13,37,0
311,87,10,11,239,-4,10,15,235,-4
311,88,10,11,239,-4,10,15,235,-4
311,89,10,10,240,-10,10,20,230,-10
311,90,10,10,240,-10,10,20,230,-10
311,91,10,10,240,2,10,8,242,2
311,92,10,10,240,2,10,8,242,2
311,93,10,13,237,7,10,6,244,7
311,94,10,13,237,7,10,6,244,7
311,95,2,13,37,0,2,13,37,0
312,0,10,6,244,-6,10,12,238,-6
312,1,10,6,244,-6,10,12,238,-6
312,2,10,9,241,-6,10,15,235,-6
312,3,10,9,241,-6,10,15,235,-6
312,4,10,2,248,-3,10,5,245,-3
312,5,10,2,248,-3,10,5,245,-3
312,6,10,5,245,6,11,24,251,6
312,7,10,5,245,6,11,24,251,6
312,8,2,11,39,0,2,11,39,0
312,9,2,11,39,0,2,11,39,0
312,10,10,11,239,5,10,6,244,5
312,11,10,11,239,5,10,6,244,5
312,12,10,7,243,9,11,23,252,9
312,13,10,7,243,9,11,23,252,9
312,14,10,7,243,9,11,23,252,9
312,15,10,10,240,-10,10,20,230,-10
312,16,10,10,240,-10,10,20,230,-10
312,17,10,6,244,4,10,2,248,4
312,18,10,6,244,4,10,2,248,4
312,19,10,6,244,-1,10,7,243,-1
312,20,10,6,244,-1,10,7,243,-1
312,21,10,11,239,5,10,6,244,5
312,22,10,11,239,5,10,6,244,5
312,23,10,11,239,5,10,6,244,5
312,24,10,4,246,9,11,20,255,9
312,25,10,4,246,9,11,20,255,9
312,26,10,8,242,0,10,8,242,0
312,27,10,8,242,0,10,8,242,0
312,28,10,7,243,-8,10,15,235,-8
312,29,10,7,243,-8,10,15,235,-8
312,30,10,7,243,-1,10,8,242,-1
312,31,10,7,243,-1,10,8,242,-1
312,32,10,7,243,-1,10,8,242,-1
312,33,2,12,38,0,2,12,38,0
312,34,10,10,240,0,10,10,240,0
312,35,10,10,240,0,10,10,240,0
312,36,10,6,244,-3,10,9,241,-3
312,37,10,5,245,-3,10,8,242,-3
312,38,10,5,245,6,11,24,251,6
312,39,10,5,245,6,11,24,251,6
312,40,10,5,245,6,11,24,251,6
312,41,10,7,243,-6,10,13,237,-6
312,42,10,7,243,-6,10,13,237,-6
312,43,2,13,37,0,2,13,37,0
312,44,2,13,37,0,2,13,37,0
312,45,10,10,240,-2,10,12,238,-2
312,46,10,10,240,-2,10,12,238,-2
312,47,10,10,240,-2,10,12,238,-2
312,48,10,10,240,-7,10,17,233,-7
312,49,10,10,240,-7,10,17,233,-7
312,50,10,10,240,-7,10,17,233,-7
312,51,10,7,243,-5,10,12,238,-5
312,52,10,7,243,-5,10,12,238,-5
312,53,10,7,243,-5,10,12,238,-5
312,54,10,7,243,4,10,3,247,4
312,55,10,7,243,4,10,3,247,4
312,56,10,7,243,4,10,3,247,4
312,57,10,11,239,-2,10,13,237,-2
312,58,10,11,239,-2,10,13,237,-2
312,59,10,11,239,-2,10,13,237,-2
312,60,10,5,245,7,11,23,252,7
312,61,10,5,245,7,11,23,252,7
312,62,10,9,241,-4,10,13,237,-4
312,63,10,9,241,-4,10,13,237,-4
312,64,10,5,245,5,10,0,250,5
312,65,10,5,245,5,10,0,250,5
312,66,10,11,239,3,10,8,242,3
312,67,10,11,239,3,10,8,242,3
312,68,10,10,240,-5,10,15,235,-5
312,69,10,10,240,-5,10,15,235,-5
312,70,10,11,239,-8,10,19,231,-8
312,71,10,11,239,-8,10,19,231,-8
312,72,2,13,37,0,2,13,37,0
312,73,10,9,241,-4,10,13,237,-4
312,74,10,9,241,-4,10,13,237,-4
312,75,10,9,241,-10,10,19,231,-10
312,76,10,9,241,-10,10,19,231,-10
312,77,10,8,242,-5,10,13,237,-5
312,78,10,8,242,-5,10,13,237,-5
312,79,10,7,243,-6,10,13,237,-6
312,80,10,7,243,-6,10,13,237,-6
312,81,10,12,238,-8,10,20,230,-8
312,82,10,12,238,-8,10,20,230,-8
312,83,10,12,238,-8,10,20,230,-8
312,84,10,9,241,-6,10,15,235,-6
312,85,10,9,241,-6,10,15,235,-6
312,86,10,11,239,-2,10,13,237,-2
312,87,10,11,239,-2,10,13,237,-2
312,88,10,7,243,9,11,23,252,9
312,89,10,8,242,9,11,24,251,9
312,90,10,11,239,-2,10,13,237,-2
312,91,10,11,239,-2,10,13,237,-2
312,92,10,11,239,-2,10,13,237,-2
312,93,2,13,37,0,2,13,37,0
312,94,10,9,241,-3,10,12,238,-3
312,95,10,9,241,-3,10,12,238,-3
313,0,10,9,241,0,10,9,241,0
313,1,10,9,241,0,10,9,241,0
313,2,10,9,241,4,10,5,245,4
313,3,10,9,241,4,10,5,245,4
313,4,10,9,241,4,10,5,245,4
313,5,10,6,244,5,10,1,249,5
313,6,10,6,244,5,10,1,249,5
313,7,10,5,245,-2,10,7,243,-2
313,8,10,5,245,-2,10,7,243,-2
313,9,10,10,240,-7,10,17,233,-7
313,10,10,10,240,-7,10,17,233,-7
313,11,10,10,240,-7,10,17,233,-7
313,12,3,10,65,0,3,10,65,0
313,13,3,10,65,0,3,10,65,0
313,14,3,10,65,0,3,10,65,0
313,15,3,10,65,0,3,10,65,0
313,16,3,10,65,0,3,10,65,0
313,17,3,10,65,0,3,10,65,0
313,18,3,10,65,0,3,10,65,0
313,19,3,10,65,0,3,10,65,0
313,20,3,10,65,0,3,10,65,0
313,21,3,10,65,0,3,10,65,0
313,22,3,10,65,0,3,10,65,0
313,23,3,10,65,0,3,10,65,0
313,24,10,11,239,2,10,9,241,2
313,25,10,11,239,2,10,9,241,2
313,26,10,11,239,2,10,9,241,2
313,27,10,8,242,8,10,0,250,8
313,28,10,8,242,8,10,0,250,8
313,29,10,8,242,8,10,0,250,8
313,30,10,9,241,10,11,24,251,10
313,31,10,9,241,10,11,24,251,10
313,32,10,9,241,10,11,24,251,10
313,33,10,12,238,1,10,11,239,1
313,34,10,12,238,1,10,11,239,1
313,35,2,11,39,0,2,11,39,0
313,36,10,9,241,5,10,4,246,5
313,37,10,9,241,5,10,4,246,5
313,38,10,9,241,8,10,1,249,8
313,39,10,9,241,8,10,1,249,8
313,40,10,7,243,8,11,24,251,8
313,41,10,7,243,8,11,24,251,8
313,42,10,10,240,-8,10,18,232,-8
313,43,10,10,240,-8,10,18,232,-8
313,44,2,12,38,0,2,12,38,0
313,45,2,12,38,0,2,12,38,0
313,46,10,12,238,-9,10,21,229,-9
313,47,10,12,238,-9,10,21,229,-9
313,48,10,10,240,9,10,1,249,9
313,49,10,10,240,9,10,1,249,9
313,50,10,10,240,9,10,1,249,9
313,51,10,7,243,-3,10,10,240,-3
313,52,10,7,243,-3,10,10,240,-3
313,53,10,9,241,-10,10,19,231,-10
313,54,10,9,241,-10,10,19,231,-10
313,55,10,6,244,-6,10,12,238,-6
313,56,10,6,244,-6,10,12,238,-6
313,57,10,12,238,5,10,7,243,5
313,58,10,12,238,5,10,7,243,5
313,59,10,12,238,5,10,7,243,5
313,60,10,11,239,5,10,6,244,5
313,61,10,11,239,5,10,6,244,5
313,62,10,10,240,2,10,8,242,2
313,63,10,9,241,2,10,7,243,2
313,64,10,10,240,7,10,3,247,7
313,65,10,10,240,7,10,3,247,7
313,66,10,11,239,-3,10,14,236,-3
313,67,10,11,239,-3,10,14,236,-3
313,68,10,11,239,-3,10,14,236,-3
313,69,2,12,38,0,2,12,38,0
313,70,10,12,238,6,10,6,244,6
313,71,10,12,238,6,10,6,244,6
313,72,10,7,243,8,11,24,251,8
313,73,10,7,243,8,11,24,251,8
313,74,10,9,241,-9,10,18,232,-9
313,75,10,9,241,-9,10,18,232,-9
313,76,10,9,241,-9,10,18,232,-9
313,77,10,6,244,10,11,21,254,10
313,78,10,6,244,10,11,21,254,10
313,79,10,5,245,5,10,0,250,5
313,80,10,5,245,5,10,0,250,5
313,81,10,10,240,-10,10,20,230,-10
313,82,10,10,240,-10,10,20,230,-10
313,83,10,10,240,-10,10,20,230,-10
313,84,10,11,239,7,10,4,246,7
313,85,10,11,239,7,10,4,246,7
313,86,10,11,239,7,10,4,246,7
313,87,10,9,241,5,10,4,246,5
313,88,10,9,241,5,10,4,246,5
313,89,10,9,241,5,10,4,246,5
313,90,10,8,242,-10,10,18,232,-10
313,91,10,8,242,-10,10,18,232,-10
313,92,10,8,242,-10,10,18,232,-10
313,93,10,11,239,4,10,7,243,4
313,94,10,11,239,4,10,7,243,4
313,95,2,13,37,0,2,13,37,0
314,0,10,5,245,10,11,20,255,10
314,1,10,4,246,10,11,19,256,10
314,2,10,7,243,-9,10,16,234,-9
314,3,10,7,243,-9,10,16,234,-9
314,4,10,5,245,5,10,0,250,5
314,5,10,5,245,5,10,0,250,5
314,6,10,10,240,0,10,10,240,0
314,7,10,10,240,0,10,10,240,0
314,8,2,11,39,0,2,11,39,0
314,9,2,11,39,0,2,11,39,0
314,10,10,11,239,1,10,10,240,1
314,11,10,11,239,1,10,10,240,1
314,12,10,8,242,6,10,2,248,6
314,13,10,8,242,6,10,2,248,6
314,14,10,8,242,6,10,2,248,6
314,15,10,9,241,-6,10,15,235,-6
314,16,10,9,241,-6,10,15,235,-6
314,17,10,6,244,0,10,6,244,0
314,18,10,6,244,0,10,6,244,0
314,19,10,8,242,-2,10,10,240,-2
314,20,10,8,242,-2,10,10,240,-2
314,21,10,11,239,4,10,7,243,4
314,22,10,11,239,4,10,7,243,4
314,23,10,11,239,4,10,7,243,4
314,24,10,6,244,10,11,21,254,10
314,25,10,6,244,10,11,21,254,10
314,26,10,11,239,0,10,11,239,0
314,27,10,11,239,0,10,11,239,0
314,28,10,6,244,-9,10,15,235,-9
314,29,10,6,244,-9,10,15,235,-9
314,30,10,7,243,8,11,24,251,8
314,31,10,7,243,8,11,24,251,8
314,32,10,7,243,8,11,24,251,8
314,33,2,11,39,0,2,11,39,0
314,34,10,12,238,2,10,10,240,2
314,35,10,12,238,2,10,10,240,2
314,36,10,11,239,-1,10,12,238,-1
314,37,10,11,239,-1,10,12,238,-1
314,38,10,10,240,10,10,0,250,10
314,39,10,10,240,10,10,0,250,10
314,40,10,10,240,10,10,0,250,10
314,41,10,6,244,2,10,4,246,2
314,42,10,6,244,2,10,4,246,2
314,43,10,8,242,-7,10,15,235,-7
314,44,10,8,242,-7,10,15,235,-7
314,45,10,11,239,1,10,10,240,1
314,46,10,11,239,1,10,10,240,1
314,47,10,11,239,1,10,10,240,1
314,48,10,9,241,8,10,1,249,8
314,49,10,9,241,8,10,1,249,8
314,50,10,9,241,8,10,1,249,8
314,51,10,8,242,2,10,6,244,2
314,52,10,8,242,2,10,6,244,2
314,53,10,8,242,2,10,6,244,2
314,54,10,8,242,0,10,8,242,0
314,55,10,8,242,0,10,8,242,0
314,56,10,8,242,0,10,8,242,0
314,57,10,11,239,9,10,2,248,9
314,58,10,11,239,9,10,2,248,9
314,59,2,12,38,0,2,12,38,0
314,60,10,9,241,-6,10,15,235,-6
314,61,10,9,241,-6,10,15,235,-6
314,62,10,10,240,-1,10,11,239,-1
314,63,10,10,240,-1,10,11,239,-1
314,64,10,6,244,2,10,4,246,2
314,65,10,6,244,2,10,4,246,2
314,66,10,11,239,-7,10,18,232,-7
314,67,10,11,239,-7,10,18,232,-7
314,68,2,12,38,0,2,12,38,0
314,69,2,12,38,0,2,12,38,0
314,70,10,12,238,-5,10,17,233,-5
314,71,10,12,238,-5,10,17,233,-5
314,72,10,12,238,3,10,9,241,3
314,73,10,12,238,3,10,9,241,3
314,74,10,12,238,3,10,9,241,3
314,75,10,11,239,10,10,1,249,10
314,76,10,12,238,10,10,2,248,10
314,77,10,9,241,4,10,5,245,4
314,78,10,10,240,4,10,6,244,4
314,79,10,8,242,-2,10,10,240,-2
314,80,10,8,242,-2,10,10,240,-2
314,81,10,13,237,-9,10,22,228,-9
314,82,10,13,237,-9,10,22,228,-9
314,83,10,13,237,-9,10,22,228,-9
314,84,10,10,240,-3,10,13,237,-3
314,85,10,10,240,-3,10,13,237,-3
314,86,10,11,239,3,10,8,242,3
314,87,10,11,239,3,10,8,242,3
314,88,10,8,242,5,10,3,247,5
314,89,10,8,242,5,10,3,247,5
314,90,10,11,239,6,10,5,245,6
314,91,10,11,239,6,10,5,245,6
314,92,10,11,239,6,10,5,245,6
314,93,2,13,37,0,2,13,37,0
314,94,10,14,236,-6,10,20,230,-6
314,95,10,14,236,-6,10,20,230,-6
315,0,10,8,242,-9,10,17,233,-9
315,1,10,8,242,-9,10,17,233,-9
315,2,10,10,240,-4,10,14,236,-4
315,3,10,10,240,-4,10,14,236,-4
315,4,10,10,240,-4,10,14,236,-4
315,5,10,7,243,7,10,0,250,7
315,6,10,7,243,7,10,0,250,7
315,7,10,9,241,1,10,8,242,1
315,8,10,8,242,1,10,7,243,1
315,9,10,9,241,9,10,0,250,9
315,10,10,9,241,9,10,0,250,9
315,11,10,9,241,9,10,0,250,9
315,12,3,10,65,0,3,10,65,0
315,13,3,10,65,0,3,10,65,0
315,14,3,10,65,0,3,10,65,0
315,15,3,10,65,0,3,10,65,0
315,16,3,10,65,0,3,10,65,0
315,17,3,10,65,0,3,10,65,0
315,18,3,10,65,0,3,10,65,0
315,19,3,10,65,0,3,10,65,0
315,20,3,10,65,0,3,10,65,0
315,21,3,10,65,0,3,10,65,0
315,22,3,10,65,0,3,10,65,0
315,23,3,10,65,0,3,10,65,0
315,24,10,10,240,2,10,8,242,2
315,25,10,10,240,2,10,8,242,2
315,26,10,10,240,2,10,8,242,2
315,27,10,9,241,0,10,9,241,0
315,28,10,9,241,0,10,9,241,0
315,29,10,9,241,0,10,9,241,0
315,30,10,10,240,-6,10,16,234,-6
315,31,10,11,239,-6,10,17,233,-6
315,32,10,11,239,-6,10,17,233,-6
315,33,10,11,239,-8,10,19,231,-8
315,34,10,11,239,-8,10,19,231,-8
315,35,2,11,39,0,2,11,39,0
315,36,10,6,244,2,10,4,246,2
315,37,10,6,244,2,10,4,246,2
315,38,10,9,241,7,10,2,248,7
315,39,10,8,242,7,10,1,249,7
315,40,10,8,242,6,10,2,248,6
315,41,10,8,242,6,10,2,248,6
315,42,10,11,239,1,10,10,240,1
315,43,10,11,239,1,10,10,240,1
315,44,2,11,39,0,2,11,39,0
315,45,2,11,39,0,2,11,39,0
315,46,10,13,237,1,10,12,238,1
315,47,10,13,237,1,10,12,238,1
315,48,10,12,238,8,10,4,246,8
315,49,10,12,238,8,10,4,246,8
315,50,10,12,238,8,10,4,246,8
315,51,10,11,239,8,10,3,247,8
315,52,10,11,239,8,10,3,247,8
315,53,10,12,238,8,10,4,246,8
315,54,10,12,238,8,10,4,246,8
315,55,10,8,242,-6,10,14,236,-6
315,56,10,8,242,-6,10,14,236,-6
315,57,10,15,235,10,10,5,245,10
315,58,10,15,235,10,10,5,245,10
315,59,10,15,235,10,10,5,245,10
315,60,10,8,242,-1,10,9,241,-1
315,61,10,8,242,-1,10,9,241,-1
315,62,10,10,240,10,10,0,250,10
315,63,10,10,240,10,10,0,250,10
315,64,10,8,242,-4,10,12,238,-4
315,65,10,8,242,-4,10,12,238,-4
315,66,10,12,238,2,10,10,240,2
315,67,10,12,238,2,10,10,240,2
315,68,10,12,238,2,10,10,240,2
315,69,2,11,39,0,2,11,39,0
315,70,10,13,237,3,10,10,240,3
315,71,10,13,237,3,10,10,240,3
315,72,10,13,237,-10,10,23,227,-10
315,73,10,13,237,-10,10,23,227,-10
315,74,10,13,237,-10,10,23,227,-10
315,75,10,10,240,-4,10,14,236,-4
315,76,10,10,240,-4,10,14,236,-4
315,77,10,10,240,-4,10,14,236,-4
315,78,10,11,239,1,10,10,240,1
315,79,10,11,239,1,10,10,240,1
315,80,10,11,239,1,10,10,240,1
315,81,10,10,240,4,10,6,244,4
315,82,10,10,240,4,10,6,244,4
315,83,2,12,38,0,2,12,38,0
315,84,10,11,239,8,10,3,247,8
315,85,10,11,239,8,10,3,247,8
315,86,10,11,239,-5,10,16,234,-5
315,87,10,11,239,-5,10,16,234,-5
315,88,10,11,239,-5,10,16,234,-5
315,89,10,7,243,4,10,3,247,4
315,90,10,7,243,4,10,3,247,4
315,91,10,7,243,-9,10,16,234,-9
315,92,10,7,243,-9,10,16,234,-9
315,93,10,12,238,4,10,8,242,4
315,94,10,12,238,4,10,8,242,4
315,95,10,12,238,4,10,8,242,4
316,0,12,11,289,-2,12,13,287,-2
316,1,12,11,289,-2,12,13,287,-2
316,2,12,11,289,-2,12,13,287,-2
316,3,12,11,289,-1,12,12,288,-1
316,4,12,11,289,-1,12,12,288,-1
316,5,12,16,284,6,12,10,290,6
316,6,12,16,284,6,12,10,290,6
316,7,12,16,284,6,12,10,290,6
316,8,12,15,285,6,12,9,291,6
316,9,12,15,285,6,12,9,291,6
316,10,12,15,285,6,12,9,291,6
316,11,4,12,88,0,4,12,88,0
316,12,5,11,114,0,5,11,114,0
316,13,5,11,114,0,5,11,114,0
316,14,5,11,114,0,5,11,114,0
316,15,5,11,114,0,5,11,114,0
316,16,5,11,114,0,5,11,114,0
316,17,5,11,114,0,5,11,114,0
316,18,5,11,114,0,5,11,114,0
316,19,5,11,114,0,5,11,114,0
316,20,5,11,114,0,5,11,114,0
316,21,5,11,114,0,5,11,114,0
316,22,5,11,114,0,5,11,114,0
316,23,5,11,114,0,5,11,114,0
316,24,12,16,284,0,12,16,284,0
316,25,12,16,284,0,12,16,284,0
316,26,12,16,284,0,12,16,284,0
316,27,12,15,285,7,12,8,292,7
316,28,12,15,285,7,12,8,292,7
316,29,12,11,289,6,12,5,295,6
316,30,12,10,290,6,12,4,296,6
316,31,12,13,287,-8,12,21,279,-8
316,32,12,13,287,-8,12,21,279,-8
316,33,12,11,289,-1,12,12,288,-1
316,34,12,11,289,-1,12,12,288,-1
316,35,4,13,87,0,4,13,87,0
316,36,12,16,284,0,12,16,284,0
316,37,12,16,284,0,12,16,284,0
316,38,12,16,284,0,12,16,284,0
316,39,12,15,285,-4,12,19,281,-4
316,40,12,15,285,-4,12,19,281,-4
316,41,12,13,287,1,12,12,288,1
316,42,12,13,287,1,12,12,288,1
316,43,12,13,287,1,12,12,288,1
316,44,12,15,285,9,12,6,294,9
316,45,12,15,285,9,12,6,294,9
316,46,12,15,285,9,12,6,294,9
316,47,4,13,87,0,4,13,87,0
316,48,12,15,285,6,12,9,291,6
316,49,12,15,285,6,12,9,291,6
316,50,12,15,285,0,12,15,285,0
316,51,12,15,285,0,12,15,285,0
316,52,12,12,288,2,12,10,290,2
316,53,12,12,288,2,12,10,290,2
316,54,12,10,290,3,12,7,293,3
316,55,12,11,289,3,12,8,292,3
316,56,12,15,285,10,12,5,295,10
316,57,12,15,285,10,12,5,295,10
316,58,12,15,285,10,12,5,295,10
316,59,4,13,87,0,4,13,87,0
316,60,12,12,288,3,12,9,291,3
316,61,12,12,288,3,12,9,291,3
316,62,12,12,288,3,12,9,291,3
316,63,12,17,283,-8,11,0,275,-8
316,64,12,17,283,-8,11,0,275,-8
316,65,12,14,286,3,12,11,289,3
316,66,12,14,286,3,12,11,289,3
316,67,12,14,286,3,12,11,289,3
316,68,12,17,283,2,12,15,285,2
316,69,12,17,283,2,12,15,285,2
316,70,12,19,281,-3,12,22,278,-3
316,71,12,19,281,-3,12,22,278,-3
316,72,12,14,286,-5,12,19,281,-5
316,73,12,14,286,-5,12,19,281,-5
316,74,12,14,286,-5,12,19,281,-5
316,75,12,9,291,9,12,0,300,9
316,76,12,9,291,9,12,0,300,9
316,77,12,16,284,-4,12,20,280,-4
316,78,12,16,284,-4,12,20,280,-4
316,79,12,16,284,-4,12,20,280,-4
316,80,12,13,287,3,12,10,290,3
316,81,12,13,287,3,12,10,290,3
316,82,12,13,287,3,12,10,290,3
316,83,4,13,87,0,4,13,87,0
316,84,12,17,283,10,12,7,293,10
316,85,12,17,283,10,12,7,293,10
316,86,12,17,283,10,12,7,293,10
316,87,12,14,286,3,12,11,289,3
316,88,12,14,286,3,12,11,289,3
316,89,12,14,286,3,12,11,289,3
316,90,12,14,286,3,12,11,289,3
316,91,12,14,286,-7,12,21,279,-7
316,92,12,14,286,-7,12,21,279,-7
316,93,12,13,287,-2,12,15,285,-2
316,94,12,13,287,-2,12,15,285,-2
316,95,4,14,86,0,4,14,86,0
317,0,12,13,287,7,12,6,294,7
317,1,12,13,287,7,12,6,294,7
317,2,12,13,287,7,12,6,294,7
317,3,12,14,286,6,12,8,292,6
317,4,12,14,286,6,12,8,292,6
317,5,12,13,287,-2,12,15,285,-2
317,6,12,13,287,-2,12,15,285,-2
317,7,12,13,287,-2,12,15,285,-2
317,8,12,13,287,-2,12,15,285,-2
317,9,12,13,287,-2,12,15,285,-2
317,10,12,13,287,-2,12,15,285,-2
317,11,4,12,88,0,4,12,88,0
317,12,12,9,291,-6,12,15,285,-6
317,13,12,9,291,-6,12,15,285,-6
317,14,12,12,288,-7,12,19,281,-7
317,15,12,12,288,-7,12,19,281,-7
317,16,12,11,289,3,12,8,292,3
317,17,12,11,289,3,12,8,292,3
317,18,12,13,287,5,12,8,292,5
317,19,12,13,287,5,12,8,292,5
317,20,12,16,284,-8,12,24,276,-8
317,21,12,16,284,-8,12,24,276,-8
317,22,12,16,284,-8,12,24,276,-8
317,23,4,12,88,0,4,12,88,0
317,24,12,13,287,3,12,10,290,3
317,25,12,13,287,3,12,10,290,3
317,26,12,13,287,3,12,10,290,3
317,27,12,15,285,-8,12,23,277,-8
317,28,12,15,285,-8,12,23,277,-8
317,29,12,11,289,-1,12,12,288,-1
317,30,12,11,289,-1,12,12,288,-1
317,31,12,11,289,-1,12,12,288,-1
317,32,12,14,286,0,12,14,286,0
317,33,12,14,286,0,12,14,286,0
317,34,12,18,282,10,12,8,292,10
317,35,12,18,282,10,12,8,292,10
317,36,12,14,286,8,12,6,294,8
317,37,12,14,286,8,12,6,294,8
317,38,12,14,286,8,12,6,294,8
317,39,12,14,286,5,12,9,291,5
317,40,12,14,286,5,12,9,291,5
317,41,12,18,282,0,12,18,282,0
317,42,12,18,282,0,12,18,282,0
317,43,12,18,282,0,12,18,282,0
317,44,12,16,284,0,12,16,284,0
317,45,12,16,284,0,12,16,284,0
317,46,12,16,284,0,12,16,284,0
317,47,4,14,86,0,4,14,86,0
317,48,12,16,284,-1,12,17,283,-1
317,49,12,16,284,-1,12,17,283,-1
317,50,12,16,284,-1,12,17,283,-1
317,51,12,16,284,0,12,16,284,0
317,52,12,16,284,0,12,16,284,0
317,53,12,11,289,-1,12,12,288,-1
317,54,12,11,289,-1,12,12,288,-1
317,55,12,15,285,5,12,10,290,5
317,56,12,15,285,5,12,10,290,5
317,57,12,14,286,4,12,10,290,4
317,58,12,14,286,4,12,10,290,4
317,59,4,14,86,0,4,14,86,0
317,60,12,18,282,0,12,18,282,0
317,61,12,18,282,0,12,18,282,0
317,62,12,18,282,0,12,18,282,0
317,63,12,17,283,0,12,17,283,0
317,64,12,17,283,0,12,17,283,0
317,65,12,17,283,0,12,17,283,0
317,66,12,17,283,0,12,17,283,0
317,67,12,17,283,0,12,17,283,0
317,68,12,14,286,-4,12,18,282,-4
317,69,12,14,286,-4,12,18,282,-4
317,70,12,14,286,-4,12,18,282,-4
317,71,4,14,86,0,4,14,86,0
317,72,12,12,288,-1,12,13,287,-1
317,73,12,12,288,-1,12,13,287,-1
317,74,12,16,284,0,12,16,284,0
317,75,12,16,284,0,12,16,284,0
317,76,12,12,288,2,12,10,290,2
317,77,12,12,288,2,12,10,290,2
317,78,12,14,286,-1,12,15,285,-1
317,79,12,13,287,-1,12,14,286,-1
317,80,12,18,282,0,12,18,282,0
317,81,12,18,282,0,12,18,282,0
317,82,12,18,282,0,12,18,282,0
317,83,4,14,86,0,4,14,86,0
317,84,12,15,285,-5,12,20,280,-5
317,85,12,15,285,-5,12,20,280,-5
317,86,12,15,285,-5,12,20,280,-5
317,87,12,18,282,0,12,18,282,0
317,88,12,18,282,0,12,18,282,0
317,89,12,18,282,0,12,18,282,0
317,90,12,18,282,0,12,18,282,0
317,91,12,18,282,0,12,18,282,0
317,92,12,16,284,1,12,15,285,1
317,93,12,16,284,1,12,15,285,1
317,94,12,17,283,0,12,17,283,0
317,95,12,17,283,0,12,17,283,0
318,0,12,12,288,1,12,11,289,1
318,1,12,12,288,1,12,11,289,1
318,2,12,13,287,9,12,4,296,9
318,3,12,13,287,9,12,4,296,9
318,4,12,13,287,9,12,4,296,9
318,5,12,16,284,-1,12,17,283,-1
318,6,12,16,284,-1,12,17,283,-1
318,7,12,10,290,0,12,10,290,0
318,8,12,10,290,0,12,10,290,0
318,9,12,12,288,4,12,8,292,4
318,10,12,12,288,4,12,8,292,4
318,11,12,12,288,4,12,8,292,4
318,12,5,11,114,0,5,11,114,0
318,13,5,11,114,0,5,11,114,0
318,14,5,11,114,0,5,11,114,0
318,15,5,11,114,0,5,11,114,0
318,16,5,11,114,0,5,11,114,0
318,17,5,11,114,0,5,11,114,0
318,18,5,11,114,0,5,11,114,0
318,19,5,11,114,0,5,11,114,0
318,20,5,11,114,0,5,11,114,0
318,21,5,11,114,0,5,11,114,0
318,22,5,11,114,0,5,11,114,0
318,23,5,11,114,0,5,11,114,0
318,24,5,11,114,0,5,11,114,0
318,25,5,11,114,0,5,11,114,0
318,26,5,11,114,0,5,11,114,0
318,27,5,11,114,0,5,11,114,0
318,28,5,11,114,0,5,11,114,0
318,29,5,11,114,0,5,11,114,0
318,30,5,11,114,0,5,11,114,0
318,31,5,11,114,0,5,11,114,0
318,32,5,11,114,0,5,11,114,0
318,33,5,11,114,0,5,11,114,0
318,34,5,11,114,0,5,11,114,0
318,35,5,11,114,0,5,11,114,0
318,36,12,12,288,-8,12,20,280,-8
318,37,12,12,288,-8,12,20,280,-8
318,38,12,11,289,6,12,5,295,6
318,39,12,11,289,6,12,5,295,6
318,40,12,17,283,-8,11,0,275,-8
318,41,12,17,283,-8,11,0,275,-8
318,42,12,17,283,-8,11,0,275,-8
318,43,12,9,291,3,12,6,294,3
318,44,12,9,291,3,12,6,294,3
318,45,4,16,84,0,4,16,84,0
318,46,12,17,283,-3,12,20,280,-3
318,47,12,17,283,-3,12,20,280,-3
318,48,12,15,285,-7,12,22,278,-7
318,49,12,15,285,-7,12,22,278,-7
318,50,12,15,285,-7,12,22,278,-7
318,51,12,17,283,-5,12,22,278,-5
318,52,12,17,283,-5,12,22,278,-5
318,53,12,17,283,-5,12,22,278,-5
318,54,12,13,287,-6,12,19,281,-6
318,55,12,13,287,-6,12,19,281,-6
318,56,12,15,285,-8,12,23,277,-8
318,57,12,15,285,-8,12,23,277,-8
318,58,12,15,285,-8,12,23,277,-8
318,59,4,16,84,0,4,16,84,0
318,60,12,16,284,-2,12,18,282,-2
318,61,12,16,284,-2,12,18,282,-2
318,62,12,16,284,-2,12,18,282,-2
318,63,12,14,286,0,12,14,286,0
318,64,12,14,286,0,12,14,286,0
318,65,12,19,281,6,12,13,287,6
318,66,12,19,281,6,12,13,287,6
318,67,12,19,281,6,12,13,287,6
318,68,12,18,282,-5,12,23,277,-5
318,69,12,18,282,-5,12,23,277,-5
318,70,12,17,283,-5,12,22,278,-5
318,71,4,16,84,0,4,16,84,0
318,72,12,15,285,9,12,6,294,9
318,73,12,15,285,9,12,6,294,9
318,74,12,15,285,9,12,6,294,9
318,75,12,13,287,8,12,5,295,8
318,76,12,13,287,8,12,5,295,8
318,77,12,13,287,8,12,5,295,8
318,78,12,14,286,5,12,9,291,5
318,79,12,14,286,5,12,9,291,5
318,80,12,15,285,-7,12,22,278,-7
318,81,12,15,285,-7,12,22,278,-7
318,82,12,18,282,-9,11,2,273,-9
318,83,12,18,282,-9,11,2,273,-9
318,84,12,16,284,-6,12,22,278,-6
318,85,12,16,284,-6,12,22,278,-6
318,86,12,16,284,-6,12,22,278,-6
318,87,12,14,286,4,12,10,290,4
318,88,12,13,287,4,12,9,291,4
318,89,12,16,284,-2,12,18,282,-2
318,90,12,16,284,-2,12,18,282,-2
318,91,12,15,285,6,12,9,291,6
318,92,12,15,285,6,12,9,291,6
318,93,4,17,83,0,4,17,83,0
318,94,12,19,281,-2,12,21,279,-2
318,95,12,19,281,-2,12,21,279,-2
319,0,12,13,287,-6,12,19,281,-6
319,1,12,13,287,-6,12,19,281,-6
319,2,12,13,287,-8,12,21,279,-8
319,3,12,13,287,-8,12,21,279,-8
319,4,12,13,287,-8,12,21,279,-8
319,5,12,13,287,-9,12,22,278,-9
319,6,12,13,287,-9,12,22,278,-9
319,7,12,12,288,-1,12,13,287,-1
319,8,12,12,288,-1,12,13,287,-1
319,9,12,12,288,5,12,7,293,5
319,10,12,12,288,5,12,7,293,5
319,11,12,13,287,5,12,8,292,5
319,12,5,11,114,0,5,11,114,0
319,13,5,11,114,0,5,11,114,0
319,14,5,11,114,0,5,11,114,0
319,15,5,11,114,0,5,11,114,0
319,16,5,11,114,0,5,11,114,0
319,17,5,11,114,0,5,11,114,0
319,18,5,11,114,0,5,11,114,0
319,19,5,11,114,0,5,11,114,0
319,20,5,11,114,0,5,11,114,0
319,21,5,11,114,0,5,11,114,0
319,22,5,11,114,0,5,11,114,0
319,23,5,11,114,0,5,11,114,0
319,24,5,11,114,0,5,11,114,0
319,25,5,11,114,0,5,11,114,0
319,26,5,11,114,0,5,11,114,0
319,27,5,11,114,0,5,11,114,0
319,28,5,11,114,0,5,11,114,0
319,29,5,11,114,0,5,11,114,0
319,30,5,11,114,0,5,11,114,0
319,31,5,11,114,0,5,11,114,0
319,32,5,11,114,0,5,11,114,0
319,33,5,11,114,0,5,11,114,0
319,34,5,11,114,0,5,11,114,0
319,35,5,11,114,0,5,11,114,0
319,36,12,12,288,-3,12,15,285,-3
319,37,12,12,288,-3,12,15,285,-3
319,38,12,13,287,10,12,3,297,10
319,39,12,13,287,10,12,3,297,10
319,40,12,14,286,8,12,6,294,8
319,41,12,14,286,8,12,6,294,8
319,42,12,14,286,8,12,6,294,8
319,43,12,11,289,1,12,10,290,1
319,44,12,11,289,1,12,10,290,1
319,45,4,14,86,0,4,14,86,0
319,46,12,16,284,3,12,13,287,3
319,47,12,16,284,3,12,13,287,3
319,48,12,14,286,-8,12,22,278,-8
319,49,12,14,286,-8,12,22,278,-8
319,50,12,14,286,-8,12,22,278,-8
319,51,12,13,287,-1,12,14,286,-1
319,52,12,13,287,-1,12,14,286,-1
319,53,12,13,287,-1,12,14,286,-1
319,54,12,14,286,3,12,11,289,3
319,55,12,14,286,3,12,11,289,3
319,56,12,16,284,-10,11,1,274,-10
319,57,12,16,284,-10,11,1,274,-10
319,58,12,16,284,-10,11,1,274,-10
319,59,4,14,86,0,4,14,86,0
319,60,12,14,286,2,12,12,288,2
319,61,12,14,286,2,12,12,288,2
319,62,12,14,286,2,12,12,288,2
319,63,12,15,285,-7,12,22,278,-7
319,64,12,15,285,-7,12,22,278,-7
319,65,12,14,286,6,12,8,292,6
319,66,12,14,286,6,12,8,292,6
319,67,12,14,286,6,12,8,292,6
319,68,12,16,284,-1,12,17,283,-1
319,69,12,16,284,-1,12,17,283,-1
319,70,12,16,284,-1,12,17,283,-1
319,71,4,14,86,0,4,14,86,0
319,72,12,16,284,8,12,8,292,8
319,73,12,16,284,8,12,8,292,8
319,74,12,16,284,8,12,8,292,8
319,75,12,12,288,-6,12,18,282,-6
319,76,12,12,288,-6,12,18,282,-6
319,77,12,12,288,-6,12,18,282,-6
319,78,12,13,287,5,12,8,292,5
319,79,12,12,288,5,12,7,293,5
319,80,12,15,285,8,12,7,293,8
319,81,12,15,285,8,12,7,293,8
319,82,12,13,287,3,12,10,290,3
319,83,12,13,287,3,12,10,290,3
319,84,4,16,84,0,4,16,84,0
319,85,12,18,282,2,12,16,284,2
319,86,12,18,282,2,12,16,284,2
319,87,12,13,287,-6,12,19,281,-6
319,88,12,13,287,-6,12,19,281,-6
319,89,12,16,284,2,12,14,286,2
319,90,12,16,284,2,12,14,286,2
319,91,12,15,285,10,12,5,295,10
319,92,12,15,285,10,12,5,295,10
319,93,12,18,282,2,12,16,284,2
319,94,12,15,285,-9,12,24,276,-9
319,95,12,15,285,-9,12,24,276,-9
320,0,12,11,289,-4,12,15,285,-4
320,1,12,11,289,-4,12,15,285,-4
320,2,12,9,291,-10,12,19,281,-10
320,3,12,9,291,-10,12,19,281,-10
320,4,12,9,291,-10,12,19,281,-10
320,5,12,16,284,-10,11,1,274,-10
320,6,12,16,284,-10,11,1,274,-10
320,7,12,8,292,-10,12,18,282,-10
320,8,12,8,292,-10,12,18,282,-10
320,9,12,14,286,0,12,14,286,0
320,10,12,14,286,0,12,14,286,0
320,11,12,15,285,0,12,15,285,0
320,12,5,11,114,0,5,11,114,0
320,13,5,11,114,0,5,11,114,0
320,14,5,11,114,0,5,11,114,0
320,15,5,11,114,0,5,11,114,0
320,16,5,11,114,0,5,11,114,0
320,17,5,11,114,0,5,11,114,0
320,18,5,11,114,0,5,11,114,0
320,19,5,11,114,0,5,11,114,0
320,20,5,11,114,0,5,11,114,0
320,21,5,11,114,0,5,11,114,0
320,22,5,11,114,0,5,11,114,0
320,23,5,11,114,0,5,11,114,0
320,24,5,11,114,0,5,11,114,0
320,25,5,11,114,0,5,11,114,0
320,26,5,11,114,0,5,11,114,0
320,27,5,11,114,0,5,11,114,0
320,28,5,11,114,0,5,11,114,0
320,29,5,11,114,0,5,11,114,0
320,30,5,11,114,0,5,11,114,0
320,31,5,11,114,0,5,11,114,0
320,32,5,11,114,0,5,11,114,0
320,33,5,11,114,0,5,11,114,0
320,34,5,11,114,0,5,11,114,0
320,35,5,11,114,0,5,11,114,0
320,36,12,15,285,0,12,15,285,0
320,37,12,15,285,0,12,15,285,0
320,38,12,10,290,-9,12,19,281,-9
320,39,12,10,290,-9,12,19,281,-9
320,40,12,19,281,9,12,10,290,9
320,41,12,19,281,9,12,10,290,9
320,42,12,19,281,9,12,10,290,9
320,43,12,9,291,10,13,24,301,10
320,44,12,9,291,10,13,24,301,10
320,45,4,14,86,0,4,14,86,0
320,46,12,15,285,-9,12,24,276,-9
320,47,12,15,285,-9,12,24,276,-9
320,48,12,15,285,2,12,13,287,2
320,49,12,15,285,2,12,13,287,2
320,50,12,15,285,2,12,13,287,2
320,51,12,14,286,5,12,9,291,5
320,52,12,13,287,5,12,8,292,5
320,53,12,14,286,5,12,9,291,5
320,54,12,14,286,-9,12,23,277,-9
320,55,12,14,286,-9,12,23,277,-9
320,56,12,16,284,0,12,16,284,0
320,57,12,16,284,0,12,16,284,0
320,58,12,16,284,0,12,16,284,0
320,59,4,14,86,0,4,14,86,0
320,60,12,17,283,-8,11,0,275,-8
320,61,12,17,283,-8,11,0,275,-8
320,62,12,17,283,-8,11,0,275,-8
320,63,12,17,283,-7,12,24,276,-7
320,64,12,17,283,-7,12,24,276,-7
320,65,12,16,284,3,12,13,287,3
320,66,12,16,284,3,12,13,287,3
320,67,12,16,284,3,12,13,287,3
320,68,12,15,285,10,12,5,295,10
320,69,12,15,285,10,12,5,295,10
320,70,12,15,285,10,12,5,295,10
320,71,4,14,86,0,4,14,86,0
320,72,12,14,286,0,12,14,286,0
320,73,12,14,286,0,12,14,286,0
320,74,12,14,286,0,12,14,286,0
320,75,12,13,287,5,12,8,292,5
320,76,12,13,287,5,12,8,292,5
320,77,12,13,287,5,12,8,292,5
320,78,12,13,287,-1,12,14,286,-1
320,79,12,13,287,-1,12,14,286,-1
320,80,12,16,284,-1,12,17,283,-1
320,81,12,16,284,-1,12,17,283,-1
320,82,12,15,285,9,12,6,294,9
320,83,12,15,285,9,12,6,294,9
320,84,12,16,284,-1,12,17,283,-1
320,85,12,16,284,-1,12,17,283,-1
320,86,12,16,284,-1,12,17,283,-1
320,87,12,15,285,0,12,15,285,0
320,88,12,15,285,0,12,15,285,0
320,89,12,16,284,7,12,9,291,7
320,90,12,16,284,7,12,9,291,7
320,91,12,13,287,4,12,9,291,4
320,92,12,13,287,4,12,9,291,4
320,93,4,14,86,0,4,14,86,0
320,94,12,18,282,-9,11,2,273,-9
320,95,12,18,282,-9,11,2,273,-9
321,0,12,11,289,8,12,3,297,8
321,1,12,11,289,8,12,3,297,8
321,2,12,11,289,10,12,1,299,10
321,3,12,11,289,10,12,1,299,10
321,4,12,11,289,10,12,1,299,10
321,5,12,14,286,9,12,5,295,9
321,6,12,14,286,9,12,5,295,9
321,7,12,10,290,1,12,9,291,1
321,8,12,10,290,1,12,9,291,1
321,9,12,14,286,-1,12,15,285,-1
321,10,12,14,286,-1,12,15,285,-1
321,11,12,14,286,-1,12,15,285,-1
321,12,5,11,114,0,5,11,114,0
321,13,5,11,114,0,5,11,114,0
321,14,5,11,114,0,5,11,114,0
321,15,5,11,114,0,5,11,114,0
321,16,5,11,114,0,5,11,114,0
321,17,5,11,114,0,5,11,114,0
321,18,5,11,114,0,5,11,114,0
321,19,5,11,114,0,5,11,114,0
321,20,5,11,114,0,5,11,114,0
321,21,5,11,114,0,5,11,114,0
321,22,5,11,114,0,5,11,114,0
321,23,5,11,114,0,5,11,114,0
321,24,5,11,114,0,5,11,114,0
321,25,5,11,114,0,5,11,114,0
321,26,5,11,114,0,5,11,114,0
321,27,5,11,114,0,5,11,114,0
321,28,5,11,114,0,5,11,114,0
321,29,5,11,114,0,5,11,114,0
321,30,5,11,114,0,5,11,114,0
321,31,5,11,114,0,5,11,114,0
321,32,5,11,114,0,5,11,114,0
321,33,5,11,114,0,5,11,114,0
321,34,5,11,114,0,5,11,114,0
321,35,5,11,114,0,5,11,114,0
321,36,12,13,287,10,12,3,297,10
321,37,12,13,287,10,12,3,297,10
321,38,12,11,289,7,12,4,296,7
321,39,12,11,289,7,12,4,296,7
321,40,12,16,284,0,12,16,284,0
321,41,12,16,284,0,12,16,284,0
321,42,12,16,284,0,12,16,284,0
321,43,12,9,291,-4,12,13,287,-4
321,44,12,9,291,-4,12,13,287,-4
321,45,4,14,86,0,4,14,86,0
321,46,12,14,286,-7,12,21,279,-7
321,47,12,14,286,-7,12,21,279,-7
321,48,12,15,285,-2,12,17,283,-2
321,49,12,15,285,-2,12,17,283,-2
321,50,12,15,285,-2,12,17,283,-2
321,51,12,15,285,4,12,11,289,4
321,52,12,15,285,4,12,11,289,4
321,53,12,15,285,4,12,11,289,4
321,54,12,14,286,-3,12,17,283,-3
321,55,12,15,285,-3,12,18,282,-3
321,56,12,15,285,0,12,15,285,0
321,57,12,15,285,0,12,15,285,0
321,58,12,15,285,0,12,15,285,0
321,59,12,14,286,-3,12,17,283,-3
321,60,12,14,286,-1,12,15,285,-1
321,61,12,14,286,-1,12,15,285,-1
321,62,12,14,286,-1,12,15,285,-1
321,63,12,13,287,-10,12,23,277,-10
321,64,12,13,287,-10,12,23,277,-10
321,65,12,17,283,-7,12,24,276,-7
321,66,12,17,283,-7,12,24,276,-7
321,67,12,17,283,-7,12,24,276,-7
321,68,12,17,283,5,12,12,288,5
321,69,12,17,283,5,12,12,288,5
321,70,12,17,283,5,12,12,288,5
321,71,4,15,85,0,4,15,85,0
321,72,4,15,85,0,4,15,85,0
321,73,12,12,288,-6,12,18,282,-6
321,74,12,12,288,-6,12,18,282,-6
321,75,12,13,287,8,12,5,295,8
321,76,12,13,287,8,12,5,295,8
321,77,12,13,287,8,12,5,295,8
321,78,12,11,289,0,12,11,289,0
321,79,12,11,289,0,12,11,289,0
321,80,12,16,284,3,12,13,287,3
321,81,12,16,284,3,12,13,287,3
321,82,12,15,285,10,12,5,295,10
321,83,12,15,285,10,12,5,295,10
321,84,12,15,285,5,12,10,290,5
321,85,12,15,285,5,12,10,290,5
321,86,12,15,285,5,12,10,290,5
321,87,12,15,285,5,12,10,290,5
321,88,12,15,285,5,12,10,290,5
321,89,12,16,284,5,12,11,289,5
321,90,12,16,284,5,12,11,289,5
321,91,12,16,284,-4,12,20,280,-4
321,92,12,16,284,-4,12,20,280,-4
321,93,4,15,85,0,4,15,85,0
321,94,12,17,283,10,12,7,293,10
321,95,12,17,283,10,12,7,293,10
322,0,12,8,292,8,12,0,300,8
322,1,12,8,292,8,12,0,300,8
322,2,12,12,288,1,12,11,289,1
322,3,12,12,288,1,12,11,289,1
322,4,12,12,288,1,12,11,289,1
322,5,12,9,291,1,12,8,292,1
322,6,12,9,291,1,12,8,292,1
322,7,12,11,289,0,12,11,289,0
322,8,12,11,289,0,12,11,289,0
322,9,12,11,289,3,12,8,292,3
322,10,12,11,289,3,12,8,292,3
322,11,12,11,289,3,12,8,292,3
322,12,5,11,114,0,5,11,114,0
322,13,5,11,114,0,5,11,114,0
322,14,5,11,114,0,5,11,114,0
322,15,5,11,114,0,5,11,114,0
322,16,5,11,114,0,5,11,114,0
322,17,5,11,114,0,5,11,114,0
322,18,5,11,114,0,5,11,114,0
322,19,5,11,114,0,5,11,114,0
322,20,5,11,114,0,5,11,114,0
322,21,5,11,114,0,5,11,114,0
322,22,5,11,114,0,5,11,114,0
322,23,5,11,114,0,5,11,114,0
322,24,5,11,114,0,5,11,114,0
322,25,5,11,114,0,5,11,114,0
322,26,5,11,114,0,5,11,114,0
322,27,5,11,114,0,5,11,114,0
322,28,5,11,114,0,5,11,114,0
322,29,5,11,114,0,5,11,114,0
322,30,5,11,114,0,5,11,114,0
322,31,5,11,114,0,5,11,114,0
322,32,5,11,114,0,5,11,114,0
322,33,5,11,114,0,5,11,114,0
322,34,5,11,114,0,5,11,114,0
322,35,5,11,114,0,5,11,114,0
322,36,12,11,289,9,12,2,298,9
322,37,12,10,290,9,12,1,299,9
322,38,12,14,286,6,12,8,292,6
322,39,12,14,286,6,12,8,292,6
322,40,12,15,285,0,12,15,285,0
322,41,12,15,285,0,12,15,285,0
322,42,12,15,285,0,12,15,285,0
322,43,12,11,289,9,12,2,298,9
322,44,12,11,289,9,12,2,298,9
322,45,4,14,86,0,4,14,86,0
322,46,12,16,284,5,12,11,289,5
322,47,12,16,284,5,12,11,289,5
322,48,12,14,286,5,12,9,291,5
322,49,12,14,286,5,12,9,291,5
322,50,12,14,286,5,12,9,291,5
322,51,12,12,288,5,12,7,293,5
322,52,12,12,288,5,12,7,293,5
322,53,12,12,288,5,12,7,293,5
322,54,12,10,290,10,12,0,300,10
322,55,12,10,290,10,12,0,300,10
322,56,12,15,285,3,12,12,288,3
322,57,12,15,285,3,12,12,288,3
322,58,12,15,285,3,12,12,288,3
322,59,4,14,86,0,4,14,86,0
322,60,12,13,287,-8,12,21,279,-8
322,61,12,13,287,-8,12,21,279,-8
322,62,12,13,287,-8,12,21,279,-8
322,63,12,11,289,-6,12,17,283,-6
322,64,12,11,289,-6,12,17,283,-6
322,65,12,14,286,-6,12,20,280,-6
322,66,12,14,286,-6,12,20,280,-6
322,67,12,14,286,-6,12,20,280,-6
322,68,12,16,284,-7,12,23,277,-7
322,69,12,16,284,-7,12,23,277,-7
322,70,12,16,284,-7,12,23,277,-7
322,71,4,14,86,0,4,14,86,0
322,72,12,12,288,-10,12,22,278,-10
322,73,12,12,288,-10,12,22,278,-10
322,74,12,12,288,-10,12,22,278,-10
322,75,12,12,288,0,12,12,288,0
322,76,12,12,288,0,12,12,288,0
322,77,12,12,288,0,12,12,288,0
322,78,12,11,289,2,12,9,291,2
322,79,12,11,289,2,12,9,291,2
322,80,12,15,285,-2,12,17,283,-2
322,81,12,15,285,-2,12,17,283,-2
322,82,12,11,289,-9,12,20,280,-9
322,83,12,11,289,-9,12,20,280,-9
322,84,12,16,284,-2,12,18,282,-2
322,85,12,16,284,-2,12,18,282,-2
322,86,12,16,284,-2,12,18,282,-2
322,87,12,11,289,3,12,8,292,3
322,88,12,11,289,3,12,8,292,3
322,89,12,12,288,10,12,2,298,10
322,90,12,12,288,10,12,2,298,10
322,91,12,12,288,-9,12,21,279,-9
322,92,12,12,288,-9,12,21,279,-9
322,93,4,14,86,0,4,14,86,0
322,94,12,13,287,-10,12,23,277,-10
322,95,12,13,287,-10,12,23,277,-10
323,0,12,11,289,-4,12,15,285,-4
323,1,12,11,289,-4,12,15,285,-4
323,2,12,10,290,0,12,10,290,0
323,3,12,10,290,0,12,10,290,0
323,4,12,10,290,0,12,10,290,0
323,5,12,14,286,1,12,13,287,1
323,6,12,14,286,1,12,13,287,1
323,7,12,7,293,4,12,3,297,4
323,8,12,7,293,4,12,3,297,4
323,9,12,12,288,3,12,9,291,3
323,10,12,12,288,3,12,9,291,3
323,11,12,12,288,3,12,9,291,3
323,12,5,11,114,0,5,11,114,0
323,13,5,11,114,0,5,11,114,0
323,14,5,11,114,0,5,11,114,0
323,15,5,11,114,0,5,11,114,0
323,16,5,11,114,0,5,11,114,0
323,17,5,11,114,0,5,11,114,0
323,18,5,11,114,0,5,11,114,0
323,19,5,11,114,0,5,11,114,0
323,20,5,11,114,0,5,11,114,0
323,21,5,11,114,0,5,11,114,0
323,22,5,11,114,0,5,11,114,0
323,23,5,11,114,0,5,11,114,0
323,24,5,11,114,0,5,11,114,0
323,25,5,11,114,0,5,11,114,0
323,26,5,11,114,0,5,11,114,0
323,27,5,11,114,0,5,11,114,0
323,28,5,11,114,0,5,11,114,0
323,29,5,11,114,0,5,11,114,0
323,30,5,11,114,0,5,11,114,0
323,31,5,11,114,0,5,11,114,0
323,32,5,11,114,0,5,11,114,0
323,33,5,11,114,0,5,11,114,0
323,34,5,11,114,0,5,11,114,0
323,35,5,11,114,0,5,11,114,0
323,36,12,11,289,7,12,4,296,7
323,37,12,11,289,7,12,4,296,7
323,38,12,10,290,-4,12,14,286,-4
323,39,12,10,290,-4,12,14,286,-4
323,40,12,17,283,-5,12,22,278,-5
323,41,12,17,283,-5,12,22,278,-5
323,42,12,17,283,-5,12,22,278,-5
323,43,12,8,292,-2,12,10,290,-2
323,44,12,7,293,-2,12,9,291,-2
323,45,4,13,87,0,4,13,87,0
323,46,12,16,284,-2,12,18,282,-2
323,47,12,16,284,-2,12,18,282,-2
323,48,12,15,285,2,12,13,287,2
323,49,12,15,285,2,12,13,287,2
323,50,12,15,285,2,12,13,287,2
323,51,12,12,288,-3,12,15,285,-3
323,52,12,12,288,-3,12,15,285,-3
323,53,12,12,288,-3,12,15,285,-3
323,54,12,12,288,9,12,3,297,9
323,55,12,12,288,9,12,3,297,9
323,56,12,14,286,9,12,5,295,9
323,57,12,14,286,9,12,5,295,9
323,58,12,14,286,9,12,5,295,9
323,59,4,13,87,0,4,13,87,0
323,60,12,16,284,9,12,7,293,9
323,61,12,16,284,9,12,7,293,9
323,62,12,16,284,9,12,7,293,9
323,63,12,12,288,-3,12,15,285,-3
323,64,12,12,288,-3,12,15,285,-3
323,65,12,14,286,-6,12,20,280,-6
323,66,12,14,286,-6,12,20,280,-6
323,67,12,14,286,-6,12,20,280,-6
323,68,12,14,286,5,12,9,291,5
323,69,12,14,286,5,12,9,291,5
323,70,12,14,286,5,12,9,291,5
323,71,4,13,87,0,4,13,87,0
323,72,12,11,289,6,12,5,295,6
323,73,12,11,289,6,12,5,295,6
323,74,12,11,289,6,12,5,295,6
323,75,12,10,290,8,12,2,298,8
323,76,12,10,290,8,12,2,298,8
323,77,12,10,290,8,12,2,298,8
323,78,12,12,288,-8,12,20,280,-8
323,79,12,12,288,-8,12,20,280,-8
323,80,12,11,289,7,12,4,296,7
323,81,12,11,289,7,12,4,296,7
323,82,12,12,288,5,12,7,293,5
323,83,12,13,287,5,12,8,292,5
323,84,12,15,285,-9,12,24,276,-9
323,85,12,15,285,-9,12,24,276,-9
323,86,12,15,285,-9,12,24,276,-9
323,87,12,11,289,-2,12,13,287,-2
323,88,12,12,288,-2,12,14,286,-2
323,89,12,13,287,-6,12,19,281,-6
323,90,12,13,287,-6,12,19,281,-6
323,91,12,13,287,-8,12,21,279,-8
323,92,12,13,287,-8,12,21,279,-8
323,93,4,14,86,0,4,14,86,0
323,94,12,15,285,-8,12,23,277,-8
323,95,12,15,285,-8,12,23,277,-8
324,0,12,11,289,-6,12,17,283,-6
324,1,12,11,289,-6,12,17,283,-6
324,2,12,11,289,-6,12,17,283,-6
324,3,12,9,291,2,12,7,293,2
324,4,12,9,291,2,12,7,293,2
324,5,12,14,286,-2,12,16,284,-2
324,6,12,14,286,-2,12,16,284,-2
324,7,12,15,285,-2,12,17,283,-2
324,8,12,9,291,7,12,2,298,7
324,9,12,9,291,7,12,2,298,7
324,10,12,9,291,7,12,2,298,7
324,11,4,12,88,0,4,12,88,0
324,12,5,11,114,0,5,11,114,0
324,13,5,11,114,0,5,11,114,0
324,14,5,11,114,0,5,11,114,0
324,15,5,11,114,0,5,11,114,0
324,16,5,11,114,0,5,11,114,0
324,17,5,11,114,0,5,11,114,0
324,18,5,11,114,0,5,11,114,0
324,19,5,11,114,0,5,11,114,0
324,20,5,11,114,0,5,11,114,0
324,21,5,11,114,0,5,11,114,0
324,22,5,11,114,0,5,11,114,0
324,23,5,11,114,0,5,11,114,0
324,24,12,12,288,-1,12,13,287,-1
324,25,12,11,289,-1,12,12,288,-1
324,26,12,11,289,-1,12,12,288,-1
324,27,12,12,288,-2,12,14,286,-2
324,28,12,12,288,-2,12,14,286,-2
324,29,12,12,288,-6,12,18,282,-6
324,30,12,12,288,-6,12,18,282,-6
324,31,12,11,289,2,12,9,291,2
324,32,12,11,289,2,12,9,291,2
324,33,12,12,288,6,12,6,294,6
324,34,12,12,288,6,12,6,294,6
324,35,4,12,88,0,4,12,88,0
324,36,12,14,286,6,12,8,292,6
324,37,12,14,286,6,12,8,292,6
324,38,12,14,286,6,12,8,292,6
324,39,12,14,286,-2,12,16,284,-2
324,40,12,14,286,-2,12,16,284,-2
324,41,12,11,289,10,12,1,299,10
324,42,12,11,289,10,12,1,299,10
324,43,12,11,289,10,12,1,299,10
324,44,12,13,287,6,12,7,293,6
324,45,12,13,287,6,12,7,293,6
324,46,12,13,287,6,12,7,293,6
324,47,4,12,88,0,4,12,88,0
324,48,12,12,288,-4,12,16,284,-4
324,49,12,12,288,-4,12,16,284,-4
324,50,12,14,286,-4,12,18,282,-4
324,51,12,14,286,-4,12,18,282,-4
324,52,12,9,291,-10,12,19,281,-10
324,53,12,9,291,-10,12,19,281,-10
324,54,12,11,289,-10,12,21,279,-10
324,55,12,11,289,-10,12,21,279,-10
324,56,12,16,284,-6,12,22,278,-6
324,57,12,16,284,-6,12,22,278,-6
324,58,12,16,284,-6,12,22,278,-6
324,59,4,13,87,0,4,13,87,0
324,60,12,13,287,1,12,12,288,1
324,61,12,13,287,1,12,12,288,1
324,62,12,13,287,1,12,12,288,1
324,63,12,14,286,-6,12,20,280,-6
324,64,12,14,286,-6,12,20,280,-6
324,65,12,12,288,-9,12,21,279,-9
324,66,12,12,288,-9,12,21,279,-9
324,67,12,12,288,-9,12,21,279,-9
324,68,12,16,284,4,12,12,288,4
324,69,12,16,284,4,12,12,288,4
324,70,12,15,285,-9,12,24,276,-9
324,71,12,15,285,-9,12,24,276,-9
324,72,12,13,287,1,12,12,288,1
324,73,12,13,287,1,12,12,288,1
324,74,12,13,287,1,12,12,288,1
324,75,12,8,292,-3,12,11,289,-3
324,76,12,8,292,-3,12,11,289,-3
324,77,12,13,287,-3,12,16,284,-3
324,78,12,13,287,-3,12,16,284,-3
324,79,12,13,287,-3,12,16,284,-3
324,80,12,15,285,-1,12,16,284,-1
324,81,12,15,285,-1,12,16,284,-1
324,82,12,15,285,-1,12,16,284,-1
324,83,4,14,86,0,4,14,86,0
324,84,12,15,285,0,12,15,285,0
324,85,12,15,285,0,12,15,285,0
324,86,12,15,285,0,12,15,285,0
324,87,12,15,285,-7,12,22,278,-7
324,88,12,15,285,-7,12,22,278,-7
324,89,12,14,286,-1,12,15,285,-1
324,90,12,14,286,-1,12,15,285,-1
324,91,12,12,288,-9,12,21,279,-9
324,92,12,12,288,-9,12,21,279,-9
324,93,12,13,287,-10,12,23,277,-10
324,94,12,13,287,-10,12,23,277,-10
324,95,4,14,86,0,4,14,86,0
325,0,12,11,289,-6,12,17,283,-6
325,1,12,11,289,-6,12,17,283,-6
325,2,12,11,289,-6,12,17,283,-6
325,3,12,13,287,10,12,3,297,10
325,4,12,13,287,10,12,3,297,10
325,5,12,9,291,10,13,24,301,10
325,6,12,9,291,10,13,24,301,10
325,7,12,9,291,10,13,24,301,10
325,8,12,14,286,2,12,12,288,2
325,9,12,14,286,2,12,12,288,2
325,10,12,14,286,2,12,12,288,2
325,11,4,12,88,0,4,12,88,0
325,12,12,10,290,6,12,4,296,6
325,13,12,9,291,6,12,3,297,6
325,14,12,12,288,3,12,9,291,3
325,15,12,11,289,3,12,8,292,3
325,16,12,10,290,-4,12,14,286,-4
325,17,12,10,290,-4,12,14,286,-4
325,18,12,9,291,8,12,1,299,8
325,19,12,9,291,8,12,1,299,8
325,20,12,14,286,-9,12,23,277,-9
325,21,12,14,286,-9,12,23,277,-9
325,22,12,14,286,-9,12,23,277,-9
325,23,4,13,87,0,4,13,87,0
325,24,12,12,288,5,12,7,293,5
325,25,12,12,288,5,12,7,293,5
325,26,12,12,288,5,12,7,293,5
325,27,12,13,287,9,12,4,296,9
325,28,12,13,287,9,12,4,296,9
325,29,12,13,287,10,12,3,297,10
325,30,12,13,287,10,12,3,297,10
325,31,12,13,287,10,12,3,297,10
325,32,12,13,287,-7,12,20,280,-7
325,33,12,14,286,-7,12,21,279,-7
325,34,12,15,285,0,12,15,285,0
325,35,12,15,285,0,12,15,285,0
325,36,12,10,290,8,12,2,298,8
325,37,12,10,290,8,12,2,298,8
325,38,12,10,290,8,12,2,298,8
325,39,12,11,289,-2,12,13,287,-2
325,40,12,11,289,-2,12,13,287,-2
325,41,12,12,288,6,12,6,294,6
325,42,12,12,288,6,12,6,294,6
325,43,12,12,288,6,12,6,294,6
325,44,12,13,287,-2,12,15,285,-2
325,45,12,13,287,-2,12,15,285,-2
325,46,12,13,287,-2,12,15,285,-2
325,47,4,14,86,0,4,14,86,0
325,48,12,12,288,10,12,2,298,10
325,49,12,12,288,10,12,2,298,10
325,50,12,12,288,10,12,2,298,10
325,51,12,13,287,3,12,10,290,3
325,52,12,13,287,3,12,10,290,3
325,53,12,11,289,9,12,2,298,9
325,54,12,11,289,9,12,2,298,9
325,55,12,12,288,0,12,12,288,0
325,56,12,12,288,0,12,12,288,0
325,57,12,12,288,-6,12,18,282,-6
325,58,12,12,288,-6,12,18,282,-6
325,59,4,14,86,0,4,14,86,0
325,60,12,15,285,5,12,10,290,5
325,61,12,15,285,5,12,10,290,5
325,62,12,15,285,5,12,10,290,5
325,63,12,13,287,7,12,6,294,7
325,64,12,13,287,7,12,6,294,7
325,65,12,14,286,8,12,6,294,8
325,66,12,14,286,8,12,6,294,8
325,67,12,14,286,8,12,6,294,8
325,68,12,14,286,-6,12,20,280,-6
325,69,12,14,286,-6,12,20,280,-6
325,70,12,14,286,-6,12,20,280,-6
325,71,4,14,86,0,4,14,86,0
325,72,12,10,290,-1,12,11,289,-1
325,73,12,10,290,-1,12,11,289,-1
325,74,12,11,289,-3,12,14,286,-3
325,75,12,11,289,-3,12,14,286,-3
325,76,12,12,288,-2,12,14,286,-2
325,77,12,12,288,-2,12,14,286,-2
325,78,12,12,288,-7,12,19,281,-7
325,79,12,12,288,-7,12,19,281,-7
325,80,12,13,287,8,12,5,295,8
325,81,12,13,287,8,12,5,295,8
325,82,12,13,287,8,12,5,295,8
325,83,4,14,86,0,4,14,86,0
325,84,12,13,287,7,12,6,294,7
325,85,12,13,287,7,12,6,294,7
325,86,12,13,287,7,12,6,294,7
325,87,12,11,289,5,12,6,294,5
325,88,12,11,289,5,12,6,294,5
325,89,12,14,286,-9,12,23,277,-9
325,90,12,14,286,-9,12,23,277,-9
325,91,12,14,286,-9,12,23,277,-9
325,92,12,15,285,8,12,7,293,8
325,93,12,15,285,8,12,7,293,8
325,94,12,14,286,5,12,9,291,5
325,95,12,14,286,5,12,9,291,5
326,0,10,10,240,8,10,2,248,8
326,1,10,10,240,8,10,2,248,8
326,2,10,11,239,6,10,5,245,6
326,3,10,11,239,6,10,5,245,6
326,4,10,11,239,6,10,5,245,6
326,5,10,15,235,-2,10,17,233,-2
326,6,10,15,235,-2,10,17,233,-2
326,7,10,9,241,-5,10,14,236,-5
326,8,10,9,241,-5,10,14,236,-5
326,9,10,12,238,-8,10,20,230,-8
326,10,10,12,238,-8,10,20,230,-8
326,11,10,12,238,-8,10,20,230,-8
326,12,3,10,65,0,3,10,65,0
326,13,3,10,65,0,3,10,65,0
326,14,3,10,65,0,3,10,65,0
326,15,3,10,65,0,3,10,65,0
326,16,3,10,65,0,3,10,65,0
326,17,3,10,65,0,3,10,65,0
326,18,3,10,65,0,3,10,65,0
326,19,3,10,65,0,3,10,65,0
326,20,3,10,65,0,3,10,65,0
326,21,3,10,65,0,3,10,65,0
326,22,3,10,65,0,3,10,65,0
326,23,3,10,65,0,3,10,65,0
326,24,3,11,64,0,3,11,64,0
326,25,3,11,64,0,3,11,64,0
326,26,3,11,64,0,3,11,64,0
326,27,3,11,64,0,3,11,64,0
326,28,3,11,64,0,3,11,64,0
326,29,3,11,64,0,3,11,64,0
326,30,3,11,64,0,3,11,64,0
326,31,3,11,64,0,3,11,64,0
326,32,3,11,64,0,3,11,64,0
326,33,3,11,64,0,3,11,64,0
326,34,3,11,64,0,3,11,64,0
326,35,3,11,64,0,3,11,64,0
326,36,10,12,238,9,10,3,247,9
326,37,10,12,238,9,10,3,247,9
326,38,10,14,236,9,10,5,245,9
326,39,10,14,236,9,10,5,245,9
326,40,10,18,232,5,10,13,237,5
326,41,10,18,232,5,10,13,237,5
326,42,10,18,232,5,10,13,237,5
326,43,10,10,240,8,10,2,248,8
326,44,10,10,240,8,10,2,248,8
326,45,2,14,36,0,2,14,36,0
326,46,10,15,235,-8,10,23,227,-8
326,47,10,15,235,-8,10,23,227,-8
326,48,10,15,235,-10,9,0,225,-10
326,49,10,15,235,-10,9,0,225,-10
326,50,10,19,231,-10,9,4,221,-10
326,51,10,15,235,4,10,11,239,4
326,52,10,15,235,4,10,11,239,4
326,53,10,15,235,4,10,11,239,4
326,54,10,11,239,1,10,10,240,1
326,55,10,11,239,1,10,10,240,1
326,56,10,16,234,1,10,15,235,1
326,57,10,16,234,1,10,15,235,1
326,58,10,16,234,1,10,15,235,1
326,59,2,14,36,0,2,14,36,0
326,60,10,14,236,10,10,4,246,10
326,61,10,14,236,10,10,4,246,10
326,62,10,14,236,10,10,4,246,10
326,63,10,15,235,0,10,15,235,0
326,64,10,15,235,0,10,15,235,0
326,65,10,13,237,-1,10,14,236,-1
326,66,10,13,237,-1,10,14,236,-1
326,67,10,13,237,-1,10,14,236,-1
326,68,10,17,233,8,10,9,241,8
326,69,10,17,233,8,10,9,241,8
326,70,10,17,233,8,10,9,241,8
326,71,2,14,36,0,2,14,36,0
326,72,10,13,237,-1,10,14,236,-1
326,73,10,13,237,-1,10,14,236,-1
326,74,10,13,237,-1,10,14,236,-1
326,75,10,14,236,-9,10,23,227,-9
326,76,10,14,236,-9,10,23,227,-9
326,77,10,14,236,-9,10,23,227,-9
326,78,10,11,239,-2,10,13,237,-2
326,79,10,10,240,-2,10,12,238,-2
326,80,10,16,234,-3,10,19,231,-3
326,81,10,16,234,-3,10,19,231,-3
326,82,10,18,232,2,10,16,234,2
326,83,10,18,232,2,10,16,234,2
326,84,10,16,234,4,10,12,238,4
326,85,10,16,234,4,10,12,238,4
326,86,10,16,234,4,10,12,238,4
326,87,10,14,236,-6,10,20,230,-6
326,88,10,14,236,-6,10,20,230,-6
326,89,10,13,237,1,10,12,238,1
326,90,10,13,237,1,10,12,238,1
326,91,10,15,235,1,10,14,236,1
326,92,10,15,235,1,10,14,236,1
326,93,2,14,36,0,2,14,36,0
326,94,10,15,235,-1,10,16,234,-1
326,95,10,15,235,-1,10,16,234,-1
327,0,10,10,240,0,10,10,240,0
327,1,10,10,240,0,10,10,240,0
327,2,10,12,238,0,10,12,238,0
327,3,10,12,238,0,10,12,238,0
327,4,10,12,238,0,10,12,238,0
327,5,10,12,238,10,10,2,248,10
327,6,10,12,238,10,10,2,248,10
327,7,10,9,241,-6,10,15,235,-6
327,8,10,9,241,-6,10,15,235,-6
327,9,10,15,235,10,10,5,245,10
327,10,10,15,235,10,10,5,245,10
327,11,10,15,235,10,10,5,245,10
327,12,3,10,65,0,3,10,65,0
327,13,3,10,65,0,3,10,65,0
327,14,3,10,65,0,3,10,65,0
327,15,3,10,65,0,3,10,65,0
327,16,3,10,65,0,3,10,65,0
327,17,3,10,65,0,3,10,65,0
327,18,3,10,65,0,3,10,65,0
327,19,3,10,65,0,3,10,65,0
327,20,3,10,65,0,3,10,65,0
327,21,3,10,65,0,3,10,65,0
327,22,3,10,65,0,3,10,65,0
327,23,3,10,65,0,3,10,65,0
327,24,3,11,64,0,3,11,64,0
327,25,3,11,64,0,3,11,64,0
327,26,3,11,64,0,3,11,64,0
327,27,3,11,64,0,3,11,64,0
327,28,3,11,64,0,3,11,64,0
327,29,3,11,64,0,3,11,64,0
327,30,3,11,64,0,3,11,64,0
327,31,3,11,64,0,3,11,64,0
327,32,3,11,64,0,3,11,64,0
327,33,3,11,64,0,3,11,64,0
327,34,3,11,64,0,3,11,64,0
327,35,3,11,64,0,3,11,64,0
327,36,10,12,238,6,10,6,244,6
327,37,10,12,238,6,10,6,244,6
327,38,10,11,239,-10,10,21,229,-10
327,39,10,11,239,-10,10,21,229,-10
327,40,10,17,233,-6,10,23,227,-6
327,41,10,17,233,-6,10,23,227,-6
327,42,10,17,233,-6,10,23,227,-6
327,43,10,12,238,-8,10,20,230,-8
327,44,10,13,237,-8,10,21,229,-8
327,45,2,13,37,0,2,13,37,0
327,46,10,16,234,10,10,6,244,10
327,47,10,16,234,10,10,6,244,10
327,48,10,16,234,3,10,13,237,3
327,49,10,16,234,3,10,13,237,3
327,50,10,16,234,3,10,13,237,3
327,51,10,13,237,-1,10,14,236,-1
327,52,10,13,237,-1,10,14,236,-1
327,53,10,13,237,-1,10,14,236,-1
327,54,10,11,239,-4,10,15,235,-4
327,55,10,11,239,-4,10,15,235,-4
327,56,10,14,236,-6,10,20,230,-6
327,57,10,14,236,-6,10,20,230,-6
327,58,10,14,236,-6,10,20,230,-6
327,59,2,13,37,0,2,13,37,0
327,60,10,16,234,7,10,9,241,7
327,61,10,16,234,7,10,9,241,7
327,62,10,16,234,7,10,9,241,7
327,63,10,14,236,-3,10,17,233,-3
327,64,10,14,236,-3,10,17,233,-3
327,65,10,15,235,-7,10,22,228,-7
327,66,10,15,235,-7,10,22,228,-7
327,67,10,15,235,-7,10,22,228,-7
327,68,10,16,234,5,10,11,239,5
327,69,10,16,234,5,10,11,239,5
327,70,10,16,234,5,10,11,239,5
327,71,2,13,37,0,2,13,37,0
327,72,10,15,235,1,10,14,236,1
327,73,10,16,234,1,10,15,235,1
327,74,10,15,235,1,10,14,236,1
327,75,10,13,237,3,10,10,240,3
327,76,10,13,237,3,10,10,240,3
327,77,10,13,237,3,10,10,240,3
327,78,10,11,239,-2,10,13,237,-2
327,79,10,11,239,-2,10,13,237,-2
327,80,10,16,234,-7,10,23,227,-7
327,81,10,16,234,-7,10,23,227,-7
327,82,10,15,235,5,10,10,240,5
327,83,10,16,234,5,10,11,239,5
327,84,10,17,233,8,10,9,241,8
327,85,10,17,233,8,10,9,241,8
327,86,10,17,233,8,10,9,241,8
327,87,10,14,236,10,10,4,246,10
327,88,10,14,236,10,10,4,246,10
327,89,10,12,238,4,10,8,242,4
327,90,10,12,238,4,10,8,242,4
327,91,10,14,236,2,10,12,238,2
327,92,10,14,236,2,10,12,238,2
327,93,2,14,36,0,2,14,36,0
327,94,10,14,236,10,10,4,246,10
327,95,10,14,236,10,10,4,246,10
328,0,10,10,240,4,10,6,244,4
328,1,10,10,240,4,10,6,244,4
328,2,10,12,238,-10,10,22,228,-10
328,3,10,11,239,-10,10,21,229,-10
328,4,10,12,238,-10,10,22,228,-10
328,5,10,15,235,10,10,5,245,10
328,6,10,15,235,10,10,5,245,10
328,7,10,8,242,7,10,1,249,7
328,8,10,8,242,7,10,1,249,7
328,9,10,11,239,-7,10,18,232,-7
328,10,10,11,239,-7,10,18,232,-7
328,11,10,11,239,-7,10,18,232,-7
328,12,3,10,65,0,3,10,65,0
328,13,3,10,65,0,3,10,65,0
328,14,3,10,65,0,3,10,65,0
328,15,3,10,65,0,3,10,65,0
328,16,3,10,65,0,3,10,65,0
328,17,3,10,65,0,3,10,65,0
328,18,3,10,65,0,3,10,65,0
328,19,3,10,65,0,3,10,65,0
328,20,3,10,65,0,3,10,65,0
328,21,3,10,65,0,3,10,65,0
328,22,3,10,65,0,3,10,65,0
328,23,3,10,65,0,3,10,65,0
328,24,3,10,65,0,3,10,65,0
328,25,3,10,65,0,3,10,65,0
328,26,3,10,65,0,3,10,65,0
328,27,3,10,65,0,3,10,65,0
328,28,3,10,65,0,3,10,65,0
328,29,3,10,65,0,3,10,65,0
328,30,3,10,65,0,3,10,65,0
328,31,3,10,65,0,3,10,65,0
328,32,3,10,65,0,3,10,65,0
328,33,3,10,65,0,3,10,65,0
328,34,3,10,65,0,3,10,65,0
328,35,3,10,65,0,3,10,65,0
328,36,10,14,236,-2,10,16,234,-2
328,37,10,14,236,-2,10,16,234,-2
328,38,10,12,238,-4,10,16,234,-4
328,39,10,12,238,-4,10,16,234,-4
328,40,10,16,234,7,10,9,241,7
328,41,10,16,234,7,10,9,241,7
328,42,10,16,234,7,10,9,241,7
328,43,10,8,242,-9,10,17,233,-9
328,44,10,8,242,-9,10,17,233,-9
328,45,2,12,38,0,2,12,38,0
328,46,10,15,235,-2,10,17,233,-2
328,47,10,15,235,-2,10,17,233,-2
328,48,10,13,237,-4,10,17,233,-4
328,49,10,12,238,-4,10,16,234,-4
328,50,10,12,238,-4,10,16,234,-4
328,51,10,15,235,-5,10,20,230,-5
328,52,10,15,235,-5,10,20,230,-5
328,53,10,15,235,-5,10,20,230,-5
328,54,10,9,241,-10,10,19,231,-10
328,55,10,9,241,-10,10,19,231,-10
328,56,10,14,236,-2,10,16,234,-2
328,57,10,14,236,-2,10,16,234,-2
328,58,10,14,236,-2,10,16,234,-2
328,59,2,12,38,0,2,12,38,0
328,60,10,15,235,7,10,8,242,7
328,61,10,15,235,7,10,8,242,7
328,62,10,15,235,7,10,8,242,7
328,63,10,15,235,-9,10,24,226,-9
328,64,10,15,235,-9,10,24,226,-9
328,65,10,16,234,-4,10,20,230,-4
328,66,10,16,234,-4,10,20,230,-4
328,67,10,16,234,-4,10,20,230,-4
328,68,10,15,235,10,10,5,245,10
328,69,10,15,235,10,10,5,245,10
328,70,10,15,235,10,10,5,245,10
328,71,2,12,38,0,2,12,38,0
328,72,10,12,238,-10,10,22,228,-10
328,73,10,12,238,-10,10,22,228,-10
328,74,10,12,238,-10,10,22,228,-10
328,75,10,11,239,-9,10,20,230,-9
328,76,10,11,239,-9,10,20,230,-9
328,77,10,11,239,-9,10,20,230,-9
328,78,10,10,240,-3,10,13,237,-3
328,79,10,10,240,-3,10,13,237,-3
328,80,10,14,236,-2,10,16,234,-2
328,81,10,14,236,-2,10,16,234,-2
328,82,10,15,235,-4,10,19,231,-4
328,83,10,15,235,-4,10,19,231,-4
328,84,10,13,237,-1,10,14,236,-1
328,85,10,13,237,-1,10,14,236,-1
328,86,10,13,237,-1,10,14,236,-1
328,87,10,15,235,-7,10,22,228,-7
328,88,10,15,235,-7,10,22,228,-7
328,89,10,14,236,-2,10,16,234,-2
328,90,10,14,236,-2,10,16,234,-2
328,91,10,12,238,7,10,5,245,7
328,92,10,12,238,7,10,5,245,7
328,93,2,13,37,0,2,13,37,0
328,94,10,17,233,-10,9,2,223,-10
328,95,10,17,233,-10,9,2,223,-10
329,0,10,8,242,6,10,2,248,6
329,1,10,8,242,6,10,2,248,6
329,2,10,8,242,6,10,2,248,6
329,3,10,9,241,-1,10,10,240,-1
329,4,10,9,241,-1,10,10,240,-1
329,5,10,12,238,3,10,9,241,3
329,6,10,12,238,3,10,9,241,3
329,7,10,12,238,3,10,9,241,3
329,8,10,13,237,-6,10,19,231,-6
329,9,10,13,237,-6,10,19,231,-6
329,10,10,13,237,-6,10,19,231,-6
329,11,2,11,39,0,2,11,39,0
329,12,3,10,65,0,3,10,65,0
329,13,3,10,65,0,3,10,65,0
329,14,3,10,65,0,3,10,65,0
329,15,3,10,65,0,3,10,65,0
329,16,3,10,65,0,3,10,65,0
329,17,3,10,65,0,3,10,65,0
329,18,3,10,65,0,3,10,65,0
329,19,3,10,65,0,3,10,65,0
329,20,3,10,65,0,3,10,65,0
329,21,3,10,65,0,3,10,65,0
329,22,3,10,65,0,3,10,65,0
329,23,3,10,65,0,3,10,65,0
329,24,10,11,239,-7,10,18,232,-7
329,25,10,11,239,-7,10,18,232,-7
329,26,10,11,239,-7,10,18,232,-7
329,27,10,14,236,9,10,5,245,9
329,28,10,14,236,9,10,5,245,9
329,29,10,7,243,-8,10,15,235,-8
329,30,10,7,243,-8,10,15,235,-8
329,31,10,13,237,1,10,12,238,1
329,32,10,13,237,1,10,12,238,1
329,33,10,13,237,0,10,13,237,0
329,34,10,13,237,0,10,13,237,0
329,35,2,11,39,0,2,11,39,0
329,36,10,12,238,-1,10,13,237,-1
329,37,10,12,238,-1,10,13,237,-1
329,38,10,12,238,-1,10,13,237,-1
329,39,10,11,239,-7,10,18,232,-7
329,40,10,11,239,-7,10,18,232,-7
329,41,10,11,239,-1,10,12,238,-1
329,42,10,11,239,-1,10,12,238,-1
329,43,10,11,239,-1,10,12,238,-1
329,44,10,14,236,-10,10,24,226,-10
329,45,10,14,236,-10,10,24,226,-10
329,46,10,14,236,-10,10,24,226,-10
329,47,2,12,38,0,2,12,38,0
329,48,10,12,238,3,10,9,241,3
329,49,10,12,238,3,10,9,241,3
329,50,10,14,236,6,10,8,242,6
329,51,10,14,236,6,10,8,242,6
329,52,10,8,242,7,10,1,249,7
329,53,10,8,242,7,10,1,249,7
329,54,10,11,239,-4,10,15,235,-4
329,55,10,11,239,-4,10,15,235,-4
329,56,10,15,235,1,10,14,236,1
329,57,10,15,235,1,10,14,236,1
329,58,10,15,235,1,10,14,236,1
329,59,2,12,38,0,2,12,38,0
329,60,10,12,238,5,10,7,243,5
329,61,10,12,238,5,10,7,243,5
329,62,10,12,238,5,10,7,243,5
329,63,10,13,237,-2,10,15,235,-2
329,64,10,13,237,-2,10,15,235,-2
329,65,10,14,236,-10,10,24,226,-10
329,66,10,14,236,-10,10,24,226,-10
329,67,10,14,236,-10,10,24,226,-10
329,68,10,14,236,2,10,12,238,2
329,69,10,14,236,2,10,12,238,2
329,70,10,15,235,4,10,11,239,4
329,71,10,15,235,4,10,11,239,4
329,72,10,10,240,3,10,7,243,3
329,73,10,10,240,3,10,7,243,3
329,74,10,10,240,3,10,7,243,3
329,75,10,10,240,-9,10,19,231,-9
329,76,10,10,240,-9,10,19,231,-9
329,77,10,11,239,-1,10,12,238,-1
329,78,10,11,239,-1,10,12,238,-1
329,79,10,11,239,-1,10,12,238,-1
329,80,10,14,236,5,10,9,241,5
329,81,10,14,236,5,10,9,241,5
329,82,10,14,236,5,10,9,241,5
329,83,2,13,37,0,2,13,37,0
329,84,10,12,238,10,10,2,248,10
329,85,10,12,238,10,10,2,248,10
329,86,10,12,238,10,10,2,248,10
329,87,10,14,236,-5,10,19,231,-5
329,88,10,14,236,-5,10,19,231,-5
329,89,10,13,237,-3,10,16,234,-3
329,90,10,13,237,-3,10,16,234,-3
329,91,10,12,238,6,10,6,244,6
329,92,10,12,238,6,10,6,244,6
329,93,10,11,239,-3,10,14,236,-3
329,94,10,11,239,-3,10,14,236,-3
329,95,2,13,37,0,2,13,37,0
330,0,10,13,237,10,10,3,247,10
330,1,10,12,238,10,10,2,248,10
330,2,10,12,238,10,10,2,248,10
330,3,10,13,237,-2,10,15,235,-2
330,4,10,13,237,-2,10,15,235,-2
330,5,10,9,241,8,10,1,249,8
330,6,10,9,241,8,10,1,249,8
330,7,10,9,241,8,10,1,249,8
330,8,10,14,236,-4,10,18,232,-4
330,9,10,14,236,-4,10,18,232,-4
330,10,10,14,236,-4,10,18,232,-4
330,11,2,11,39,0,2,11,39,0
330,12,10,9,241,5,10,4,246,5
330,13,10,9,241,5,10,4,246,5
330,14,10,11,239,-6,10,17,233,-6
330,15,10,11,239,-6,10,17,233,-6
330,16,10,12,238,-10,10,22,228,-10
330,17,10,12,238,-10,10,22,228,-10
330,18,10,12,238,0,10,12,238,0
330,19,10,12,238,0,10,12,238,0
330,20,10,14,236,5,10,9,241,5
330,21,10,14,236,5,10,9,241,5
330,22,10,14,236,5,10,9,241,5
330,23,2,12,38,0,2,12,38,0
330,24,10,10,240,7,10,3,247,7
330,25,10,10,240,7,10,3,247,7
330,26,10,10,240,7,10,3,247,7
330,27,10,14,236,5,10,9,241,5
330,28,10,14,236,5,10,9,241,5
330,29,10,13,237,1,10,12,238,1
330,30,10,13,237,1,10,12,238,1
330,31,10,13,237,1,10,12,238,1
330,32,10,15,235,9,10,6,244,9
330,33,10,15,235,9,10,6,244,9
330,34,10,15,235,-8,10,23,227,-8
330,35,10,16,234,-8,10,24,226,-8
330,36,10,12,238,9,10,3,247,9
330,37,10,12,238,9,10,3,247,9
330,38,10,12,238,9,10,3,247,9
330,39,10,11,239,-9,10,20,230,-9
330,40,10,11,239,-9,10,20,230,-9
330,41,10,15,235,-10,9,0,225,-10
330,42,10,15,235,-10,9,0,225,-10
330,43,10,15,235,-10,9,0,225,-10
330,44,10,14,236,5,10,9,241,5
330,45,10,14,236,5,10,9,241,5
330,46,10,14,236,5,10,9,241,5
330,47,2,13,37,0,2,13,37,0
330,48,10,10,240,6,10,4,246,6
330,49,10,10,240,6,10,4,246,6
330,50,10,10,240,6,10,4,246,6
330,51,10,12,238,-8,10,20,230,-8
330,52,10,12,238,-8,10,20,230,-8
330,53,10,13,237,10,10,3,247,10
330,54,10,13,237,10,10,3,247,10
330,55,10,12,238,9,10,3,247,9
330,56,10,12,238,9,10,3,247,9
330,57,10,14,236,-5,10,19,231,-5
330,58,10,14,236,-5,10,19,231,-5
330,59,2,13,37,0,2,13,37,0
330,60,10,14,236,9,10,5,245,9
330,61,10,14,236,9,10,5,245,9
330,62,10,14,236,9,10,5,245,9
330,63,10,13,237,-1,10,14,236,-1
330,64,10,13,237,-1,10,14,236,-1
330,65,10,12,238,6,10,6,244,6
330,66,10,12,238,6,10,6,244,6
330,67,10,12,238,6,10,6,244,6
330,68,10,13,237,-5,10,18,232,-5
330,69,10,13,237,-5,10,18,232,-5
330,70,10,13,237,-5,10,18,232,-5
330,71,10,13,237,-1,10,14,236,-1
330,72,10,11,239,7,10,4,246,7
330,73,10,11,239,7,10,4,246,7
330,74,10,12,238,-5,10,17,233,-5
330,75,10,12,238,-5,10,17,233,-5
330,76,10,13,237,7,10,6,244,7
330,77,10,14,236,7,10,7,243,7
330,78,10,9,241,-8,10,17,233,-8
330,79,10,9,241,-8,10,17,233,-8
330,80,10,17,233,4,10,13,237,4
330,81,10,17,233,4,10,13,237,4
330,82,10,17,233,4,10,13,237,4
330,83,2,14,36,0,2,14,36,0
330,84,10,13,237,3,10,10,240,3
330,85,10,13,237,3,10,10,240,3
330,86,10,13,237,3,10,10,240,3
330,87,10,10,240,-10,10,20,230,-10
330,88,10,10,240,-10,10,20,230,-10
330,89,10,13,237,-5,10,18,232,-5
330,90,10,13,237,-5,10,18,232,-5
330,91,2,14,36,0,2,14,36,0
330,92,10,13,237,-7,10,20,230,-7
330,93,10,13,237,-7,10,20,230,-7
330,94,10,14,236,1,10,13,237,1
330,95,10,14,236,1,10,13,237,1
331,0,10,12,238,7,10,5,245,7
331,1,10,12,238,7,10,5,245,7
331,2,10,12,238,7,10,5,245,7
331,3,10,11,239,7,10,4,246,7
331,4,10,11,239,7,10,4,246,7
331,5,10,13,237,-7,10,20,230,-7
331,6,10,13,237,-7,10,20,230,-7
331,7,10,13,237,-7,10,20,230,-7
331,8,10,14,236,6,10,8,242,6
331,9,10,14,236,6,10,8,242,6
331,10,10,14,236,6,10,8,242,6
331,11,2,12,38,0,2,12,38,0
331,12,3,10,65,0,3,10,65,0
331,13,3,10,65,0,3,10,65,0
331,14,3,10,65,0,3,10,65,0
331,15,3,10,65,0,3,10,65,0
331,16,3,10,65,0,3,10,65,0
331,17,3,10,65,0,3,10,65,0
331,18,3,10,65,0,3,10,65,0
331,19,3,10,65,0,3,10,65,0
331,20,3,10,65,0,3,10,65,0
331,21,3,10,65,0,3,10,65,0
331,22,3,10,65,0,3,10,65,0
331,23,3,10,65,0,3,10,65,0
331,24,10,14,236,-7,10,21,229,-7
331,25,10,14,236,-7,10,21,229,-7
331,26,10,14,236,-7,10,21,229,-7
331,27,10,15,235,9,10,6,244,9
331,28,10,15,235,9,10,6,244,9
331,29,10,12,238,9,10,3,247,9
331,30,10,12,238,9,10,3,247,9
331,31,10,12,238,9,10,3,247,9
331,32,10,12,238,9,10,3,247,9
331,33,10,15,235,7,10,8,242,7
331,34,10,15,235,7,10,8,242,7
331,35,2,13,37,0,2,13,37,0
331,36,10,12,238,7,10,5,245,7
331,37,10,12,238,7,10,5,245,7
331,38,10,12,238,7,10,5,245,7
331,39,10,17,233,-8,9,0,225,-8
331,40,10,17,233,-8,9,0,225,-8
331,41,10,13,237,-2,10,15,235,-2
331,42,10,13,237,-2,10,15,235,-2
331,43,10,13,237,-2,10,15,235,-2
331,44,10,15,235,2,10,13,237,2
331,45,10,15,235,2,10,13,237,2
331,46,10,15,235,2,10,13,237,2
331,47,2,13,37,0,2,13,37,0
331,48,10,15,235,10,10,5,245,10
331,49,10,15,235,10,10,5,245,10
331,50,10,14,236,8,10,6,244,8
331,51,10,14,236,8,10,6,244,8
331,52,10,10,240,-2,10,12,238,-2
331,53,10,10,240,-2,10,12,238,-2
331,54,10,10,240,0,10,10,240,0
331,55,10,10,240,0,10,10,240,0
331,56,10,14,236,-5,10,19,231,-5
331,57,10,14,236,-5,10,19,231,-5
331,58,10,14,236,-5,10,19,231,-5
331,59,2,13,37,0,2,13,37,0
331,60,10,15,235,3,10,12,238,3
331,61,10,15,235,3,10,12,238,3
331,62,10,15,235,3,10,12,238,3
331,63,10,15,235,-1,10,16,234,-1
331,64,10,15,235,-1,10,16,234,-1
331,65,10,16,234,-8,10,24,226,-8
331,66,10,16,234,-8,10,24,226,-8
331,67,10,16,234,-8,10,24,226,-8
331,68,10,17,233,-3,10,20,230,-3
331,69,10,17,233,-3,10,20,230,-3
331,70,10,17,233,7,10,10,240,7
331,71,10,17,233,7,10,10,240,7
331,72,10,14,236,3,10,11,239,3
331,73,10,14,236,3,10,11,239,3
331,74,10,14,236,3,10,11,239,3
331,75,10,10,240,-3,10,13,237,-3
331,76,10,10,240,-3,10,13,237,-3
331,77,10,16,234,2,10,14,236,2
331,78,10,16,234,2,10,14,236,2
331,79,10,16,234,2,10,14,236,2
331,80,10,16,234,-2,10,18,232,-2
331,81,10,16,234,-2,10,18,232,-2
331,82,10,16,234,-2,10,18,232,-2
331,83,2,14,36,0,2,14,36,0
331,84,10,13,237,3,10,10,240,3
331,85,10,13,237,3,10,10,240,3
331,86,10,13,237,3,10,10,240,3
331,87,10,16,234,-1,10,17,233,-1
331,88,10,16,234,-1,10,17,233,-1
331,89,10,13,237,-6,10,19,231,-6
331,90,10,12,238,-6,10,18,232,-6
331,91,10,11,239,-4,10,15,235,-4
331,92,10,11,239,-4,10,15,235,-4
331,93,10,15,235,-10,9,0,225,-10
331,94,10,15,235,-10,9,0,225,-10
331,95,10,15,235,-10,9,0,225,-10
332,0,10,10,240,-7,10,17,233,-7
332,1,10,10,240,-7,10,17,233,-7
332,2,10,14,236,-1,10,15,235,-1
332,3,10,15,235,-3,10,18,232,-3
332,4,10,15,235,-3,10,18,232,-3
332,5,10,13,237,2,10,11,239,2
332,6,10,13,237,2,10,11,239,2
332,7,10,13,237,2,10,11,239,2
332,8,10,14,236,7,10,7,243,7
332,9,10,14,236,7,10,7,243,7
332,10,10,14,236,7,10,7,243,7
332,11,10,14,236,-1,10,15,235,-1
332,12,10,13,237,-6,10,19,231,-6
332,13,10,13,237,-6,10,19,231,-6
332,14,10,13,237,5,10,8,242,5
332,15,10,13,237,5,10,8,242,5
332,16,10,12,238,5,10,7,243,5
332,17,10,12,238,5,10,7,243,5
332,18,10,14,236,10,10,4,246,10
332,19,10,14,236,10,10,4,246,10
332,20,10,16,234,-6,10,22,228,-6
332,21,10,16,234,-6,10,22,228,-6
332,22,10,16,234,-6,10,22,228,-6
332,23,2,13,37,0,2,13,37,0
332,24,2,13,37,0,2,13,37,0
332,25,10,14,236,1,10,13,237,1
332,26,2,13,37,0,2,13,37,0
332,27,10,14,236,1,10,13,237,1
332,28,10,14,236,1,10,13,237,1
332,29,10,15,235,-2,10,17,233,-2
332,30,10,15,235,-2,10,17,233,-2
332,31,10,15,235,-2,10,17,233,-2
332,32,10,16,234,-3,10,19,231,-3
332,33,10,16,234,-3,10,19,231,-3
332,34,10,16,234,2,10,14,236,2
332,35,10,16,234,2,10,14,236,2
332,36,10,13,237,-6,10,19,231,-6
332,37,10,12,238,-6,10,18,232,-6
332,38,10,13,237,-6,10,19,231,-6
332,39,10,12,238,-3,10,15,235,-3
332,40,10,12,238,-3,10,15,235,-3
332,41,10,16,234,-5,10,21,229,-5
332,42,10,16,234,-5,10,21,229,-5
332,43,10,16,234,-5,10,21,229,-5
332,44,10,16,234,6,10,10,240,6
332,45,10,16,234,6,10,10,240,6
332,46,10,16,234,6,10,10,240,6
332,47,2,14,36,0,2,14,36,0
332,48,10,14,236,-5,10,19,231,-5
332,49,10,14,236,-5,10,19,231,-5
332,50,10,14,236,-5,10,19,231,-5
332,51,10,15,235,0,10,15,235,0
332,52,10,15,235,0,10,15,235,0
332,53,10,14,236,4,10,10,240,4
332,54,10,14,236,4,10,10,240,4
332,55,10,13,237,3,10,10,240,3
332,56,10,13,237,3,10,10,240,3
332,57,10,12,238,10,10,2,248,10
332,58,10,12,238,10,10,2,248,10
332,59,2,14,36,0,2,14,36,0
332,60,10,16,234,1,10,15,235,1
332,61,10,16,234,1,10,15,235,1
332,62,10,16,234,1,10,15,235,1
332,63,10,16,234,5,10,11,239,5
332,64,10,16,234,5,10,11,239,5
332,65,10,15,235,-3,10,18,232,-3
332,66,10,16,234,-3,10,19,231,-3
332,67,10,15,235,-3,10,18,232,-3
332,68,10,16,234,4,10,12,238,4
332,69,10,16,234,4,10,12,238,4
332,70,10,16,234,4,10,12,238,4
332,71,2,15,35,0,2,15,35,0
332,72,10,10,240,-2,10,12,238,-2
332,73,2,15,35,0,2,15,35,0
332,74,10,14,236,8,10,6,244,8
332,75,10,14,236,8,10,6,244,8
332,76,10,14,236,0,10,14,236,0
332,77,10,14,236,0,10,14,236,0
332,78,10,11,239,4,10,7,243,4
332,79,10,11,239,4,10,7,243,4
332,80,10,17,233,-5,10,22,228,-5
332,81,10,17,233,-5,10,22,228,-5
332,82,10,17,233,-5,10,22,228,-5
332,83,10,10,240,-2,10,12,238,-2
332,84,10,14,236,3,10,11,239,3
332,85,10,14,236,3,10,11,239,3
332,86,10,14,236,3,10,11,239,3
332,87,10,15,235,-6,10,21,229,-6
332,88,10,14,236,-6,10,20,230,-6
332,89,10,17,233,8,10,9,241,8
332,90,10,17,233,8,10,9,241,8
332,91,10,17,233,8,10,9,241,8
332,92,10,16,234,4,10,12,238,4
332,93,10,15,235,4,10,11,239,4
332,94,10,16,234,-1,10,17,233,-1
332,95,10,16,234,-1,10,17,233,-1
333,0,10,10,240,4,10,6,244,4
333,1,10,10,240,4,10,6,244,4
333,2,10,10,240,-2,10,12,238,-2
333,3,10,10,240,-2,10,12,238,-2
333,4,10,10,240,-2,10,12,238,-2
333,5,10,14,236,-1,10,15,235,-1
333,6,10,14,236,-1,10,15,235,-1
333,7,10,9,241,0,10,9,241,0
333,8,10,9,241,0,10,9,241,0
333,9,10,10,240,0,10,10,240,0
333,10,10,10,240,0,10,10,240,0
333,11,10,10,240,0,10,10,240,0
333,12,3,10,65,0,3,10,65,0
333,13,3,10,65,0,3,10,65,0
333,14,3,10,65,0,3,10,65,0
333,15,3,10,65,0,3,10,65,0
333,16,3,10,65,0,3,10,65,0
333,17,3,10,65,0,3,10,65,0
333,18,3,10,65,0,3,10,65,0
333,19,3,10,65,0,3,10,65,0
333,20,3,10,65,0,3,10,65,0
333,21,3,10,65,0,3,10,65,0
333,22,3,10,65,0,3,10,65,0
333,23,3,10,65,0,3,10,65,0
333,24,3,11,64,0,3,11,64,0
333,25,3,11,64,0,3,11,64,0
333,26,3,11,64,0,3,11,64,0
333,27,3,11,64,0,3,11,64,0
333,28,3,11,64,0,3,11,64,0
333,29,3,11,64,0,3,11,64,0
333,30,3,11,64,0,3,11,64,0
333,31,3,11,64,0,3,11,64,0
333,32,3,11,64,0,3,11,64,0
333,33,3,11,64,0,3,11,64,0
333,34,3,11,64,0,3,11,64,0
333,35,3,11,64,0,3,11,64,0
333,36,10,11,239,6,10,5,245,6
333,37,10,11,239,6,10,5,245,6
333,38,10,9,241,5,10,4,246,5
333,39,10,9,241,5,10,4,246,5
333,40,10,15,235,3,10,12,238,3
333,41,10,15,235,3,10,12,238,3
333,42,10,15,235,3,10,12,238,3
333,43,10,7,243,7,10,0,250,7
333,44,10,7,243,7,10,0,250,7
333,45,2,13,37,0,2,13,37,0
333,46,10,14,236,3,10,11,239,3
333,47,10,14,236,3,10,11,239,3
333,48,10,13,237,-5,10,18,232,-5
333,49,10,13,237,-5,10,18,232,-5
333,50,10,13,237,-5,10,18,232,-5
333,51,10,13,237,4,10,9,241,4
333,52,10,13,237,4,10,9,241,4
333,53,10,13,237,4,10,9,241,4
333,54,10,8,242,8,10,0,250,8
333,55,10,8,242,8,10,0,250,8
333,56,10,13,237,6,10,7,243,6
333,57,10,13,237,6,10,7,243,6
333,58,10,13,237,6,10,7,243,6
333,59,2,13,37,0,2,13,37,0
333,60,10,12,238,8,10,4,246,8
333,61,10,12,238,8,10,4,246,8
333,62,10,12,238,8,10,4,246,8
333,63,10,11,239,-3,10,14,236,-3
333,64,10,11,239,-3,10,14,236,-3
333,65,10,13,237,-2,10,15,235,-2
333,66,10,13,237,-2,10,15,235,-2
333,67,10,13,237,-2,10,15,235,-2
333,68,11,24,251,0,11,24,251,0
333,69,11,24,251,0,11,24,251,0
333,70,11,24,251,0,11,24,251,0
333,71,2,13,37,0,2,13,37,0
333,72,10,12,238,4,10,8,242,4
333,73,10,12,238,4,10,8,242,4
333,74,10,12,238,4,10,8,242,4
333,75,10,11,239,0,10,11,239,0
333,76,10,11,239,0,10,11,239,0
333,77,10,11,239,0,10,11,239,0
333,78,10,11,239,-2,10,13,237,-2
333,79,10,11,239,-2,10,13,237,-2
333,80,10,14,236,5,10,9,241,5
333,81,10,14,236,5,10,9,241,5
333,82,10,15,235,-6,10,21,229,-6
333,83,10,15,235,-6,10,21,229,-6
333,84,10,12,238,0,10,12,238,0
333,85,10,12,238,0,10,12,238,0
333,86,10,12,238,0,10,12,238,0
333,87,10,12,238,6,10,6,244,6
333,88,10,12,238,6,10,6,244,6
333,89,10,10,240,0,10,10,240,0
333,90,10,10,240,0,10,10,240,0
333,91,10,14,236,-10,10,24,226,-10
333,92,10,14,236,-10,10,24,226,-10
333,93,2,14,36,0,2,14,36,0
333,94,10,13,237,4,10,9,241,4
333,95,10,13,237,4,10,9,241,4
334,0,10,10,240,2,10,8,242,2
334,1,10,10,240,2,10,8,242,2
334,2,10,11,239,-7,10,18,232,-7
334,3,10,11,239,-7,10,18,232,-7
334,4,10,11,239,-7,10,18,232,-7
334,5,10,12,238,5,10,7,243,5
334,6,10,12,238,5,10,7,243,5
334,7,10,11,239,-9,10,20,230,-9
334,8,10,11,239,-9,10,20,230,-9
334,9,10,11,239,6,10,5,245,6
334,10,10,11,239,6,10,5,245,6
334,11,10,11,239,6,10,5,245,6
334,12,3,10,65,0,3,10,65,0
334,13,3,10,65,0,3,10,65,0
334,14,3,10,65,0,3,10,65,0
334,15,3,10,65,0,3,10,65,0
334,16,3,10,65,0,3,10,65,0
334,17,3,10,65,0,3,10,65,0
334,18,3,10,65,0,3,10,65,0
334,19,3,10,65,0,3,10,65,0
334,20,3,10,65,0,3,10,65,0
334,21,3,10,65,0,3,10,65,0
334,22,3,10,65,0,3,10,65,0
334,23,3,10,65,0,3,10,65,0
334,24,3,10,65,0,3,10,65,0
334,25,3,10,65,0,3,10,65,0
334,26,3,10,65,0,3,10,65,0
334,27,3,10,65,0,3,10,65,0
334,28,3,10,65,0,3,10,65,0
334,29,3,10,65,0,3,10,65,0
334,30,3,10,65,0,3,10,65,0
334,31,3,10,65,0,3,10,65,0
334,32,3,10,65,0,3,10,65,0
334,33,3,10,65,0,3,10,65,0
334,34,3,10,65,0,3,10,65,0
334,35,3,10,65,0,3,10,65,0
334,36,10,9,241,-7,10,16,234,-7
334,37,10,9,241,-7,10,16,234,-7
334,38,10,9,241,6,10,3,247,6
334,39,10,9,241,6,10,3,247,6
334,40,10,13,237,8,10,5,245,8
334,41,10,13,237,8,10,5,245,8
334,42,10,13,237,8,10,5,245,8
334,43,10,8,242,-9,10,17,233,-9
334,44,10,8,242,-9,10,17,233,-9
334,45,2,12,38,0,2,12,38,0
334,46,10,14,236,-7,10,21,229,-7
334,47,10,14,236,-7,10,21,229,-7
334,48,10,11,239,9,10,2,248,9
334,49,10,11,239,9,10,2,248,9
334,50,10,11,239,9,10,2,248,9
334,51,10,12,238,-6,10,18,232,-6
334,52,10,12,238,-6,10,18,232,-6
334,53,10,12,238,-6,10,18,232,-6
334,54,10,10,240,-8,10,18,232,-8
334,55,10,10,240,-8,10,18,232,-8
334,56,10,13,237,1,10,12,238,1
334,57,10,13,237,1,10,12,238,1
334,58,10,13,237,1,10,12,238,1
334,59,2,12,38,0,2,12,38,0
334,60,10,13,237,7,10,6,244,7
334,61,10,13,237,7,10,6,244,7
334,62,10,13,237,7,10,6,244,7
334,63,10,12,238,-2,10,14,236,-2
334,64,10,12,238,-2,10,14,236,-2
334,65,10,11,239,-10,10,21,229,-10
334,66,10,11,239,-10,10,21,229,-10
334,67,10,11,239,-10,10,21,229,-10
334,68,10,15,235,5,10,10,240,5
334,69,10,15,235,5,10,10,240,5
334,70,10,15,235,5,10,10,240,5
334,71,2,13,37,0,2,13,37,0
334,72,10,10,240,-2,10,12,238,-2
334,73,10,10,240,-2,10,12,238,-2
334,74,10,10,240,-2,10,12,238,-2
334,75,10,11,239,4,10,7,243,4
334,76,10,11,239,4,10,7,243,4
334,77,10,11,239,4,10,7,243,4
334,78,10,9,241,-6,10,15,235,-6
334,79,10,9,241,-6,10,15,235,-6
334,80,10,11,239,-7,10,18,232,-7
334,81,10,11,239,-7,10,18,232,-7
334,82,10,11,239,-5,10,16,234,-5
334,83,10,11,239,-5,10,16,234,-5
334,84,10,15,235,3,10,12,238,3
334,85,10,15,235,3,10,12,238,3
334,86,10,15,235,3,10,12,238,3
334,87,10,13,237,-7,10,20,230,-7
334,88,10,13,237,-7,10,20,230,-7
334,89,10,14,236,5,10,9,241,5
334,90,10,14,236,5,10,9,241,5
334,91,10,9,241,10,11,24,251,10
334,92,10,9,241,10,11,24,251,10
334,93,2,13,37,0,2,13,37,0
334,94,10,13,237,-5,10,18,232,-5
334,95,10,13,237,-5,10,18,232,-5
335,0,10,9,241,1,10,8,242,1
335,1,10,9,241,1,10,8,242,1
335,2,10,12,238,6,10,6,244,6
335,3,10,12,238,6,10,6,244,6
335,4,10,12,238,6,10,6,244,6
335,5,10,15,235,3,10,12,238,3
335,6,10,15,235,3,10,12,238,3
335,7,10,8,242,6,10,2,248,6
335,8,10,8,242,6,10,2,248,6
335,9,10,10,240,-9,10,19,231,-9
335,10,10,10,240,-9,10,19,231,-9
335,11,10,10,240,-9,10,19,231,-9
335,12,3,10,65,0,3,10,65,0
335,13,3,10,65,0,3,10,65,0
335,14,3,10,65,0,3,10,65,0
335,15,3,10,65,0,3,10,65,0
335,16,3,10,65,0,3,10,65,0
335,17,3,10,65,0,3,10,65,0
335,18,3,10,65,0,3,10,65,0
335,19,3,10,65,0,3,10,65,0
335,20,3,10,65,0,3,10,65,0
335,21,3,10,65,0,3,10,65,0
335,22,3,10,65,0,3,10,65,0
335,23,3,10,65,0,3,10,65,0
335,24,3,11,64,0,3,11,64,0
335,25,3,11,64,0,3,11,64,0
335,26,3,11,64,0,3,11,64,0
335,27,3,11,64,0,3,11,64,0
335,28,3,11,64,0,3,11,64,0
335,29,3,11,64,0,3,11,64,0
335,30,3,11,64,0,3,11,64,0
335,31,3,11,64,0,3,11,64,0
335,32,3,11,64,0,3,11,64,0
335,33,3,11,64,0,3,11,64,0
335,34,3,11,64,0,3,11,64,0
335,35,3,11,64,0,3,11,64,0
335,36,10,12,238,7,10,5,245,7
335,37,10,12,238,7,10,5,245,7
335,38,10,12,238,6,10,6,244,6
335,39,10,12,238,6,10,6,244,6
335,40,10,18,232,-8,9,1,224,-8
335,41,10,18,232,-8,9,1,224,-8
335,42,10,18,232,-8,9,1,224,-8
335,43,10,10,240,5,10,5,245,5
335,44,10,10,240,5,10,5,245,5
335,45,2,12,38,0,2,12,38,0
335,46,10,17,233,-7,10,24,226,-7
335,47,10,17,233,-7,10,24,226,-7
335,48,10,13,237,7,10,6,244,7
335,49,10,13,237,7,10,6,244,7
335,50,10,13,237,7,10,6,244,7
335,51,10,16,234,-9,9,0,225,-9
335,52,10,16,234,-9,9,0,225,-9
335,53,10,16,234,-9,9,0,225,-9
335,54,10,9,241,-4,10,13,237,-4
335,55,10,9,241,-4,10,13,237,-4
335,56,10,15,235,-3,10,18,232,-3
335,57,10,16,234,-3,10,19,231,-3
335,58,10,15,235,-3,10,18,232,-3
335,59,2,12,38,0,2,12,38,0
335,60,10,16,234,7,10,9,241,7
335,61,10,16,234,7,10,9,241,7
335,62,10,16,234,7,10,9,241,7
335,63,10,16,234,10,10,6,244,10
335,64,10,16,234,10,10,6,244,10
335,65,10,16,234,-10,9,1,224,-10
335,66,10,16,234,-10,9,1,224,-10
335,67,10,16,234,-10,9,1,224,-10
335,68,10,13,237,3,10,10,240,3
335,69,10,13,237,3,10,10,240,3
335,70,10,13,237,3,10,10,240,3
335,71,2,13,37,0,2,13,37,0
335,72,10,13,237,10,10,3,247,10
335,73,10,13,237,10,10,3,247,10
335,74,10,13,237,10,10,3,247,10
335,75,10,11,239,9,10,2,248,9
335,76,10,11,239,9,10,2,248,9
335,77,10,11,239,9,10,2,248,9
335,78,10,12,238,3,10,9,241,3
335,79,10,12,238,3,10,9,241,3
335,80,10,15,235,5,10,10,240,5
335,81,10,15,235,5,10,10,240,5
335,82,10,17,233,-9,9,1,224,-9
335,83,10,17,233,-9,9,1,224,-9
335,84,10,16,234,-3,10,19,231,-3
335,85,10,16,234,-3,10,19,231,-3
335,86,10,16,234,-3,10,19,231,-3
335,87,10,14,236,-9,10,23,227,-9
335,88,10,14,236,-9,10,23,227,-9
335,89,10,13,237,-2,10,15,235,-2
335,90,10,13,237,-2,10,15,235,-2
335,91,10,14,236,-10,10,24,226,-10
335,92,10,14,236,-10,10,24,226,-10
335,93,2,13,37,0,2,13,37,0
335,94,10,17,233,-10,9,2,223,-10
335,95,10,17,233,-10,9,2,223,-10
336,0,11,11,264,-3,11,14,261,-3
336,1,11,11,264,-3,11,14,261,-3
336,2,11,11,264,1,11,10,265,1
336,3,11,11,264,1,11,10,265,1
336,4,11,11,264,1,11,10,265,1
336,5,11,12,263,1,11,11,264,1
336,6,11,12,263,1,11,11,264,1
336,7,11,11,264,-3,11,14,261,-3
336,8,11,11,264,-3,11,14,261,-3
336,9,11,9,266,-8,11,17,258,-8
336,10,11,9,266,-8,11,17,258,-8
336,11,11,9,266,-8,11,17,258,-8
336,12,4,10,90,0,4,10,90,0
336,13,4,10,90,0,4,10,90,0
336,14,4,10,90,0,4,10,90,0
336,15,4,10,90,0,4,10,90,0
336,16,4,10,90,0,4,10,90,0
336,17,4,10,90,0,4,10,90,0
336,18,4,10,90,0,4,10,90,0
336,19,4,10,90,0,4,10,90,0
336,20,4,10,90,0,4,10,90,0
336,21,4,10,90,0,4,10,90,0
336,22,4,10,90,0,4,10,90,0
336,23,4,10,90,0,4,10,90,0
336,24,4,11,89,0,4,11,89,0
336,25,4,11,89,0,4,11,89,0
336,26,4,11,89,0,4,11,89,0
336,27,4,11,89,0,4,11,89,0
336,28,4,11,89,0,4,11,89,0
336,29,4,11,89,0,4,11,89,0
336,30,4,11,89,0,4,11,89,0
336,31,4,11,89,0,4,11,89,0
336,32,4,11,89,0,4,11,89,0
336,33,4,11,89,0,4,11,89,0
336,34,4,11,89,0,4,11,89,0
336,35,4,11,89,0,4,11,89,0
336,36,11,12,263,-1,11,13,262,-1
336,37,11,12,263,-1,11,13,262,-1
336,38,11,11,264,5,11,6,269,5
336,39,11,11,264,5,11,6,269,5
336,40,11,15,260,10,11,5,270,10
336,41,11,15,260,10,11,5,270,10
336,42,11,15,260,10,11,5,270,10
336,43,11,9,266,3,11,6,269,3
336,44,11,9,266,3,11,6,269,3
336,45,3,13,62,0,3,13,62,0
336,46,11,15,260,1,11,14,261,1
336,47,11,15,260,1,11,14,261,1
336,48,11,14,261,-2,11,16,259,-2
336,49,11,14,261,-2,11,16,259,-2
336,50,11,14,261,-2,11,16,259,-2
336,51,11,13,262,4,11,9,266,4
336,52,11,13,262,4,11,9,266,4
336,53,11,13,262,4,11,9,266,4
336,54,11,8,267,8,11,0,275,8
336,55,11,9,266,8,11,1,274,8
336,56,11,12,263,3,11,9,266,3
336,57,11,12,263,3,11,9,266,3
336,58,11,12,263,3,11,9,266,3
336,59,3,13,62,0,3,13,62,0
336,60,11,14,261,-10,11,24,251,-10
336,61,11,14,261,-10,11,24,251,-10
336,62,11,14,261,-10,11,24,251,-10
336,63,11,11,264,6,11,5,270,6
336,64,11,11,264,6,11,5,270,6
336,65,11,15,260,3,11,12,263,3
336,66,11,15,260,3,11,12,263,3
336,67,11,15,260,3,11,12,263,3
336,68,11,14,261,-7,11,21,254,-7
336,69,11,14,261,-7,11,21,254,-7
336,70,11,14,261,-7,11,21,254,-7
336,71,3,13,62,0,3,13,62,0
336,72,11,13,262,3,11,10,265,3
336,73,11,13,262,3,11,10,265,3
336,74,11,13,262,3,11,10,265,3
336,75,11,8,267,1,11,7,268,1
336,76,11,8,267,1,11,7,268,1
336,77,11,8,267,1,11,7,268,1
336,78,11,12,263,-5,11,17,258,-5
336,79,11,12,263,-5,11,17,258,-5
336,80,11,11,264,-1,11,12,263,-1
336,81,11,11,264,-1,11,12,263,-1
336,82,11,13,262,5,11,8,267,5
336,83,11,13,262,5,11,8,267,5
336,84,11,15,260,1,11,14,261,1
336,85,11,15,260,1,11,14,261,1
336,86,11,15,260,1,11,14,261,1
336,87,11,12,263,-4,11,16,259,-4
336,88,11,12,263,-4,11,16,259,-4
336,89,11,12,263,6,11,6,269,6
336,90,11,12,263,6,11,6,269,6
336,91,11,11,264,-8,11,19,256,-8
336,92,11,11,264,-8,11,19,256,-8
336,93,3,13,62,0,3,13,62,0
336,94,11,13,262,-7,11,20,255,-7
336,95,11,13,262,-7,11,20,255,-7
337,0,11,9,266,-6,11,15,260,-6
337,1,11,9,266,-6,11,15,260,-6
337,2,11,10,265,5,11,5,270,5
337,3,11,10,265,5,11,5,270,5
337,4,11,10,265,5,11,5,270,5
337,5,11,14,261,-7,11,21,254,-7
337,6,11,14,261,-7,11,21,254,-7
337,7,11,12,263,3,11,9,266,3
337,8,11,12,263,3,11,9,266,3
337,9,11,14,261,-9,11,23,252,-9
337,10,11,14,261,-9,11,23,252,-9
337,11,11,14,261,-9,11,23,252,-9
337,12,4,10,90,0,4,10,90,0
337,13,4,10,90,0,4,10,90,0
337,14,4,10,90,0,4,10,90,0
337,15,4,10,90,0,4,10,90,0
337,16,4,10,90,0,4,10,90,0
337,17,4,10,90,0,4,10,90,0
337,18,4,10,90,0,4,10,90,0
337,19,4,10,90,0,4,10,90,0
337,20,4,10,90,0,4,10,90,0
337,21,4,10,90,0,4,10,90,0
337,22,4,10,90,0,4,10,90,0
337,23,4,10,90,0,4,10,90,0
337,24,4,11,89,0,4,11,89,0
337,25,4,11,89,0,4,11,89,0
337,26,4,11,89,0,4,11,89,0
337,27,4,11,89,0,4,11,89,0
337,28,4,11,89,0,4,11,89,0
337,29,4,11,89,0,4,11,89,0
337,30,4,11,89,0,4,11,89,0
337,31,4,11,89,0,4,11,89,0
337,32,4,11,89,0,4,11,89,0
337,33,4,11,89,0,4,11,89,0
337,34,4,11,89,0,4,11,89,0
337,35,4,11,89,0,4,11,89,0
337,36,11,10,265,5,11,5,270,5
337,37,11,10,265,5,11,5,270,5
337,38,11,13,262,-2,11,15,260,-2
337,39,11,12,263,-2,11,14,261,-2
337,40,11,16,259,9,11,7,268,9
337,41,11,16,259,9,11,7,268,9
337,42,11,16,259,9,11,7,268,9
337,43,11,10,265,-3,11,13,262,-3
337,44,11,10,265,-3,11,13,262,-3
337,45,3,13,62,0,3,13,62,0
337,46,11,16,259,7,11,9,266,7
337,47,11,16,259,7,11,9,266,7
337,48,11,14,261,-1,11,15,260,-1
337,49,11,14,261,-1,11,15,260,-1
337,50,11,14,261,-1,11,15,260,-1
337,51,11,13,262,5,11,8,267,5
337,52,11,13,262,5,11,8,267,5
337,53,11,13,262,5,11,8,267,5
337,54,11,11,264,-7,11,18,257,-7
337,55,11,11,264,-7,11,18,257,-7
337,56,11,14,261,9,11,5,270,9
337,57,11,14,261,9,11,5,270,9
337,58,11,14,261,9,11,5,270,9
337,59,3,12,63,0,3,12,63,0
337,60,11,12,263,-7,11,19,256,-7
337,61,11,12,263,-7,11,19,256,-7
337,62,11,12,263,-7,11,19,256,-7
337,63,11,13,262,2,11,11,264,2
337,64,11,13,262,2,11,11,264,2
337,65,11,16,259,-6,11,22,253,-6
337,66,11,16,259,-6,11,22,253,-6
337,67,11,16,259,-6,11,22,253,-6
337,68,11,16,259,4,11,12,263,4
337,69,11,16,259,4,11,12,263,4
337,70,11,16,259,4,11,12,263,4
337,71,3,13,62,0,3,13,62,0
337,72,11,14,261,0,11,14,261,0
337,73,11,14,261,0,11,14,261,0
337,74,11,14,261,0,11,14,261,0
337,75,11,14,261,3,11,11,264,3
337,76,11,14,261,3,11,11,264,3
337,77,11,14,261,3,11,11,264,3
337,78,11,11,264,1,11,10,265,1
337,79,11,11,264,1,11,10,265,1
337,80,11,14,261,-2,11,16,259,-2
337,81,11,14,261,-2,11,16,259,-2
337,82,11,15,260,-3,11,18,257,-3
337,83,11,15,260,-3,11,18,257,-3
337,84,11,18,257,0,11,18,257,0
337,85,11,18,257,0,11,18,257,0
337,86,11,18,257,0,11,18,257,0
337,87,11,12,263,-7,11,19,256,-7
337,88,11,12,263,-7,11,19,256,-7
337,89,11,14,261,-2,11,16,259,-2
337,90,11,14,261,-2,11,16,259,-2
337,91,11,11,264,1,11,10,265,1
337,92,11,11,264,1,11,10,265,1
337,93,11,14,261,-7,11,21,254,-7
337,94,11,14,261,-7,11,21,254,-7
337,95,3,13,62,0,3,13,62,0
338,0,11,8,267,-3,11,11,264,-3
338,1,11,8,267,-3,11,11,264,-3
338,2,11,12,263,-5,11,17,258,-5
338,3,11,12,263,-5,11,17,258,-5
338,4,11,12,263,-5,11,17,258,-5
338,5,11,13,262,5,11,8,267,5
338,6,11,13,262,5,11,8,267,5
338,7,11,6,269,8,12,23,277,8
338,8,11,6,269,8,12,23,277,8
338,9,11,12,263,4,11,8,267,4
338,10,11,12,263,4,11,8,267,4
338,11,11,12,263,4,11,8,267,4
338,12,4,11,89,0,4,11,89,0
338,13,4,11,89,0,4,11,89,0
338,14,4,11,89,0,4,11,89,0
338,15,4,11,89,0,4,11,89,0
338,16,4,11,89,0,4,11,89,0
338,17,4,11,89,0,4,11,89,0
338,18,4,11,89,0,4,11,89,0
338,19,4,11,89,0,4,11,89,0
338,20,4,11,89,0,4,11,89,0
338,21,4,11,89,0,4,11,89,0
338,22,4,11,89,0,4,11,89,0
338,23,4,11,89,0,4,11,89,0
338,24,4,11,89,0,4,11,89,0
338,25,4,11,89,0,4,11,89,0
338,26,4,11,89,0,4,11,89,0
338,27,4,11,89,0,4,11,89,0
338,28,4,11,89,0,4,11,89,0
338,29,4,11,89,0,4,11,89,0
338,30,4,11,89,0,4,11,89,0
338,31,4,11,89,0,4,11,89,0
338,32,4,11,89,0,4,11,89,0
338,33,4,11,89,0,4,11,89,0
338,34,4,11,89,0,4,11,89,0
338,35,4,11,89,0,4,11,89,0
338,36,11,11,264,1,11,10,265,1
338,37,11,11,264,1,11,10,265,1
338,38,11,9,266,3,11,6,269,3
338,39,11,9,266,3,11,6,269,3
338,40,11,16,259,5,11,11,264,5
338,41,11,16,259,5,11,11,264,5
338,42,11,16,259,5,11,11,264,5
338,43,11,9,266,-7,11,16,259,-7
338,44,11,9,266,-7,11,16,259,-7
338,45,3,12,63,0,3,12,63,0
338,46,11,14,261,-3,11,17,258,-3
338,47,11,14,261,-3,11,17,258,-3
338,48,11,13,262,-8,11,21,254,-8
338,49,11,13,262,-8,11,21,254,-8
338,50,11,13,262,-8,11,21,254,-8
338,51,11,12,263,-3,11,15,260,-3
338,52,11,12,263,-3,11,15,260,-3
338,53,11,12,263,-3,11,15,260,-3
338,54,11,13,262,4,11,9,266,4
338,55,11,13,262,4,11,9,266,4
338,56,11,12,263,2,11,10,265,2
338,57,11,12,263,2,11,10,265,2
338,58,11,12,263,2,11,10,265,2
338,59,11,12,263,4,11,8,267,4
338,60,11,16,259,0,11,16,259,0
338,61,11,16,259,0,11,16,259,0
338,62,11,16,259,0,11,16,259,0
338,63,11,13,262,-9,11,22,253,-9
338,64,11,13,262,-9,11,22,253,-9
338,65,11,15,260,2,11,13,262,2
338,66,11,15,260,2,11,13,262,2
338,67,11,15,260,2,11,13,262,2
338,68,11,14,261,9,11,5,270,9
338,69,11,14,261,9,11,5,270,9
338,70,11,14,261,9,11,5,270,9
338,71,3,12,63,0,3,12,63,0
338,72,11,14,261,2,11,12,263,2
338,73,11,14,261,2,11,12,263,2
338,74,11,14,261,2,11,12,263,2
338,75,3,13,62,0,3,13,62,0
338,76,11,11,264,4,11,7,268,4
338,77,11,11,264,4,11,7,268,4
338,78,11,12,263,-4,11,16,259,-4
338,79,11,12,263,-4,11,16,259,-4
338,80,11,11,264,4,11,7,268,4
338,81,11,11,264,4,11,7,268,4
338,82,11,16,259,-6,11,22,253,-6
338,83,11,16,259,-6,11,22,253,-6
338,84,11,11,264,-5,11,16,259,-5
338,85,11,11,264,-5,11,16,259,-5
338,86,11,11,264,-5,11,16,259,-5
338,87,11,13,262,-9,11,22,253,-9
338,88,11,13,262,-9,11,22,253,-9
338,89,11,10,265,-1,11,11,264,-1
338,90,11,10,265,-1,11,11,264,-1
338,91,11,12,263,-1,11,13,262,-1
338,92,11,12,263,-1,11,13,262,-1
338,93,3,13,62,0,3,13,62,0
338,94,11,15,260,1,11,14,261,1
338,95,11,15,260,1,11,14,261,1
339,0,11,10,265,2,11,8,267,2
339,1,11,10,265,2,11,8,267,2
339,2,11,10,265,2,11,8,267,2
339,3,11,7,268,-6,11,13,262,-6
339,4,11,7,268,-6,11,13,262,-6
339,5,11,9,266,8,11,1,274,8
339,6,11,8,267,8,11,0,275,8
339,7,11,8,267,8,11,0,275,8
339,8,11,13,262,3,11,10,265,3
339,9,11,13,262,3,11,10,265,3
339,10,11,13,262,3,11,10,265,3
339,11,3,10,65,0,3,10,65,0
339,12,4,11,89,0,4,11,89,0
339,13,4,11,89,0,4,11,89,0
339,14,4,11,89,0,4,11,89,0
339,15,4,11,89,0,4,11,89,0
339,16,4,11,89,0,4,11,89,0
339,17,4,11,89,0,4,11,89,0
339,18,4,11,89,0,4,11,89,0
339,19,4,11,89,0,4,11,89,0
339,20,4,11,89,0,4,11,89,0
339,21,4,11,89,0,4,11,89,0
339,22,4,11,89,0,4,11,89,0
339,23,4,11,89,0,4,11,89,0
339,24,11,9,266,5,11,4,271,5
339,25,11,9,266,5,11,4,271,5
339,26,11,9,266,5,11,4,271,5
339,27,11,14,261,-2,11,16,259,-2
339,28,11,14,261,-2,11,16,259,-2
339,29,11,9,266,9,11,0,275,9
339,30,11,9,266,9,11,0,275,9
339,31,11,11,264,3,11,8,267,3
339,32,11,11,264,3,11,8,267,3
339,33,11,13,262,-3,11,16,259,-3
339,34,11,13,262,-3,11,16,259,-3
339,35,3,11,64,0,3,11,64,0
339,36,11,13,262,7,11,6,269,7
339,37,11,13,262,7,11,6,269,7
339,38,11,13,262,7,11,6,269,7
339,39,11,13,262,-2,11,15,260,-2
339,40,11,13,262,-2,11,15,260,-2
339,41,11,10,265,-1,11,11,264,-1
339,42,11,10,265,-1,11,11,264,-1
339,43,11,10,265,-1,11,11,264,-1
339,44,11,12,263,4,11,8,267,4
339,45,11,12,263,4,11,8,267,4
339,46,11,12,263,4,11,8,267,4
339,47,3,11,64,0,3,11,64,0
339,48,11,11,264,5,11,6,269,5
339,49,11,11,264,5,11,6,269,5
339,50,11,14,261,9,11,5,270,9
339,51,11,14,261,9,11,5,270,9
339,52,11,11,264,0,11,11,264,0
339,53,11,11,264,0,11,11,264,0
339,54,11,12,263,-8,11,20,255,-8
339,55,11,12,263,-8,11,20,255,-8
339,56,11,15,260,-1,11,16,259,-1
339,57,11,15,260,-1,11,16,259,-1
339,58,11,15,260,-1,11,16,259,-1
339,59,3,11,64,0,3,11,64,0
339,60,11,11,264,8,11,3,272,8
339,61,11,11,264,8,11,3,272,8
339,62,11,11,264,8,11,3,272,8
339,63,11,13,262,-10,11,23,252,-10
339,64,11,13,262,-10,11,23,252,-10
339,65,11,12,263,-5,11,17,258,-5
339,66,11,12,263,-5,11,17,258,-5
339,67,11,12,263,-5,11,17,258,-5
339,68,11,16,259,-6,11,22,253,-6
339,69,11,16,259,-6,11,22,253,-6
339,70,11,15,260,-2,11,17,258,-2
339,71,11,15,260,-2,11,17,258,-2
339,72,11,12,263,-3,11,15,260,-3
339,73,11,12,263,-3,11,15,260,-3
339,74,11,12,263,-3,11,15,260,-3
339,75,11,8,267,3,11,5,270,3
339,76,11,8,267,3,11,5,270,3
339,77,11,15,260,9,11,6,269,9
339,78,11,15,260,9,11,6,269,9
339,79,11,15,260,9,11,6,269,9
339,80,11,15,260,-8,11,23,252,-8
339,81,11,15,260,-8,11,23,252,-8
339,82,11,15,260,-8,11,23,252,-8
339,83,3,12,63,0,3,12,63,0
339,84,11,13,262,-10,11,23,252,-10
339,85,11,13,262,-10,11,23,252,-10
339,86,11,13,262,-10,11,23,252,-10
339,87,11,16,259,-4,11,20,255,-4
339,88,11,16,259,-4,11,20,255,-4
339,89,11,11,264,3,11,8,267,3
339,90,11,10,265,3,11,7,268,3
339,91,11,9,266,-5,11,14,261,-5
339,92,11,9,266,-5,11,14,261,-5
339,93,11,0,275,0,11,0,275,0
339,94,11,4,271,0,11,4,271,0
339,95,3,12,63,0,3,12,63,0
340,0,11,13,262,9,11,4,271,9
340,1,11,13,262,9,11,4,271,9
340,2,11,13,262,9,11,4,271,9
340,3,11,12,263,6,11,6,269,6
340,4,11,12,263,6,11,6,269,6
340,5,11,10,265,5,11,5,270,5
340,6,11,10,265,5,11,5,270,5
340,7,11,10,265,5,11,5,270,5
340,8,11,13,262,-7,11,20,255,-7
340,9,11,13,262,-7,11,20,255,-7
340,10,11,13,262,-7,11,20,255,-7
340,11,3,11,64,0,3,11,64,0
340,12,11,11,264,5,11,6,269,5
340,13,11,11,264,5,11,6,269,5
340,14,11,13,262,-10,11,23,252,-10
340,15,11,13,262,-10,11,23,252,-10
340,16,11,7,268,-6,11,13,262,-6
340,17,11,7,268,-6,11,13,262,-6
340,18,11,12,263,-3,11,15,260,-3
340,19,11,12,263,-3,11,15,260,-3
340,20,11,12,263,-8,11,20,255,-8
340,21,11,12,263,-8,11,20,255,-8
340,22,11,12,263,-8,11,20,255,-8
340,23,3,11,64,0,3,11,64,0
340,24,11,11,264,4,11,7,268,4
340,25,11,11,264,4,11,7,268,4
340,26,11,11,264,4,11,7,268,4
340,27,11,14,261,-1,11,15,260,-1
340,28,11,14,261,-1,11,15,260,-1
340,29,11,11,264,5,11,6,269,5
340,30,11,11,264,5,11,6,269,5
340,31,11,11,264,5,11,6,269,5
340,32,11,14,261,10,11,4,271,10
340,33,11,14,261,10,11,4,271,10
340,34,11,15,260,-10,10,0,250,-10
340,35,11,15,260,-10,10,0,250,-10
340,36,11,13,262,-6,11,19,256,-6
340,37,11,13,262,-6,11,19,256,-6
340,38,11,13,262,-6,11,19,256,-6
340,39,11,12,263,-9,11,21,254,-9
340,40,11,12,263,-9,11,21,254,-9
340,41,11,16,259,9,11,7,268,9
340,42,11,15,260,9,11,6,269,9
340,43,11,16,259,9,11,7,268,9
340,44,11,16,259,6,11,10,265,6
340,45,11,16,259,6,11,10,265,6
340,46,11,16,259,6,11,10,265,6
340,47,3,13,62,0,3,13,62,0
340,48,11,12,263,0,11,12,263,0
340,49,11,13,262,0,11,13,262,0
340,50,11,12,263,0,11,12,263,0
340,51,11,14,261,1,11,13,262,1
340,52,11,14,261,1,11,13,262,1
340,53,11,12,263,6,11,6,269,6
340,54,11,12,263,6,11,6,269,6
340,55,11,13,262,0,11,13,262,0
340,56,11,13,262,0,11,13,262,0
340,57,11,14,261,-5,11,19,256,-5
340,58,11,14,261,-5,11,19,256,-5
340,59,3,13,62,0,3,13,62,0
340,60,11,14,261,-1,11,15,260,-1
340,61,11,14,261,-1,11,15,260,-1
340,62,11,14,261,-1,11,15,260,-1
340,63,11,13,262,-3,11,16,259,-3
340,64,11,13,262,-3,11,16,259,-3
340,65,11,14,261,3,11,11,264,3
340,66,11,14,261,3,11,11,264,3
340,67,11,14,261,3,11,11,264,3
340,68,11,11,264,-7,11,18,257,-7
340,69,11,11,264,-7,11,18,257,-7
340,70,11,11,264,-7,11,18,257,-7
340,71,3,13,62,0,3,13,62,0
340,72,3,13,62,0,3,13,62,0
340,73,11,4,271,0,11,4,271,0
340,74,11,13,262,6,11,7,268,6
340,75,11,13,262,6,11,7,268,6
340,76,11,10,265,-10,11,20,255,-10
340,77,11,10,265,-10,11,20,255,-10
340,78,11,11,264,4,11,7,268,4
340,79,11,11,264,4,11,7,268,4
340,80,11,14,261,7,11,7,268,7
340,81,11,14,261,7,11,7,268,7
340,82,11,15,260,7,11,8,267,7
340,83,3,13,62,0,3,13,62,0
340,84,11,13,262,8,11,5,270,8
340,85,11,13,262,8,11,5,270,8
340,86,11,13,262,8,11,5,270,8
340,87,11,12,263,8,11,4,271,8
340,88,11,12,263,8,11,4,271,8
340,89,11,15,260,3,11,12,263,3
340,90,11,15,260,3,11,12,263,3
340,91,11,15,260,3,11,12,263,3
340,92,11,14,261,-2,11,16,259,-2
340,93,11,14,261,-2,11,16,259,-2
340,94,11,15,260,2,11,13,262,2
340,95,11,15,260,2,11,13,262,2
341,0,12,12,288,2,12,10,290,2
341,1,12,12,288,2,12,10,290,2
341,2,12,12,288,2,12,10,290,2
341,3,12,8,292,-8,12,16,284,-8
341,4,12,8,292,-8,12,16,284,-8
341,5,12,12,288,0,12,12,288,0
341,6,12,12,288,0,12,12,288,0
341,7,12,12,288,0,12,12,288,0
341,8,12,13,287,4,12,9,291,4
341,9,12,13,287,4,12,9,291,4
341,10,12,13,287,4,12,9,291,4
341,11,4,13,87,0,4,13,87,0
341,12,5,11,114,0,5,11,114,0
341,13,5,11,114,0,5,11,114,0
341,14,5,11,114,0,5,11,114,0
341,15,5,11,114,0,5,11,114,0
341,16,5,11,114,0,5,11,114,0
341,17,5,11,114,0,5,11,114,0
341,18,5,11,114,0,5,11,114,0
341,19,5,11,114,0,5,11,114,0
341,20,5,11,114,0,5,11,114,0
341,21,5,11,114,0,5,11,114,0
341,22,5,11,114,0,5,11,114,0
341,23,5,11,114,0,5,11,114,0
341,24,12,14,286,0,12,14,286,0
341,25,12,14,286,0,12,14,286,0
341,26,12,14,286,0,12,14,286,0
341,27,12,17,283,-10,11,2,273,-10
341,28,12,17,283,-10,11,2,273,-10
341,29,12,12,288,0,12,12,288,0
341,30,12,12,288,0,12,12,288,0
341,31,12,15,285,0,12,15,285,0
341,32,12,15,285,0,12,15,285,0
341,33,12,13,287,-4,12,17,283,-4
341,34,12,13,287,-4,12,17,283,-4
341,35,4,14,86,0,4,14,86,0
341,36,12,15,285,-1,12,16,284,-1
341,37,12,15,285,-1,12,16,284,-1
341,38,12,15,285,-1,12,16,284,-1
341,39,12,15,285,1,12,14,286,1
341,40,12,15,285,1,12,14,286,1
341,41,12,13,287,-8,12,21,279,-8
341,42,12,13,287,-8,12,21,279,-8
341,43,12,13,287,-8,12,21,279,-8
341,44,12,17,283,-4,12,21,279,-4
341,45,12,17,283,-4,12,21,279,-4
341,46,12,17,283,-4,12,21,279,-4
341,47,4,14,86,0,4,14,86,0
341,48,12,15,285,9,12,6,294,9
341,49,12,15,285,9,12,6,294,9
341,50,12,16,284,-7,12,23,277,-7
341,51,12,16,284,-7,12,23,277,-7
341,52,12,13,287,-4,12,17,283,-4
341,53,12,13,287,-4,12,17,283,-4
341,54,12,14,286,-3,12,17,283,-3
341,55,12,14,286,-3,12,17,283,-3
341,56,12,14,286,-3,12,17,283,-3
341,57,12,14,286,-3,12,17,283,-3
341,58,12,14,286,-3,12,17,283,-3
341,59,4,14,86,0,4,14,86,0
341,60,12,11,289,7,12,4,296,7
341,61,12,11,289,7,12,4,296,7
341,62,12,11,289,7,12,4,296,7
341,63,12,19,281,-2,12,21,279,-2
341,64,12,19,281,-2,12,21,279,-2
341,65,12,15,285,-1,12,16,284,-1
341,66,12,15,285,-1,12,16,284,-1
341,67,12,15,285,-1,12,16,284,-1
341,68,12,16,284,-3,12,19,281,-3
341,69,12,16,284,-3,12,19,281,-3
341,70,12,17,283,-6,12,23,277,-6
341,71,12,17,283,-6,12,23,277,-6
341,72,12,15,285,7,12,8,292,7
341,73,12,15,285,7,12,8,292,7
341,74,12,15,285,7,12,8,292,7
341,75,12,13,287,-1,12,14,286,-1
341,76,12,13,287,-1,12,14,286,-1
341,77,12,17,283,-2,12,19,281,-2
341,78,12,17,283,-2,12,19,281,-2
341,79,12,17,283,-2,12,19,281,-2
341,80,12,17,283,2,12,15,285,2
341,81,12,17,283,2,12,15,285,2
341,82,12,17,283,2,12,15,285,2
341,83,4,15,85,0,4,15,85,0
341,84,12,15,285,-7,12,22,278,-7
341,85,12,15,285,-7,12,22,278,-7
341,86,12,15,285,-7,12,22,278,-7
341,87,12,14,286,-1,12,15,285,-1
341,88,12,14,286,-1,12,15,285,-1
341,89,12,14,286,2,12,12,288,2
341,90,12,14,286,2,12,12,288,2
341,91,12,13,287,7,12,6,294,7
341,92,12,13,287,7,12,6,294,7
341,93,12,18,282,10,12,8,292,10
341,94,12,18,282,10,12,8,292,10
341,95,12,19,281,10,12,9,291,10
342,0,12,16,284,-9,11,0,275,-9
342,1,12,16,284,-9,11,0,275,-9
342,2,12,16,284,-9,11,0,275,-9
342,3,12,16,284,-1,12,17,283,-1
342,4,12,16,284,-1,12,17,283,-1
342,5,12,13,287,-5,12,18,282,-5
342,6,12,13,287,-5,12,18,282,-5
342,7,12,13,287,-5,12,18,282,-5
342,8,12,12,288,3,12,9,291,3
342,9,12,12,288,3,12,9,291,3
342,10,12,18,282,8,12,10,290,8
342,11,12,18,282,8,12,10,290,8
342,12,12,14,286,-7,12,21,279,-7
342,13,12,14,286,-7,12,21,279,-7
342,14,12,15,285,-6,12,21,279,-6
342,15,12,15,285,-6,12,21,279,-6
342,16,12,14,286,-8,12,22,278,-8
342,17,12,14,286,-8,12,22,278,-8
342,18,12,13,287,-9,12,22,278,-9
342,19,12,13,287,-9,12,22,278,-9
342,20,12,17,283,-9,11,1,274,-9
342,21,12,17,283,-9,11,1,274,-9
342,22,12,17,283,-9,11,1,274,-9
342,23,4,14,86,0,4,14,86,0
342,24,12,15,285,2,12,13,287,2
342,25,12,15,285,2,12,13,287,2
342,26,12,15,285,2,12,13,287,2
342,27,12,16,284,7,12,9,291,7
342,28,12,16,284,7,12,9,291,7
342,29,12,15,285,-8,12,23,277,-8
342,30,12,15,285,-8,12,23,277,-8
342,31,12,15,285,-8,12,23,277,-8
342,32,12,17,283,-4,12,21,279,-4
342,33,12,17,283,-4,12,21,279,-4
342,34,4,15,85,0,4,15,85,0
342,35,4,15,85,0,4,15,85,0
342,36,12,14,286,-10,12,24,276,-10
342,37,12,14,286,-10,12,24,276,-10
342,38,12,14,286,-10,12,24,276,-10
342,39,12,13,287,2,12,11,289,2
342,40,12,13,287,2,12,11,289,2
342,41,12,19,281,8,12,11,289,8
342,42,12,19,281,8,12,11,289,8
342,43,12,19,281,8,12,11,289,8
342,44,12,16,284,-4,12,20,280,-4
342,45,12,16,284,-4,12,20,280,-4
342,46,12,16,284,-4,12,20,280,-4
342,47,4,15,85,0,4,15,85,0
342,48,12,16,284,3,12,13,287,3
342,49,12,16,284,3,12,13,287,3
342,50,12,16,284,3,12,13,287,3
342,51,12,16,284,9,12,7,293,9
342,52,12,16,284,9,12,7,293,9
342,53,12,15,285,-9,12,24,276,-9
342,54,12,15,285,-9,12,24,276,-9
342,55,12,15,285,2,12,13,287,2
342,56,12,15,285,2,12,13,287,2
342,57,12,18,282,8,12,10,290,8
342,58,12,18,282,8,12,10,290,8
342,59,4,16,84,0,4,16,84,0
342,60,12,17,283,-5,12,22,278,-5
342,61,12,17,283,-5,12,22,278,-5
342,62,12,17,283,-5,12,22,278,-5
342,63,12,17,283,-4,12,21,279,-4
342,64,12,17,283,-4,12,21,279,-4
342,65,12,17,283,7,12,10,290,7
342,66,12,17,283,7,12,10,290,7
342,67,12,17,283,7,12,10,290,7
342,68,12,15,285,-2,12,17,283,-2
342,69,12,15,285,-2,12,17,283,-2
342,70,12,15,285,-2,12,17,283,-2
342,71,4,16,84,0,4,16,84,0
342,72,12,16,284,1,12,15,285,1
342,73,12,16,284,1,12,15,285,1
342,74,12,15,285,1,12,14,286,1
342,75,12,15,285,1,12,14,286,1
342,76,12,14,286,1,12,13,287,1
342,77,12,14,286,1,12,13,287,1
342,78,12,14,286,0,12,14,286,0
342,79,12,15,285,0,12,15,285,0
342,80,12,17,283,-6,12,23,277,-6
342,81,12,17,283,-6,12,23,277,-6
342,82,12,17,283,-6,12,23,277,-6
342,83,4,16,84,0,4,16,84,0
342,84,12,14,286,7,12,7,293,7
342,85,12,14,286,7,12,7,293,7
342,86,12,14,286,7,12,7,293,7
342,87,12,17,283,1,12,16,284,1
342,88,12,17,283,1,12,16,284,1
342,89,12,18,282,-8,11,1,274,-8
342,90,12,18,282,-8,11,1,274,-8
342,91,12,18,282,-8,11,1,274,-8
342,92,12,16,284,-8,12,24,276,-8
342,93,12,16,284,-8,12,24,276,-8
342,94,12,17,283,-3,12,20,280,-3
342,95,12,17,283,-3,12,20,280,-3
343,0,11,10,265,-1,11,11,264,-1
343,1,11,10,265,-1,11,11,264,-1
343,2,11,12,263,-2,11,14,261,-2
343,3,11,12,263,-2,11,14,261,-2
343,4,11,12,263,-2,11,14,261,-2
343,5,11,13,262,8,11,5,270,8
343,6,11,13,262,8,11,5,270,8
343,7,11,10,265,-10,11,20,255,-10
343,8,11,10,265,-10,11,20,255,-10
343,9,11,12,263,-4,11,16,259,-4
343,10,11,12,263,-4,11,16,259,-4
343,11,11,12,263,-4,11,16,259,-4
343,12,4,11,89,0,4,11,89,0
343,13,4,11,89,0,4,11,89,0
343,14,4,11,89,0,4,11,89,0
343,15,4,11,89,0,4,11,89,0
343,16,4,11,89,0,4,11,89,0
343,17,4,11,89,0,4,11,89,0
343,18,4,11,89,0,4,11,89,0
343,19,4,11,89,0,4,11,89,0
343,20,4,11,89,0,4,11,89,0
343,21,4,11,89,0,4,11,89,0
343,22,4,11,89,0,4,11,89,0
343,23,4,11,89,0,4,11,89,0
343,24,4,11,89,0,4,11,89,0
343,25,4,11,89,0,4,11,89,0
343,26,4,11,89,0,4,11,89,0
343,27,4,11,89,0,4,11,89,0
343,28,4,11,89,0,4,11,89,0
343,29,4,11,89,0,4,11,89,0
343,30,4,11,89,0,4,11,89,0
343,31,4,11,89,0,4,11,89,0
343,32,4,11,89,0,4,11,89,0
343,33,4,11,89,0,4,11,89,0
343,34,4,11,89,0,4,11,89,0
343,35,4,11,89,0,4,11,89,0
343,36,11,13,262,9,11,4,271,9
343,37,11,13,262,9,11,4,271,9
343,38,11,11,264,0,11,11,264,0
343,39,11,11,264,0,11,11,264,0
343,40,11,16,259,-10,10,1,249,-10
343,41,11,16,259,-10,10,1,249,-10
343,42,11,16,259,-10,10,1,249,-10
343,43,11,10,265,-1,11,11,264,-1
343,44,11,10,265,-1,11,11,264,-1
343,45,3,14,61,0,3,14,61,0
343,46,11,15,260,-7,11,22,253,-7
343,47,11,14,261,-7,11,21,254,-7
343,48,11,13,262,-10,11,23,252,-10
343,49,11,13,262,-10,11,23,252,-10
343,50,11,13,262,-10,11,23,252,-10
343,51,11,14,261,3,11,11,264,3
343,52,11,14,261,3,11,11,264,3
343,53,11,14,261,3,11,11,264,3
343,54,11,12,263,-5,11,17,258,-5
343,55,11,12,263,-5,11,17,258,-5
343,56,11,15,260,0,11,15,260,0
343,57,11,15,260,0,11,15,260,0
343,58,11,15,260,0,11,15,260,0
343,59,3,14,61,0,3,14,61,0
343,60,11,14,261,-10,11,24,251,-10
343,61,11,14,261,-10,11,24,251,-10
343,62,11,14,261,-10,11,24,251,-10
343,63,11,15,260,9,11,6,269,9
343,64,11,15,260,9,11,6,269,9
343,65,11,16,259,1,11,15,260,1
343,66,11,16,259,1,11,15,260,1
343,67,11,16,259,1,11,15,260,1
343,68,11,15,260,-2,11,17,258,-2
343,69,11,15,260,-2,11,17,258,-2
343,70,11,15,260,-2,11,17,258,-2
343,71,3,14,61,0,3,14,61,0
343,72,11,13,262,2,11,11,264,2
343,73,11,13,262,2,11,11,264,2
343,74,11,13,262,2,11,11,264,2
343,75,11,11,264,-5,11,16,259,-5
343,76,11,11,264,-5,11,16,259,-5
343,77,11,11,264,-5,11,16,259,-5
343,78,11,11,264,-4,11,15,260,-4
343,79,11,11,264,-4,11,15,260,-4
343,80,11,14,261,6,11,8,267,6
343,81,11,14,261,6,11,8,267,6
343,82,11,15,260,-4,11,19,256,-4
343,83,11,15,260,-4,11,19,256,-4
343,84,11,15,260,-9,11,24,251,-9
343,85,11,15,260,-9,11,24,251,-9
343,86,11,15,260,-9,11,24,251,-9
343,87,11,14,261,-2,11,16,259,-2
343,88,11,14,261,-2,11,16,259,-2
343,89,11,13,262,-2,11,15,260,-2
343,90,11,13,262,-2,11,15,260,-2
343,91,11,13,262,-9,11,22,253,-9
343,92,11,13,262,-9,11,22,253,-9
343,93,3,14,61,0,3,14,61,0
343,94,11,14,261,-8,11,22,253,-8
343,95,11,14,261,-8,11,22,253,-8
344,0,11,11,264,1,11,10,265,1
344,1,11,11,264,1,11,10,265,1
344,2,11,9,266,8,11,1,274,8
344,3,11,9,266,8,11,1,274,8
344,4,11,15,260,1,11,14,261,1
344,5,11,15,260,1,11,14,261,1
344,6,11,15,260,1,11,14,261,1
344,7,11,10,265,7,11,3,272,7
344,8,11,10,265,7,11,3,272,7
344,9,3,12,63,0,3,12,63,0
344,10,11,15,260,9,11,6,269,9
344,11,11,15,260,9,11,6,269,9
344,12,4,10,90,0,4,10,90,0
344,13,4,10,90,0,4,10,90,0
344,14,4,10,90,0,4,10,90,0
344,15,4,10,90,0,4,10,90,0
344,16,4,10,90,0,4,10,90,0
344,17,4,10,90,0,4,10,90,0
344,18,4,10,90,0,4,10,90,0
344,19,4,10,90,0,4,10,90,0
344,20,4,10,90,0,4,10,90,0
344,21,4,10,90,0,4,10,90,0
344,22,4,10,90,0,4,10,90,0
344,23,4,10,90,0,4,10,90,0
344,24,4,11,89,0,4,11,89,0
344,25,4,11,89,0,4,11,89,0
344,26,4,11,89,0,4,11,89,0
344,27,4,11,89,0,4,11,89,0
344,28,4,11,89,0,4,11,89,0
344,29,4,11,89,0,4,11,89,0
344,30,4,11,89,0,4,11,89,0
344,31,4,11,89,0,4,11,89,0
344,32,4,11,89,0,4,11,89,0
344,33,4,11,89,0,4,11,89,0
344,34,4,11,89,0,4,11,89,0
344,35,4,11,89,0,4,11,89,0
344,36,11,13,262,-10,11,23,252,-10
344,37,11,13,262,-10,11,23,252,-10
344,38,11,11,264,-4,11,15,260,-4
344,39,11,11,264,-4,11,15,260,-4
344,40,11,11,264,-4,11,15,260,-4
344,41,11,14,261,8,11,6,269,8
344,42,11,14,261,8,11,6,269,8
344,43,11,10,265,-10,11,20,255,-10
344,44,11,10,265,-10,11,20,255,-10
344,45,11,15,260,-2,11,17,258,-2
344,46,11,15,260,-2,11,17,258,-2
344,47,11,15,260,-2,11,17,258,-2
344,48,11,15,260,3,11,12,263,3
344,49,11,14,261,3,11,11,264,3
344,50,11,15,260,3,11,12,263,3
344,51,11,14,261,-7,11,21,254,-7
344,52,11,14,261,-7,11,21,254,-7
344,53,11,14,261,-7,11,21,254,-7
344,54,11,12,263,7,11,5,270,7
344,55,11,12,263,7,11,5,270,7
344,56,11,16,259,-2,11,18,257,-2
344,57,11,16,259,-2,11,18,257,-2
344,58,11,16,259,-2,11,18,257,-2
344,59,3,13,62,0,3,13,62,0
344,60,11,16,259,6,11,10,265,6
344,61,11,16,259,6,11,10,265,6
344,62,11,16,259,6,11,10,265,6
344,63,11,13,262,0,11,13,262,0
344,64,11,13,262,0,11,13,262,0
344,65,11,16,259,-9,10,0,250,-9
344,66,11,16,259,-9,10,0,250,-9
344,67,11,16,259,-9,10,0,250,-9
344,68,11,16,259,0,11,16,259,0
344,69,11,16,259,0,11,16,259,0
344,70,11,16,259,0,11,16,259,0
344,71,3,13,62,0,3,13,62,0
344,72,11,14,261,9,11,5,270,9
344,73,11,14,261,9,11,5,270,9
344,74,11,14,261,9,11,5,270,9
344,75,11,12,263,-4,11,16,259,-4
344,76,11,12,263,-4,11,16,259,-4
344,77,11,12,263,-4,11,16,259,-4
344,78,11,13,262,5,11,8,267,5
344,79,11,13,262,5,11,8,267,5
344,80,11,12,263,5,11,7,268,5
344,81,11,12,263,5,11,7,268,5
344,82,11,12,263,-2,11,14,261,-2
344,83,11,12,263,-2,11,14,261,-2
344,84,11,17,258,0,11,17,258,0
344,85,11,17,258,0,11,17,258,0
344,86,11,17,258,0,11,17,258,0
344,87,11,14,261,-1,11,15,260,-1
344,88,11,14,261,-1,11,15,260,-1
344,89,11,15,260,-9,11,24,251,-9
344,90,11,15,260,-9,11,24,251,-9
344,91,11,14,261,4,11,10,265,4
344,92,11,14,261,4,11,10,265,4
344,93,3,13,62,0,3,13,62,0
344,94,11,15,260,7,11,8,267,7
344,95,11,15,260,7,11,8,267,7
345,0,11,12,263,8,11,4,271,8
345,1,11,12,263,8,11,4,271,8
345,2,11,10,265,5,11,5,270,5
345,3,11,10,265,5,11,5,270,5
345,4,11,10,265,5,11,5,270,5
345,5,11,16,259,5,11,11,264,5
345,6,11,16,259,5,11,11,264,5
345,7,11,7,268,4,11,3,272,4
345,8,11,7,268,4,11,3,272,4
345,9,11,13,262,5,11,8,267,5
345,10,11,13,262,5,11,8,267,5
345,11,11,13,262,5,11,8,267,5
345,12,4,11,89,0,4,11,89,0
345,13,4,11,89,0,4,11,89,0
345,14,4,11,89,0,4,11,89,0
345,15,4,11,89,0,4,11,89,0
345,16,4,11,89,0,4,11,89,0
345,17,4,11,89,0,4,11,89,0
345,18,4,11,89,0,4,11,89,0
345,19,4,11,89,0,4,11,89,0
345,20,4,11,89,0,4,11,89,0
345,21,4,11,89,0,4,11,89,0
345,22,4,11,89,0,4,11,89,0
345,23,4,11,89,0,4,11,89,0
345,24,4,11,89,0,4,11,89,0
345,25,4,11,89,0,4,11,89,0
345,26,4,11,89,0,4,11,89,0
345,27,4,11,89,0,4,11,89,0
345,28,4,11,89,0,4,11,89,0
345,29,4,11,89,0,4,11,89,0
345,30,4,11,89,0,4,11,89,0
345,31,4,11,89,0,4,11,89,0
345,32,4,11,89,0,4,11,89,0
345,33,4,11,89,0,4,11,89,0
345,34,4,11,89,0,4,11,89,0
345,35,4,11,89,0,4,11,89,0
345,36,11,12,263,8,11,4,271,8
345,37,11,12,263,8,11,4,271,8
345,38,11,0,275,0,11,0,275,0
345,39,11,4,271,0,11,4,271,0
345,40,11,18,257,0,11,18,257,0
345,41,11,18,257,0,11,18,257,0
345,42,11,18,257,0,11,18,257,0
345,43,11,10,265,-5,11,15,260,-5
345,44,11,10,265,-5,11,15,260,-5
345,45,3,13,62,0,3,13,62,0
345,46,11,16,259,2,11,14,261,2
345,47,11,16,259,2,11,14,261,2
345,48,11,14,261,-9,11,23,252,-9
345,49,11,14,261,-9,11,23,252,-9
345,50,11,14,261,-9,11,23,252,-9
345,51,11,14,261,-9,11,23,252,-9
345,52,11,14,261,-9,11,23,252,-9
345,53,11,14,261,-9,11,23,252,-9
345,54,11,9,266,1,11,8,267,1
345,55,11,9,266,1,11,8,267,1
345,56,11,14,261,0,11,14,261,0
345,57,11,14,261,0,11,14,261,0
345,58,11,14,261,0,11,14,261,0
345,59,3,13,62,0,3,13,62,0
345,60,11,16,259,9,11,7,268,9
345,61,11,16,259,9,11,7,268,9
345,62,11,16,259,9,11,7,268,9
345,63,11,16,259,4,11,12,263,4
345,64,11,16,259,4,11,12,263,4
345,65,11,17,258,1,11,16,259,1
345,66,11,17,258,1,11,16,259,1
345,67,11,17,258,1,11,16,259,1
345,68,11,15,260,7,11,8,267,7
345,69,11,15,260,7,11,8,267,7
345,70,11,16,259,7,11,9,266,7
345,71,3,13,62,0,3,13,62,0
345,72,11,14,261,-4,11,18,257,-4
345,73,11,14,261,-4,11,18,257,-4
345,74,11,14,261,-4,11,18,257,-4
345,75,11,11,264,9,11,2,273,9
345,76,11,11,264,9,11,2,273,9
345,77,11,11,264,9,11,2,273,9
345,78,11,11,264,10,11,1,274,10
345,79,11,11,264,10,11,1,274,10
345,80,11,13,262,1,11,12,263,1
345,81,11,13,262,1,11,12,263,1
345,82,11,14,261,2,11,12,263,2
345,83,11,14,261,2,11,12,263,2
345,84,11,12,263,-5,11,17,258,-5
345,85,11,12,263,-5,11,17,258,-5
345,86,11,12,263,-5,11,17,258,-5
345,87,11,14,261,5,11,9,266,5
345,88,11,14,261,5,11,9,266,5
345,89,11,13,262,5,11,8,267,5
345,90,11,13,262,5,11,8,267,5
345,91,11,11,264,7,11,4,271,7
345,92,11,11,264,7,11,4,271,7
345,93,3,13,62,0,3,13,62,0
345,94,11,14,261,-4,11,18,257,-4
345,95,11,14,261,-4,11,18,257,-4
346,0,11,9,266,-6,11,15,260,-6
346,1,11,9,266,-6,11,15,260,-6
346,2,11,11,264,6,11,5,270,6
346,3,11,11,264,6,11,5,270,6
346,4,11,11,264,6,11,5,270,6
346,5,11,10,265,-5,11,15,260,-5
346,6,11,10,265,-5,11,15,260,-5
346,7,11,7,268,9,12,23,277,9
346,8,11,7,268,9,12,23,277,9
346,9,11,8,267,-6,11,14,261,-6
346,10,11,8,267,-6,11,14,261,-6
346,11,11,8,267,-6,11,14,261,-6
346,12,4,11,89,0,4,11,89,0
346,13,4,11,89,0,4,11,89,0
346,14,4,11,89,0,4,11,89,0
346,15,4,11,89,0,4,11,89,0
346,16,4,11,89,0,4,11,89,0
346,17,4,11,89,0,4,11,89,0
346,18,4,11,89,0,4,11,89,0
346,19,4,11,89,0,4,11,89,0
346,20,4,11,89,0,4,11,89,0
346,21,4,11,89,0,4,11,89,0
346,22,4,11,89,0,4,11,89,0
346,23,4,11,89,0,4,11,89,0
346,24,4,11,89,0,4,11,89,0
346,25,4,11,89,0,4,11,89,0
346,26,4,11,89,0,4,11,89,0
346,27,4,11,89,0,4,11,89,0
346,28,4,11,89,0,4,11,89,0
346,29,4,11,89,0,4,11,89,0
346,30,4,11,89,0,4,11,89,0
346,31,4,11,89,0,4,11,89,0
346,32,4,11,89,0,4,11,89,0
346,33,4,11,89,0,4,11,89,0
346,34,4,11,89,0,4,11,89,0
346,35,4,11,89,0,4,11,89,0
346,36,11,13,262,-2,11,15,260,-2
346,37,11,13,262,-2,11,15,260,-2
346,38,11,11,264,10,11,1,274,10
346,39,11,11,264,10,11,1,274,10
346,40,11,14,261,-5,11,19,256,-5
346,41,11,14,261,-5,11,19,256,-5
346,42,11,14,261,-5,11,19,256,-5
346,43,11,8,267,-7,11,15,260,-7
346,44,11,8,267,-7,11,15,260,-7
346,45,3,13,62,0,3,13,62,0
346,46,11,16,259,-8,11,24,251,-8
346,47,11,16,259,-8,11,24,251,-8
346,48,11,13,262,3,11,10,265,3
346,49,11,13,262,3,11,10,265,3
346,50,11,13,262,3,11,10,265,3
346,51,11,14,261,7,11,7,268,7
346,52,11,14,261,7,11,7,268,7
346,53,11,14,261,7,11,7,268,7
346,54,11,11,264,5,11,6,269,5
346,55,11,11,264,5,11,6,269,5
346,56,11,12,263,6,11,6,269,6
346,57,11,12,263,6,11,6,269,6
346,58,11,7,268,6,11,1,274,6
346,59,3,13,62,0,3,13,62,0
346,60,11,14,261,-9,11,23,252,-9
346,61,11,14,261,-9,11,23,252,-9
346,62,11,14,261,-9,11,23,252,-9
346,63,11,11,264,-1,11,12,263,-1
346,64,11,11,264,-1,11,12,263,-1
346,65,11,13,262,-8,11,21,254,-8
346,66,11,13,262,-8,11,21,254,-8
346,67,11,13,262,-8,11,21,254,-8
346,68,11,15,260,9,11,6,269,9
346,69,11,15,260,9,11,6,269,9
346,70,11,15,260,9,11,6,269,9
346,71,3,13,62,0,3,13,62,0
346,72,11,10,265,-8,11,18,257,-8
346,73,11,10,265,-8,11,18,257,-8
346,74,11,10,265,-8,11,18,257,-8
346,75,11,11,264,6,11,5,270,6
346,76,11,11,264,6,11,5,270,6
346,77,11,11,264,6,11,5,270,6
346,78,11,8,267,-8,11,16,259,-8
346,79,11,8,267,-8,11,16,259,-8
346,80,11,12,263,-4,11,16,259,-4
346,81,11,12,263,-4,11,16,259,-4
346,82,11,12,263,3,11,9,266,3
346,83,11,12,263,3,11,9,266,3
346,84,11,15,260,4,11,11,264,4
346,85,11,15,260,4,11,11,264,4
346,86,11,15,260,4,11,11,264,4
346,87,11,11,264,6,11,5,270,6
346,88,11,11,264,6,11,5,270,6
346,89,11,11,264,-4,11,15,260,-4
346,90,11,11,264,-4,11,15,260,-4
346,91,11,13,262,5,11,8,267,5
346,92,11,13,262,5,11,8,267,5
346,93,3,13,62,0,3,13,62,0
346,94,11,13,262,-4,11,17,258,-4
346,95,11,13,262,-4,11,17,258,-4
347,0,11,10,265,-8,11,18,257,-8
347,1,11,10,265,-8,11,18,257,-8
347,2,11,12,263,7,11,5,270,7
347,3,11,12,263,7,11,5,270,7
347,4,11,12,263,7,11,5,270,7
347,5,11,12,263,-1,11,13,262,-1
347,6,11,12,263,-1,11,13,262,-1
347,7,11,11,264,-9,11,20,255,-9
347,8,11,11,264,-9,11,20,255,-9
347,9,11,13,262,-6,11,19,256,-6
347,10,11,13,262,-6,11,19,256,-6
347,11,11,13,262,-6,11,19,256,-6
347,12,4,10,90,0,4,10,90,0
347,13,4,10,90,0,4,10,90,0
347,14,4,10,90,0,4,10,90,0
347,15,4,10,90,0,4,10,90,0
347,16,4,10,90,0,4,10,90,0
347,17,4,10,90,0,4,10,90,0
347,18,4,10,90,0,4,10,90,0
347,19,4,10,90,0,4,10,90,0
347,20,4,10,90,0,4,10,90,0
347,21,4,10,90,0,4,10,90,0
347,22,4,10,90,0,4,10,90,0
347,23,4,10,90,0,4,10,90,0
347,24,4,11,89,0,4,11,89,0
347,25,4,11,89,0,4,11,89,0
347,26,4,11,89,0,4,11,89,0
347,27,4,11,89,0,4,11,89,0
347,28,4,11,89,0,4,11,89,0
347,29,4,11,89,0,4,11,89,0
347,30,4,11,89,0,4,11,89,0
347,31,4,11,89,0,4,11,89,0
347,32,4,11,89,0,4,11,89,0
347,33,4,11,89,0,4,11,89,0
347,34,4,11,89,0,4,11,89,0
347,35,4,11,89,0,4,11,89,0
347,36,11,9,266,-8,11,17,258,-8
347,37,11,9,266,-8,11,17,258,-8
347,38,11,11,264,-5,11,16,259,-5
347,39,11,12,263,-5,11,17,258,-5
347,40,11,15,260,5,11,10,265,5
347,41,11,15,260,5,11,10,265,5
347,42,11,14,261,5,11,9,266,5
347,43,11,11,264,8,11,3,272,8
347,44,11,11,264,8,11,3,272,8
347,45,3,12,63,0,3,12,63,0
347,46,11,16,259,4,11,12,263,4
347,47,11,16,259,4,11,12,263,4
347,48,11,13,262,6,11,7,268,6
347,49,11,13,262,6,11,7,268,6
347,50,11,13,262,6,11,7,268,6
347,51,11,13,262,2,11,11,264,2
347,52,11,13,262,2,11,11,264,2
347,53,11,13,262,2,11,11,264,2
347,54,11,11,264,9,11,2,273,9
347,55,11,11,264,9,11,2,273,9
347,56,11,15,260,1,11,14,261,1
347,57,11,15,260,1,11,14,261,1
347,58,11,15,260,1,11,14,261,1
347,59,3,13,62,0,3,13,62,0
347,60,11,13,262,-6,11,19,256,-6
347,61,11,13,262,-6,11,19,256,-6
347,62,11,13,262,-6,11,19,256,-6
347,63,11,13,262,-7,11,20,255,-7
347,64,11,13,262,-7,11,20,255,-7
347,65,11,15,260,-10,10,0,250,-10
347,66,11,15,260,-10,10,0,250,-10
347,67,11,15,260,-10,10,0,250,-10
347,68,11,16,259,5,11,11,264,5
347,69,11,16,259,5,11,11,264,5
347,70,11,16,259,5,11,11,264,5
347,71,3,13,62,0,3,13,62,0
347,72,11,13,262,-10,11,23,252,-10
347,73,11,13,262,-10,11,23,252,-10
347,74,11,13,262,-10,11,23,252,-10
347,75,11,11,264,4,11,7,268,4
347,76,11,11,264,4,11,7,268,4
347,77,11,11,264,4,11,7,268,4
347,78,11,11,264,-5,11,16,259,-5
347,79,11,11,264,-5,11,16,259,-5
347,80,11,14,261,9,11,5,270,9
347,81,11,13,262,9,11,4,271,9
347,82,11,14,261,3,11,11,264,3
347,83,11,14,261,3,11,11,264,3
347,84,11,15,260,-6,11,21,254,-6
347,85,11,15,260,-6,11,21,254,-6
347,86,11,15,260,-6,11,21,254,-6
347,87,11,12,263,0,11,12,263,0
347,88,11,12,263,0,11,12,263,0
347,89,11,13,262,6,11,7,268,6
347,90,11,13,262,6,11,7,268,6
347,91,11,13,262,0,11,13,262,0
347,92,11,13,262,0,11,13,262,0
347,93,3,13,62,0,3,13,62,0
347,94,11,14,261,8,11,6,269,8
347,95,11,14,261,8,11,6,269,8
348,0,11,11,264,7,11,4,271,7
348,1,11,11,264,7,11,4,271,7
348,2,11,12,263,-7,11,19,256,-7
348,3,11,12,263,-7,11,19,256,-7
348,4,11,12,263,-7,11,19,256,-7
348,5,12,24,276,0,12,24,276,0
348,6,12,24,276,0,12,24,276,0
348,7,11,9,266,-2,11,11,264,-2
348,8,11,9,266,-2,11,11,264,-2
348,9,11,13,262,-6,11,19,256,-6
348,10,11,14,261,-6,11,20,255,-6
348,11,11,14,261,-6,11,20,255,-6
348,12,4,11,89,0,4,11,89,0
348,13,4,11,89,0,4,11,89,0
348,14,4,11,89,0,4,11,89,0
348,15,4,11,89,0,4,11,89,0
348,16,4,11,89,0,4,11,89,0
348,17,4,11,89,0,4,11,89,0
348,18,4,11,89,0,4,11,89,0
348,19,4,11,89,0,4,11,89,0
348,20,4,11,89,0,4,11,89,0
348,21,4,11,89,0,4,11,89,0
348,22,4,11,89,0,4,11,89,0
348,23,4,11,89,0,4,11,89,0
348,24,4,11,89,0,4,11,89,0
348,25,4,11,89,0,4,11,89,0
348,26,4,11,89,0,4,11,89,0
348,27,4,11,89,0,4,11,89,0
348,28,4,11,89,0,4,11,89,0
348,29,4,11,89,0,4,11,89,0
348,30,4,11,89,0,4,11,89,0
348,31,4,11,89,0,4,11,89,0
348,32,4,11,89,0,4,11,89,0
348,33,4,11,89,0,4,11,89,0
348,34,4,11,89,0,4,11,89,0
348,35,4,11,89,0,4,11,89,0
348,36,11,14,261,9,11,5,270,9
348,37,11,14,261,9,11,5,270,9
348,38,11,11,264,-10,11,21,254,-10
348,39,11,11,264,-10,11,21,254,-10
348,40,11,18,257,-3,11,21,254,-3
348,41,11,18,257,-3,11,21,254,-3
348,42,11,18,257,-3,11,21,254,-3
348,43,11,9,266,2,11,7,268,2
348,44,11,9,266,2,11,7,268,2
348,45,3,12,63,0,3,12,63,0
348,46,11,16,259,-3,11,19,256,-3
348,47,11,16,259,-3,11,19,256,-3
348,48,11,14,261,-5,11,19,256,-5
348,49,11,14,261,-5,11,19,256,-5
348,50,11,14,261,-5,11,19,256,-5
348,51,11,14,261,7,11,7,268,7
348,52,11,14,261,7,11,7,268,7
348,53,11,14,261,7,11,7,268,7
348,54,11,8,267,-9,11,17,258,-9
348,55,11,8,267,-9,11,17,258,-9
348,56,11,14,261,3,11,11,264,3
348,57,11,14,261,3,11,11,264,3
348,58,11,14,261,3,11,11,264,3
348,59,3,12,63,0,3,12,63,0
348,60,11,14,261,-9,11,23,252,-9
348,61,11,14,261,-9,11,23,252,-9
348,62,11,14,261,-9,11,23,252,-9
348,63,11,13,262,-7,11,20,255,-7
348,64,11,13,262,-7,11,20,255,-7
348,65,11,14,261,-6,11,20,255,-6
348,66,11,14,261,-6,11,20,255,-6
348,67,11,14,261,-6,11,20,255,-6
348,68,11,15,260,1,11,14,261,1
348,69,11,15,260,1,11,14,261,1
348,70,11,15,260,1,11,14,261,1
348,71,3,12,63,0,3,12,63,0
348,72,11,11,264,8,11,3,272,8
348,73,11,11,264,8,11,3,272,8
348,74,11,11,264,8,11,3,272,8
348,75,11,9,266,6,11,3,272,6
348,76,11,9,266,6,11,3,272,6
348,77,11,9,266,6,11,3,272,6
348,78,11,11,264,9,11,2,273,9
348,79,11,11,264,9,11,2,273,9
348,80,11,13,262,-10,11,23,252,-10
348,81,11,13,262,-10,11,23,252,-10
348,82,3,15,60,0,3,15,60,0
348,83,11,4,271,0,11,4,271,0
348,84,11,14,261,10,11,4,271,10
348,85,11,14,261,10,11,4,271,10
348,86,11,14,261,10,11,4,271,10
348,87,11,12,263,-5,11,17,258,-5
348,88,11,12,263,-5,11,17,258,-5
348,89,11,14,261,-1,11,15,260,-1
348,90,11,14,261,-1,11,15,260,-1
348,91,11,11,264,2,11,9,266,2
348,92,11,11,264,2,11,9,266,2
348,93,3,13,62,0,3,13,62,0
348,94,11,17,258,-10,10,2,248,-10
348,95,11,17,258,-10,10,2,248,-10
349,0,11,10,265,-9,11,19,256,-9
349,1,11,10,265,-9,11,19,256,-9
349,2,11,10,265,-9,11,19,256,-9
349,3,11,10,265,-1,11,11,264,-1
349,4,11,10,265,-1,11,11,264,-1
349,5,11,13,262,-2,11,15,260,-2
349,6,11,13,262,-2,11,15,260,-2
349,7,11,13,262,-2,11,15,260,-2
349,8,11,11,264,-2,11,13,262,-2
349,9,11,11,264,-2,11,13,262,-2
349,10,11,11,264,-2,11,13,262,-2
349,11,3,10,65,0,3,10,65,0
349,12,4,11,89,0,4,11,89,0
349,13,4,11,89,0,4,11,89,0
349,14,4,11,89,0,4,11,89,0
349,15,4,11,89,0,4,11,89,0
349,16,4,11,89,0,4,11,89,0
349,17,4,11,89,0,4,11,89,0
349,18,4,11,89,0,4,11,89,0
349,19,4,11,89,0,4,11,89,0
349,20,4,11,89,0,4,11,89,0
349,21,4,11,89,0,4,11,89,0
349,22,4,11,89,0,4,11,89,0
349,23,4,11,89,0,4,11,89,0
349,24,11,14,261,8,11,6,269,8
349,25,11,14,261,8,11,6,269,8
349,26,11,14,261,8,11,6,269,8
349,27,11,12,263,-7,11,19,256,-7
349,28,11,12,263,-7,11,19,256,-7
349,29,11,9,266,-7,11,16,259,-7
349,30,11,9,266,-7,11,16,259,-7
349,31,11,13,262,4,11,9,266,4
349,32,11,13,262,4,11,9,266,4
349,33,11,14,261,6,11,8,267,6
349,34,11,14,261,6,11,8,267,6
349,35,3,11,64,0,3,11,64,0
349,36,11,14,261,-1,11,15,260,-1
349,37,11,14,261,-1,11,15,260,-1
349,38,11,14,261,-1,11,15,260,-1
349,39,11,15,260,-9,11,24,251,-9
349,40,11,15,260,-9,11,24,251,-9
349,41,11,13,262,9,11,4,271,9
349,42,11,13,262,9,11,4,271,9
349,43,11,13,262,9,11,4,271,9
349,44,11,15,260,10,11,5,270,10
349,45,11,15,260,10,11,5,270,10
349,46,11,15,260,10,11,5,270,10
349,47,3,11,64,0,3,11,64,0
349,48,11,13,262,-9,11,22,253,-9
349,49,11,13,262,-9,11,22,253,-9
349,50,11,15,260,3,11,12,263,3
349,51,11,15,260,3,11,12,263,3
349,52,11,13,262,10,11,3,272,10
349,53,11,13,262,10,11,3,272,10
349,54,11,10,265,-3,11,13,262,-3
349,55,11,10,265,-3,11,13,262,-3
349,56,11,15,260,1,11,14,261,1
349,57,11,15,260,1,11,14,261,1
349,58,11,15,260,1,11,14,261,1
349,59,3,11,64,0,3,11,64,0
349,60,11,11,264,8,11,3,272,8
349,61,11,11,264,8,11,3,272,8
349,62,11,11,264,8,11,3,272,8
349,63,11,15,260,8,11,7,268,8
349,64,11,15,260,8,11,7,268,8
349,65,11,13,262,9,11,4,271,9
349,66,11,13,262,9,11,4,271,9
349,67,11,13,262,9,11,4,271,9
349,68,11,16,259,4,11,12,263,4
349,69,11,16,259,4,11,12,263,4
349,70,11,16,259,10,11,6,269,10
349,71,11,16,259,10,11,6,269,10
349,72,11,13,262,-4,11,17,258,-4
349,73,11,13,262,-4,11,17,258,-4
349,74,11,13,262,-4,11,17,258,-4
349,75,11,10,265,7,11,3,272,7
349,76,11,10,265,7,11,3,272,7
349,77,11,15,260,6,11,9,266,6
349,78,11,15,260,6,11,9,266,6
349,79,11,15,260,6,11,9,266,6
349,80,11,12,263,4,11,8,267,4
349,81,11,12,263,4,11,8,267,4
349,82,11,12,263,4,11,8,267,4
349,83,3,12,63,0,3,12,63,0
349,84,11,14,261,-6,11,20,255,-6
349,85,11,14,261,-6,11,20,255,-6
349,86,11,14,261,-6,11,20,255,-6
349,87,11,15,260,4,11,11,264,4
349,88,11,15,260,4,11,11,264,4
349,89,11,13,262,7,11,6,269,7
349,90,11,13,262,7,11,6,269,7
349,91,11,14,261,8,11,6,269,8
349,92,11,14,261,8,11,6,269,8
349,93,11,13,262,-5,11,18,257,-5
349,94,11,13,262,-5,11,18,257,-5
349,95,3,13,62,0,3,13,62,0
350,0,11,11,264,10,11,1,274,10
350,1,11,11,264,10,11,1,274,10
350,2,11,11,264,10,11,1,274,10
350,3,11,10,265,-3,11,13,262,-3
350,4,11,10,265,-3,11,13,262,-3
350,5,11,9,266,0,11,9,266,0
350,6,11,9,266,0,11,9,266,0
350,7,11,9,266,0,11,9,266,0
350,8,11,12,263,10,11,2,273,10
350,9,11,12,263,10,11,2,273,10
350,10,11,12,263,10,11,2,273,10
350,11,3,11,64,0,3,11,64,0
350,12,11,8,267,-10,11,18,257,-10
350,13,11,8,267,-10,11,18,257,-10
350,14,11,9,266,6,11,3,272,6
350,15,11,9,266,6,11,3,272,6
350,16,11,6,269,10,12,21,279,10
350,17,11,6,269,10,12,21,279,10
350,18,11,10,265,1,11,9,266,1
350,19,11,10,265,1,11,9,266,1
350,20,11,11,264,-8,11,19,256,-8
350,21,11,11,264,-8,11,19,256,-8
350,22,11,11,264,-8,11,19,256,-8
350,23,3,11,64,0,3,11,64,0
350,24,11,11,264,0,11,11,264,0
350,25,11,11,264,0,11,11,264,0
350,26,11,11,264,0,11,11,264,0
350,27,11,11,264,0,11,11,264,0
350,28,11,11,264,0,11,11,264,0
350,29,11,11,264,4,11,7,268,4
350,30,11,11,264,4,11,7,268,4
350,31,11,11,264,4,11,7,268,4
350,32,11,12,263,-4,11,16,259,-4
350,33,11,12,263,-4,11,16,259,-4
350,34,11,13,262,7,11,6,269,7
350,35,11,13,262,7,11,6,269,7
350,36,11,10,265,8,11,2,273,8
350,37,11,10,265,8,11,2,273,8
350,38,11,10,265,8,11,2,273,8
350,39,11,11,264,-7,11,18,257,-7
350,40,11,11,264,-7,11,18,257,-7
350,41,11,13,262,2,11,11,264,2
350,42,11,12,263,2,11,10,265,2
350,43,11,13,262,2,11,11,264,2
350,44,11,11,264,-10,11,21,254,-10
350,45,11,11,264,-10,11,21,254,-10
350,46,11,11,264,-10,11,21,254,-10
350,47,3,13,62,0,3,13,62,0
350,48,11,11,264,0,11,11,264,0
350,49,11,11,264,0,11,11,264,0
350,50,11,11,264,0,11,11,264,0
350,51,11,12,263,-2,11,14,261,-2
350,52,11,12,263,-2,11,14,261,-2
350,53,11,12,263,1,11,11,264,1
350,54,11,12,263,1,11,11,264,1
350,55,11,9,266,9,11,0,275,9
350,56,11,9,266,9,11,0,275,9
350,57,11,14,261,4,11,10,265,4
350,58,11,14,261,4,11,10,265,4
350,59,3,13,62,0,3,13,62,0
350,60,11,14,261,3,11,11,264,3
350,61,11,14,261,3,11,11,264,3
350,62,11,14,261,3,11,11,264,3
350,63,11,14,261,-2,11,16,259,-2
350,64,11,14,261,-2,11,16,259,-2
350,65,11,13,262,0,11,13,262,0
350,66,11,13,262,0,11,13,262,0
350,67,3,13,62,0,3,13,62,0
350,68,11,13,262,-3,11,16,259,-3
350,69,11,13,262,-3,11,16,259,-3
350,70,11,13,262,-3,11,16,259,-3
350,71,11,13,262,0,11,13,262,0
350,72,11,8,267,0,11,8,267,0
350,73,11,8,267,0,11,8,267,0
350,74,11,11,264,-1,11,12,263,-1
350,75,11,11,264,-1,11,12,263,-1
350,76,11,12,263,-4,11,16,259,-4
350,77,11,12,263,-4,11,16,259,-4
350,78,11,9,266,6,11,3,272,6
350,79,11,9,266,6,11,3,272,6
350,80,11,13,262,-5,11,18,257,-5
350,81,11,13,262,-5,11,18,257,-5
350,82,11,13,262,-5,11,18,257,-5
350,83,3,13,62,0,3,13,62,0
350,84,11,9,266,-2,11,11,264,-2
350,85,11,9,266,-2,11,11,264,-2
350,86,11,9,266,-2,11,11,264,-2
350,87,11,13,262,1,11,12,263,1
350,88,11,13,262,1,11,12,263,1
350,89,11,14,261,10,11,4,271,10
350,90,11,14,261,10,11,4,271,10
350,91,11,14,261,10,11,4,271,10
350,92,11,11,264,6,11,5,270,6
350,93,11,11,264,6,11,5,270,6
350,94,11,14,261,-10,11,24,251,-10
350,95,11,14,261,-10,11,24,251,-10
351,0,10,11,239,3,10,8,242,3
351,1,10,11,239,3,10,8,242,3
351,2,10,11,239,3,10,8,242,3
351,3,10,8,242,-2,10,10,240,-2
351,4,10,8,242,-2,10,10,240,-2
351,5,10,13,237,6,10,7,243,6
351,6,10,13,237,6,10,7,243,6
351,7,10,13,237,6,10,7,243,6
351,8,10,14,236,-8,10,22,228,-8
351,9,10,14,236,-8,10,22,228,-8
351,10,10,14,236,-8,10,22,228,-8
351,11,2,12,38,0,2,12,38,0
351,12,3,10,65,0,3,10,65,0
351,13,3,10,65,0,3,10,65,0
351,14,3,10,65,0,3,10,65,0
351,15,3,10,65,0,3,10,65,0
351,16,3,10,65,0,3,10,65,0
351,17,3,10,65,0,3,10,65,0
351,18,3,10,65,0,3,10,65,0
351,19,3,10,65,0,3,10,65,0
351,20,3,10,65,0,3,10,65,0
351,21,3,10,65,0,3,10,65,0
351,22,3,10,65,0,3,10,65,0
351,23,3,10,65,0,3,10,65,0
351,24,10,13,237,-1,10,14,236,-1
351,25,10,13,237,-1,10,14,236,-1
351,26,10,13,237,-1,10,14,236,-1
351,27,10,14,236,-6,10,20,230,-6
351,28,10,14,236,-6,10,20,230,-6
351,29,10,9,241,1,10,8,242,1
351,30,10,9,241,1,10,8,242,1
351,31,10,11,239,-1,10,12,238,-1
351,32,10,11,239,-1,10,12,238,-1
351,33,10,13,237,-8,10,21,229,-8
351,34,10,14,236,-8,10,22,228,-8
351,35,2,12,38,0,2,12,38,0
351,36,10,15,235,5,10,10,240,5
351,37,10,15,235,5,10,10,240,5
351,38,10,15,235,5,10,10,240,5
351,39,10,14,236,-1,10,15,235,-1
351,40,10,14,236,-1,10,15,235,-1
351,41,10,14,236,9,10,5,245,9
351,42,10,14,236,9,10,5,245,9
351,43,10,14,236,9,10,5,245,9
351,44,10,15,235,8,10,7,243,8
351,45,10,15,235,8,10,7,243,8
351,46,10,15,235,8,10,7,243,8
351,47,2,12,38,0,2,12,38,0
351,48,10,16,234,0,10,16,234,0
351,49,10,16,234,0,10,16,234,0
351,50,10,14,236,-5,10,19,231,-5
351,51,10,14,236,-5,10,19,231,-5
351,52,10,11,239,0,10,11,239,0
351,53,10,11,239,0,10,11,239,0
351,54,10,11,239,9,10,2,248,9
351,55,10,11,239,9,10,2,248,9
351,56,10,13,237,10,10,3,247,10
351,57,10,13,237,10,10,3,247,10
351,58,10,13,237,10,10,3,247,10
351,59,2,12,38,0,2,12,38,0
351,60,10,12,238,10,10,2,248,10
351,61,10,12,238,10,10,2,248,10
351,62,10,12,238,10,10,2,248,10
351,63,10,14,236,-5,10,19,231,-5
351,64,10,14,236,-5,10,19,231,-5
351,65,10,13,237,0,10,13,237,0
351,66,10,13,237,0,10,13,237,0
351,67,10,13,237,0,10,13,237,0
351,68,10,14,236,-8,10,22,228,-8
351,69,10,14,236,-8,10,22,228,-8
351,70,10,16,234,-2,10,18,232,-2
351,71,10,16,234,-2,10,18,232,-2
351,72,10,12,238,-3,10,15,235,-3
351,73,10,12,238,-3,10,15,235,-3
351,74,10,12,238,-3,10,15,235,-3
351,75,10,11,239,6,10,5,245,6
351,76,10,11,239,6,10,5,245,6
351,77,10,14,236,-7,10,21,229,-7
351,78,10,14,236,-7,10,21,229,-7
351,79,10,14,236,-7,10,21,229,-7
351,80,10,14,236,2,10,12,238,2
351,81,10,15,235,2,10,13,237,2
351,82,10,14,236,2,10,12,238,2
351,83,2,13,37,0,2,13,37,0
351,84,10,14,236,-4,10,18,232,-4
351,85,10,14,236,-4,10,18,232,-4
351,86,10,14,236,-4,10,18,232,-4
351,87,10,14,236,0,10,14,236,0
351,88,10,14,236,0,10,14,236,0
351,89,10,10,240,5,10,5,245,5
351,90,10,10,240,5,10,5,245,5
351,91,10,10,240,0,10,10,240,0
351,92,10,10,240,0,10,10,240,0
351,93,10,14,236,-4,10,18,232,-4
351,94,10,14,236,-4,10,18,232,-4
351,95,2,13,37,0,2,13,37,0
352,0,10,11,239,-8,10,19,231,-8
352,1,10,11,239,-8,10,19,231,-8
352,2,10,11,239,-8,10,19,231,-8
352,3,10,12,238,-10,10,22,228,-10
352,4,10,12,238,-10,10,22,228,-10
352,5,10,11,239,-2,10,13,237,-2
352,6,10,10,240,-2,10,12,238,-2
352,7,10,10,240,-2,10,12,238,-2
352,8,10,12,238,-8,10,20,230,-8
352,9,10,12,238,-8,10,20,230,-8
352,10,10,12,238,-8,10,20,230,-8
352,11,2,12,38,0,2,12,38,0
352,12,10,11,239,-7,10,18,232,-7
352,13,10,11,239,-7,10,18,232,-7
352,14,10,12,238,-1,10,13,237,-1
352,15,10,12,238,-1,10,13,237,-1
352,16,10,11,239,-9,10,20,230,-9
352,17,10,11,239,-9,10,20,230,-9
352,18,10,14,236,-9,10,23,227,-9
352,19,10,14,236,-9,10,23,227,-9
352,20,10,15,235,6,10,9,241,6
352,21,10,15,235,6,10,9,241,6
352,22,2,12,38,0,2,12,38,0
352,23,10,15,235,6,10,9,241,6
352,24,10,12,238,-8,10,20,230,-8
352,25,10,11,239,-8,10,19,231,-8
352,26,10,11,239,-8,10,19,231,-8
352,27,10,12,238,-6,10,18,232,-6
352,28,10,12,238,-6,10,18,232,-6
352,29,10,14,236,10,10,4,246,10
352,30,10,14,236,10,10,4,246,10
352,31,10,14,236,10,10,4,246,10
352,32,10,12,238,3,10,9,241,3
352,33,10,12,238,3,10,9,241,3
352,34,10,16,234,5,10,11,239,5
352,35,10,15,235,5,10,10,240,5
352,36,10,13,237,-1,10,14,236,-1
352,37,10,12,238,-1,10,13,237,-1
352,38,10,12,238,-1,10,13,237,-1
352,39,10,8,242,-8,10,16,234,-8
352,40,10,8,242,-8,10,16,234,-8
352,41,10,16,234,1,10,15,235,1
352,42,10,16,234,1,10,15,235,1
352,43,10,16,234,1,10,15,235,1
352,44,10,16,234,-3,10,19,231,-3
352,45,10,16,234,-3,10,19,231,-3
352,46,10,16,234,-3,10,19,231,-3
352,47,2,13,37,0,2,13,37,0
352,48,10,11,239,-3,10,14,236,-3
352,49,10,11,239,-3,10,14,236,-3
352,50,10,11,239,-3,10,14,236,-3
352,51,10,13,237,10,10,3,247,10
352,52,10,13,237,10,10,3,247,10
352,53,10,12,238,10,10,2,248,10
352,54,10,11,239,10,10,1,249,10
352,55,10,13,237,5,10,8,242,5
352,56,10,13,237,5,10,8,242,5
352,57,10,16,234,-6,10,22,228,-6
352,58,10,16,234,-6,10,22,228,-6
352,59,2,13,37,0,2,13,37,0
352,60,10,17,233,-5,10,22,228,-5
352,61,10,17,233,-5,10,22,228,-5
352,62,10,17,233,-5,10,22,228,-5
352,63,10,14,236,-4,10,18,232,-4
352,64,10,14,236,-4,10,18,232,-4
352,65,10,15,235,-10,9,0,225,-10
352,66,10,15,235,-10,9,0,225,-10
352,67,10,15,235,-10,9,0,225,-10
352,68,10,13,237,4,10,9,241,4
352,69,10,13,237,4,10,9,241,4
352,70,10,13,237,4,10,9,241,4
352,71,2,14,36,0,2,14,36,0
352,72,10,12,238,-4,10,16,234,-4
352,73,10,12,238,-4,10,16,234,-4
352,74,10,12,238,1,10,11,239,1
352,75,10,12,238,1,10,11,239,1
352,76,10,12,238,-1,10,13,237,-1
352,77,10,12,238,-1,10,13,237,-1
352,78,10,11,239,7,10,4,246,7
352,79,10,11,239,7,10,4,246,7
352,80,10,17,233,-9,9,1,224,-9
352,81,10,17,233,-9,9,1,224,-9
352,82,10,17,233,-9,9,1,224,-9
352,83,2,14,36,0,2,14,36,0
352,84,10,12,238,1,10,11,239,1
352,85,10,12,238,1,10,11,239,1
352,86,10,12,238,1,10,11,239,1
352,87,10,16,234,1,10,15,235,1
352,88,10,16,234,1,10,15,235,1
352,89,10,15,235,-2,10,17,233,-2
352,90,10,14,236,-2,10,16,234,-2
352,91,10,14,236,-2,10,16,234,-2
352,92,10,13,237,-8,10,21,229,-8
352,93,10,13,237,-8,10,21,229,-8
352,94,10,15,235,-7,10,22,228,-7
352,95,10,15,235,-7,10,22,228,-7
353,0,10,12,238,-6,10,18,232,-6
353,1,10,12,238,-6,10,18,232,-6
353,2,10,13,237,0,10,13,237,0
353,3,10,13,237,0,10,13,237,0
353,4,10,13,237,0,10,13,237,0
353,5,10,15,235,3,10,12,238,3
353,6,10,15,235,3,10,12,238,3
353,7,10,9,241,0,10,9,241,0
353,8,10,9,241,0,10,9,241,0
353,9,10,4,246,0,10,4,246,0
353,10,10,4,246,0,10,4,246,0
353,11,2,18,32,0,2,18,32,0
353,12,3,10,65,0,3,10,65,0
353,13,3,10,65,0,3,10,65,0
353,14,3,10,65,0,3,10,65,0
353,15,3,10,65,0,3,10,65,0
353,16,3,10,65,0,3,10,65,0
353,17,3,10,65,0,3,10,65,0
353,18,3,10,65,0,3,10,65,0
353,19,3,10,65,0,3,10,65,0
353,20,3,10,65,0,3,10,65,0
353,21,3,10,65,0,3,10,65,0
353,22,3,10,65,0,3,10,65,0
353,23,3,10,65,0,3,10,65,0
353,24,3,10,65,0,3,10,65,0
353,25,3,10,65,0,3,10,65,0
353,26,3,10,65,0,3,10,65,0
353,27,3,10,65,0,3,10,65,0
353,28,3,10,65,0,3,10,65,0
353,29,3,10,65,0,3,10,65,0
353,30,3,10,65,0,3,10,65,0
353,31,3,10,65,0,3,10,65,0
353,32,3,10,65,0,3,10,65,0
353,33,3,10,65,0,3,10,65,0
353,34,3,10,65,0,3,10,65,0
353,35,3,10,65,0,3,10,65,0
353,36,10,16,234,-4,10,20,230,-4
353,37,10,16,234,-4,10,20,230,-4
353,38,10,11,239,6,10,5,245,6
353,39,10,11,239,6,10,5,245,6
353,40,10,16,234,8,10,8,242,8
353,41,10,16,234,8,10,8,242,8
353,42,10,16,234,8,10,8,242,8
353,43,10,12,238,-8,10,20,230,-8
353,44,10,12,238,-8,10,20,230,-8
353,45,2,15,35,0,2,15,35,0
353,46,10,18,232,5,10,13,237,5
353,47,10,18,232,5,10,13,237,5
353,48,10,16,234,-5,10,21,229,-5
353,49,10,16,234,-5,10,21,229,-5
353,50,10,16,234,-5,10,21,229,-5
353,51,10,16,234,-5,10,21,229,-5
353,52,10,16,234,-5,10,21,229,-5
353,53,10,16,234,-5,10,21,229,-5
353,54,10,13,237,-1,10,14,236,-1
353,55,10,13,237,-1,10,14,236,-1
353,56,10,15,235,-2,10,17,233,-2
353,57,10,15,235,-2,10,17,233,-2
353,58,10,15,235,-2,10,17,233,-2
353,59,2,15,35,0,2,15,35,0
353,60,10,16,234,-5,10,21,229,-5
353,61,10,16,234,-5,10,21,229,-5
353,62,10,16,234,-5,10,21,229,-5
353,63,10,15,235,-8,10,23,227,-8
353,64,10,15,235,-8,10,23,227,-8
353,65,10,16,234,-8,10,24,226,-8
353,66,10,16,234,-8,10,24,226,-8
353,67,10,16,234,-8,10,24,226,-8
353,68,10,14,236,-6,10,20,230,-6
353,69,10,14,236,-6,10,20,230,-6
353,70,10,14,236,-6,10,20,230,-6
353,71,2,15,35,0,2,15,35,0
353,72,10,13,237,-3,10,16,234,-3
353,73,10,13,237,-3,10,16,234,-3
353,74,10,13,237,-3,10,16,234,-3
353,75,10,12,238,-9,10,21,229,-9
353,76,10,12,238,-9,10,21,229,-9
353,77,10,12,238,-9,10,21,229,-9
353,78,10,11,239,7,10,4,246,7
353,79,10,11,239,7,10,4,246,7
353,80,10,13,237,-10,10,23,227,-10
353,81,10,13,237,-10,10,23,227,-10
353,82,10,18,232,-9,9,2,223,-9
353,83,10,18,232,-9,9,2,223,-9
353,84,10,7,243,0,10,7,243,0
353,85,10,1,249,0,10,1,249,0
353,86,10,7,243,0,10,7,243,0
353,87,10,15,235,-10,9,0,225,-10
353,88,10,15,235,-10,9,0,225,-10
353,89,10,15,235,10,10,5,245,10
353,90,10,15,235,10,10,5,245,10
353,91,10,14,236,-8,10,22,228,-8
353,92,10,14,236,-8,10,22,228,-8
353,93,2,15,35,0,2,15,35,0
353,94,10,17,233,3,10,14,236,3
353,95,10,17,233,3,10,14,236,3
354,0,10,11,239,9,10,2,248,9
354,1,10,11,239,9,10,2,248,9
354,2,10,12,238,7,10,5,245,7
354,3,10,12,238,7,10,5,245,7
354,4,10,12,238,7,10,5,245,7
354,5,10,13,237,8,10,5,245,8
354,6,10,13,237,8,10,5,245,8
354,7,10,9,241,5,10,4,246,5
354,8,10,9,241,5,10,4,246,5
354,9,10,13,237,2,10,11,239,2
354,10,10,13,237,2,10,11,239,2
354,11,10,13,237,2,10,11,239,2
354,12,3,10,65,0,3,10,65,0
354,13,3,10,65,0,3,10,65,0
354,14,3,10,65,0,3,10,65,0
354,15,3,10,65,0,3,10,65,0
354,16,3,10,65,0,3,10,65,0
354,17,3,10,65,0,3,10,65,0
354,18,3,10,65,0,3,10,65,0
354,19,3,10,65,0,3,10,65,0
354,20,3,10,65,0,3,10,65,0
354,21,3,10,65,0,3,10,65,0
354,22,3,10,65,0,3,10,65,0
354,23,3,10,65,0,3,10,65,0
354,24,3,10,65,0,3,10,65,0
354,25,3,10,65,0,3,10,65,0
354,26,3,10,65,0,3,10,65,0
354,27,3,10,65,0,3,10,65,0
354,28,3,10,65,0,3,10,65,0
354,29,3,10,65,0,3,10,65,0
354,30,3,10,65,0,3,10,65,0
354,31,3,10,65,0,3,10,65,0
354,32,3,10,65,0,3,10,65,0
354,33,3,10,65,0,3,10,65,0
354,34,3,10,65,0,3,10,65,0
354,35,3,10,65,0,3,10,65,0
354,36,10,8,242,8,10,0,250,8
354,37,10,8,242,8,10,0,250,8
354,38,10,12,238,8,10,4,246,8
354,39,10,12,238,8,10,4,246,8
354,40,10,15,235,5,10,10,240,5
354,41,10,15,235,5,10,10,240,5
354,42,10,15,235,5,10,10,240,5
354,43,10,10,240,10,10,0,250,10
354,44,10,10,240,10,10,0,250,10
354,45,2,13,37,0,2,13,37,0
354,46,10,14,236,4,10,10,240,4
354,47,10,14,236,4,10,10,240,4
354,48,10,15,235,6,10,9,241,6
354,49,10,15,235,6,10,9,241,6
354,50,10,15,235,6,10,9,241,6
354,51,10,13,237,-1,10,14,236,-1
354,52,10,13,237,-1,10,14,236,-1
354,53,10,13,237,-1,10,14,236,-1
354,54,10,9,241,8,10,1,249,8
354,55,10,9,241,8,10,1,249,8
354,56,10,12,238,-2,10,14,236,-2
354,57,10,12,238,-2,10,14,236,-2
354,58,10,12,238,-2,10,14,236,-2
354,59,2,12,38,0,2,12,38,0
354,60,10,14,236,5,10,9,241,5
354,61,10,14,236,5,10,9,241,5
354,62,10,14,236,5,10,9,241,5
354,63,10,11,239,-2,10,13,237,-2
354,64,10,11,239,-2,10,13,237,-2
354,65,10,15,235,6,10,9,241,6
354,66,10,15,235,6,10,9,241,6
354,67,10,15,235,6,10,9,241,6
354,68,10,17,233,-5,10,22,228,-5
354,69,10,17,233,-5,10,22,228,-5
354,70,10,17,233,-5,10,22,228,-5
354,71,2,13,37,0,2,13,37,0
354,72,10,11,239,0,10,11,239,0
354,73,10,11,239,0,10,11,239,0
354,74,10,11,239,0,10,11,239,0
354,75,10,12,238,-5,10,17,233,-5
354,76,10,12,238,-5,10,17,233,-5
354,77,10,12,238,-5,10,17,233,-5
354,78,10,10,240,5,10,5,245,5
354,79,10,10,240,5,10,5,245,5
354,80,10,12,238,9,10,3,247,9
354,81,10,12,238,9,10,3,247,9
354,82,10,13,237,8,10,5,245,8
354,83,10,13,237,8,10,5,245,8
354,84,10,15,235,-5,10,20,230,-5
354,85,10,15,235,-5,10,20,230,-5
354,86,10,15,235,-5,10,20,230,-5
354,87,10,13,237,10,10,3,247,10
354,88,10,13,237,10,10,3,247,10
354,89,10,13,237,8,10,5,245,8
354,90,10,13,237,8,10,5,245,8
354,91,10,13,237,-2,10,15,235,-2
354,92,10,13,237,-2,10,15,235,-2
354,93,2,14,36,0,2,14,36,0
354,94,10,14,236,7,10,7,243,7
354,95,10,14,236,7,10,7,243,7
355,0,10,14,236,-9,10,23,227,-9
355,1,10,14,236,-9,10,23,227,-9
355,2,10,10,240,-8,10,18,232,-8
355,3,10,10,240,-8,10,18,232,-8
355,4,10,10,240,-8,10,18,232,-8
355,5,10,16,234,-9,9,0,225,-9
355,6,10,16,234,-9,9,0,225,-9
355,7,10,11,239,9,10,2,248,9
355,8,10,11,239,9,10,2,248,9
355,9,10,12,238,6,10,6,244,6
355,10,10,12,238,6,10,6,244,6
355,11,10,12,238,6,10,6,244,6
355,12,3,10,65,0,3,10,65,0
355,13,3,10,65,0,3,10,65,0
355,14,3,10,65,0,3,10,65,0
355,15,3,10,65,0,3,10,65,0
355,16,3,10,65,0,3,10,65,0
355,17,3,10,65,0,3,10,65,0
355,18,3,10,65,0,3,10,65,0
355,19,3,10,65,0,3,10,65,0
355,20,3,10,65,0,3,10,65,0
355,21,3,10,65,0,3,10,65,0
355,22,3,10,65,0,3,10,65,0
355,23,3,10,65,0,3,10,65,0
355,24,3,10,65,0,3,10,65,0
355,25,3,10,65,0,3,10,65,0
355,26,3,10,65,0,3,10,65,0
355,27,3,10,65,0,3,10,65,0
355,28,3,10,65,0,3,10,65,0
355,29,3,10,65,0,3,10,65,0
355,30,3,10,65,0,3,10,65,0
355,31,3,10,65,0,3,10,65,0
355,32,3,10,65,0,3,10,65,0
355,33,3,10,65,0,3,10,65,0
355,34,3,10,65,0,3,10,65,0
355,35,3,10,65,0,3,10,65,0
355,36,10,13,237,-6,10,19,231,-6
355,37,10,13,237,-6,10,19,231,-6
355,38,10,14,236,1,10,13,237,1
355,39,10,14,236,1,10,13,237,1
355,40,10,19,231,9,10,10,240,9
355,41,10,19,231,9,10,10,240,9
355,42,10,19,231,9,10,10,240,9
355,43,10,12,238,0,10,12,238,0
355,44,10,12,238,0,10,12,238,0
355,45,2,13,37,0,2,13,37,0
355,46,10,14,236,1,10,13,237,1
355,47,10,14,236,1,10,13,237,1
355,48,10,16,234,8,10,8,242,8
355,49,10,16,234,8,10,8,242,8
355,50,10,16,234,8,10,8,242,8
355,51,10,17,233,9,10,8,242,9
355,52,10,17,233,9,10,8,242,9
355,53,10,17,233,9,10,8,242,9
355,54,10,10,240,-8,10,18,232,-8
355,55,10,10,240,-8,10,18,232,-8
355,56,10,14,236,-1,10,15,235,-1
355,57,10,14,236,-1,10,15,235,-1
355,58,10,14,236,-1,10,15,235,-1
355,59,2,13,37,0,2,13,37,0
355,60,10,15,235,0,10,15,235,0
355,61,10,15,235,0,10,15,235,0
355,62,10,15,235,0,10,15,235,0
355,63,10,16,234,4,10,12,238,4
355,64,10,16,234,4,10,12,238,4
355,65,10,17,233,-3,10,20,230,-3
355,66,10,17,233,-3,10,20,230,-3
355,67,10,17,233,-3,10,20,230,-3
355,68,10,17,233,-10,9,2,223,-10
355,69,10,17,233,-10,9,2,223,-10
355,70,10,17,233,-10,9,2,223,-10
355,71,2,13,37,0,2,13,37,0
355,72,10,15,235,9,10,6,244,9
355,73,10,15,235,9,10,6,244,9
355,74,10,15,235,9,10,6,244,9
355,75,10,13,237,-8,10,21,229,-8
355,76,10,13,237,-8,10,21,229,-8
355,77,10,13,237,-8,10,21,229,-8
355,78,10,13,237,3,10,10,240,3
355,79,10,13,237,3,10,10,240,3
355,80,10,16,234,2,10,14,236,2
355,81,10,16,234,2,10,14,236,2
355,82,10,15,235,-6,10,21,229,-6
355,83,10,15,235,-6,10,21,229,-6
355,84,10,15,235,2,10,13,237,2
355,85,10,15,235,2,10,13,237,2
355,86,10,15,235,2,10,13,237,2
355,87,10,16,234,-2,10,18,232,-2
355,88,10,16,234,-2,10,18,232,-2
355,89,10,12,238,8,10,4,246,8
355,90,10,12,238,8,10,4,246,8
355,91,10,13,237,-4,10,17,233,-4
355,92,10,13,237,-4,10,17,233,-4
355,93,2,14,36,0,2,14,36,0
355,94,10,5,245,0,10,5,245,0
355,95,2,17,33,0,2,17,33,0
356,0,12,10,290,0,12,10,290,0
356,1,12,10,290,0,12,10,290,0
356,2,12,10,290,0,12,10,290,0
356,3,12,6,294,-10,12,16,284,-10
356,4,12,6,294,-10,12,16,284,-10
356,5,12,6,294,-10,12,16,284,-10
356,6,12,12,288,6,12,6,294,6
356,7,12,12,288,6,12,6,294,6
356,8,12,12,288,6,12,6,294,6
356,9,12,10,290,-7,12,17,283,-7
356,10,12,10,290,-7,12,17,283,-7
356,11,12,10,290,-7,12,17,283,-7
356,12,12,12,288,2,12,10,290,2
356,13,12,12,288,2,12,10,290,2
356,14,12,12,288,2,12,10,290,2
356,15,12,8,292,-9,12,17,283,-9
356,16,12,8,292,-9,12,17,283,-9
356,17,12,8,292,-9,12,17,283,-9
356,18,12,11,289,-5,12,16,284,-5
356,19,12,11,289,-5,12,16,284,-5
356,20,12,11,289,-5,12,16,284,-5
356,21,12,11,289,6,12,5,295,6
356,22,12,11,289,6,12,5,295,6
356,23,12,11,289,6,12,5,295,6
356,24,12,10,290,10,12,0,300,10
356,25,12,10,290,10,12,0,300,10
356,26,12,10,290,10,12,0,300,10
356,27,12,10,290,3,12,7,293,3
356,28,12,10,290,3,12,7,293,3
356,29,12,10,290,3,12,7,293,3
356,30,12,16,284,-3,12,19,281,-3
356,31,12,16,284,-3,12,19,281,-3
356,32,12,16,284,-3,12,19,281,-3
356,33,12,13,287,-2,12,15,285,-2
356,34,12,12,288,-2,12,14,286,-2
356,35,12,12,288,-2,12,14,286,-2
356,36,12,11,289,7,12,4,296,7
356,37,12,11,289,7,12,4,296,7
356,38,12,11,289,7,12,4,296,7
356,39,12,7,293,6,12,1,299,6
356,40,12,7,293,6,12,1,299,6
356,41,12,7,293,6,12,1,299,6
356,42,12,9,291,-9,12,18,282,-9
356,43,12,9,291,-9,12,18,282,-9
356,44,12,9,291,-9,12,18,282,-9
356,45,12,10,290,-9,12,19,281,-9
356,46,12,10,290,-9,12,19,281,-9
356,47,12,10,290,-9,12,19,281,-9
356,48,12,13,287,2,12,11,289,2
356,49,12,13,287,2,12,11,289,2
356,50,12,13,287,2,12,11,289,2
356,51,12,11,289,8,12,3,297,8
356,52,12,11,289,8,12,3,297,8
356,53,12,11,289,8,12,3,297,8
356,54,12,14,286,-9,12,23,277,-9
356,55,12,14,286,-9,12,23,277,-9
356,56,12,14,286,-9,12,23,277,-9
356,57,12,12,288,9,12,3,297,9
356,58,12,12,288,9,12,3,297,9
356,59,12,11,289,9,12,2,298,9
356,60,12,11,289,-2,12,13,287,-2
356,61,12,11,289,-2,12,13,287,-2
356,62,12,11,289,-2,12,13,287,-2
356,63,12,13,287,-10,12,23,277,-10
356,64,12,13,287,-10,12,23,277,-10
356,65,12,13,287,-10,12,23,277,-10
356,66,4,13,87,0,4,13,87,0
356,67,4,13,87,0,4,13,87,0
356,68,4,13,87,0,4,13,87,0
356,69,4,13,87,0,4,13,87,0
356,70,4,13,87,0,4,13,87,0
356,71,4,13,87,0,4,13,87,0
356,72,12,11,289,7,12,4,296,7
356,73,12,11,289,7,12,4,296,7
356,74,12,11,289,7,12,4,296,7
356,75,12,12,288,8,12,4,296,8
356,76,12,12,288,8,12,4,296,8
356,77,12,12,288,8,12,4,296,8
356,78,12,15,285,-5,12,20,280,-5
356,79,12,14,286,-5,12,19,281,-5
356,80,12,15,285,-5,12,20,280,-5
356,81,12,14,286,6,12,8,292,6
356,82,12,14,286,6,12,8,292,6
356,83,12,14,286,6,12,8,292,6
356,84,12,14,286,-2,12,16,284,-2
356,85,12,14,286,-2,12,16,284,-2
356,86,12,14,286,-2,12,16,284,-2
356,87,12,14,286,-4,12,18,282,-4
356,88,12,14,286,-4,12,18,282,-4
356,89,12,14,286,-4,12,18,282,-4
356,90,12,12,288,-7,12,19,281,-7
356,91,12,12,288,-7,12,19,281,-7
356,92,12,12,288,-7,12,19,281,-7
356,93,12,10,290,10,12,0,300,10
356,94,12,10,290,10,12,0,300,10
356,95,12,10,290,10,12,0,300,10
357,0,12,8,292,5,12,3,297,5
357,1,12,8,292,5,12,3,297,5
357,2,12,8,292,5,12,3,297,5
357,3,12,10,290,3,12,7,293,3
357,4,12,10,290,3,12,7,293,3
357,5,12,10,290,3,12,7,293,3
357,6,4,13,87,0,4,13,87,0
357,7,4,13,87,0,4,13,87,0
357,8,4,13,87,0,4,13,87,0
357,9,4,13,87,0,4,13,87,0
357,10,4,13,87,0,4,13,87,0
357,11,4,13,87,0,4,13,87,0
357,12,12,9,291,-1,12,10,290,-1
357,13,12,9,291,-1,12,10,290,-1
357,14,12,9,291,-1,12,10,290,-1
357,15,12,8,292,-10,12,18,282,-10
357,16,12,8,292,-10,12,18,282,-10
357,17,12,8,292,-10,12,18,282,-10
357,18,12,9,291,3,12,6,294,3
357,19,12,9,291,3,12,6,294,3
357,20,12,9,291,3,12,6,294,3
357,21,12,11,289,-6,12,17,283,-6
357,22,12,11,289,-6,12,17,283,-6
357,23,12,11,289,-6,12,17,283,-6
357,24,12,13,287,-6,12,19,281,-6
357,25,12,13,287,-6,12,19,281,-6
357,26,12,13,287,-6,12,19,281,-6
357,27,12,8,292,-4,12,12,288,-4
357,28,12,8,292,-4,12,12,288,-4
357,29,12,8,292,-4,12,12,288,-4
357,30,12,8,292,-6,12,14,286,-6
357,31,12,8,292,-6,12,14,286,-6
357,32,12,8,292,-6,12,14,286,-6
357,33,12,12,288,5,12,7,293,5
357,34,12,12,288,5,12,7,293,5
357,35,12,12,288,5,12,7,293,5
357,36,12,9,291,0,12,9,291,0
357,37,12,9,291,0,12,9,291,0
357,38,12,9,291,0,12,9,291,0
357,39,12,11,289,0,12,11,289,0
357,40,12,11,289,0,12,11,289,0
357,41,12,11,289,0,12,11,289,0
357,42,12,11,289,-4,12,15,285,-4
357,43,12,11,289,-4,12,15,285,-4
357,44,12,11,289,-4,12,15,285,-4
357,45,12,12,288,2,12,10,290,2
357,46,12,12,288,2,12,10,290,2
357,47,12,12,288,2,12,10,290,2
357,48,12,10,290,-5,12,15,285,-5
357,49,12,10,290,-5,12,15,285,-5
357,50,12,10,290,-5,12,15,285,-5
357,51,12,8,292,-7,12,15,285,-7
357,52,12,9,291,-7,12,16,284,-7
357,53,12,9,291,-7,12,16,284,-7
357,54,12,6,294,-5,12,11,289,-5
357,55,12,6,294,-5,12,11,289,-5
357,56,12,6,294,-5,12,11,289,-5
357,57,12,11,289,-3,12,14,286,-3
357,58,13,21,304,0,13,21,304,0
357,59,12,11,289,-3,12,14,286,-3
357,60,12,10,290,6,12,4,296,6
357,61,12,10,290,6,12,4,296,6
357,62,12,10,290,6,12,4,296,6
357,63,12,10,290,10,12,0,300,10
357,64,12,10,290,10,12,0,300,10
357,65,12,10,290,10,12,0,300,10
357,66,12,8,292,-6,12,14,286,-6
357,67,12,8,292,-6,12,14,286,-6
357,68,12,8,292,-6,12,14,286,-6
357,69,12,11,289,-3,12,14,286,-3
357,70,12,11,289,-3,12,14,286,-3
357,71,12,11,289,-3,12,14,286,-3
357,72,12,11,289,-2,12,13,287,-2
357,73,12,11,289,-2,12,13,287,-2
357,74,12,11,289,-2,12,13,287,-2
357,75,12,9,291,-6,12,15,285,-6
357,76,12,9,291,-6,12,15,285,-6
357,77,12,9,291,-6,12,15,285,-6
357,78,12,8,292,-4,12,12,288,-4
357,79,12,8,292,-4,12,12,288,-4
357,80,12,8,292,-4,12,12,288,-4
357,81,12,10,290,3,12,7,293,3
357,82,12,10,290,3,12,7,293,3
357,83,12,10,290,3,12,7,293,3
357,84,12,11,289,1,12,10,290,1
357,85,12,11,289,1,12,10,290,1
357,86,12,11,289,1,12,10,290,1
357,87,12,9,291,3,12,6,294,3
357,88,12,9,291,3,12,6,294,3
357,89,12,9,291,3,12,6,294,3
357,90,12,9,291,10,13,24,301,10
357,91,12,9,291,10,13,24,301,10
357,92,12,9,291,10,13,24,301,10
357,93,12,13,287,-8,12,21,279,-8
357,94,12,13,287,-8,12,21,279,-8
357,95,12,13,287,-8,12,21,279,-8
358,0,12,11,289,-1,12,12,288,-1
358,1,12,11,289,-1,12,12,288,-1
358,2,12,11,289,-1,12,12,288,-1
358,3,12,11,289,10,12,1,299,10
358,4,12,11,289,10,12,1,299,10
358,5,12,11,289,10,12,1,299,10
358,6,12,11,289,5,12,6,294,5
358,7,12,11,289,5,12,6,294,5
358,8,12,11,289,5,12,6,294,5
358,9,12,12,288,-10,12,22,278,-10
358,10,12,12,288,-10,12,22,278,-10
358,11,12,12,288,-10,12,22,278,-10
358,12,12,12,288,6,12,6,294,6
358,13,12,12,288,6,12,6,294,6
358,14,12,12,288,6,12,6,294,6
358,15,12,10,290,2,12,8,292,2
358,16,12,10,290,2,12,8,292,2
358,17,12,10,290,2,12,8,292,2
358,18,12,11,289,8,12,3,297,8
358,19,12,11,289,8,12,3,297,8
358,20,12,11,289,8,12,3,297,8
358,21,12,12,288,-9,12,21,279,-9
358,22,12,12,288,-9,12,21,279,-9
358,23,12,12,288,-9,12,21,279,-9
358,24,12,13,287,1,12,12,288,1
358,25,12,13,287,1,12,12,288,1
358,26,12,13,287,1,12,12,288,1
358,27,12,10,290,-7,12,17,283,-7
358,28,12,10,290,-7,12,17,283,-7
358,29,12,10,290,-7,12,17,283,-7
358,30,12,12,288,-8,12,20,280,-8
358,31,12,12,288,-8,12,20,280,-8
358,32,12,12,288,-8,12,20,280,-8
358,33,12,13,287,1,12,12,288,1
358,34,12,13,287,1,12,12,288,1
358,35,12,13,287,1,12,12,288,1
358,36,12,12,288,6,12,6,294,6
358,37,12,12,288,6,12,6,294,6
358,38,12,12,288,6,12,6,294,6
358,39,12,13,287,-3,12,16,284,-3
358,40,12,13,287,-3,12,16,284,-3
358,41,12,13,287,-3,12,16,284,-3
358,42,4,12,88,0,4,12,88,0
358,43,4,12,88,0,4,12,88,0
358,44,4,12,88,0,4,12,88,0
358,45,4,12,88,0,4,12,88,0
358,46,4,12,88,0,4,12,88,0
358,47,4,12,88,0,4,12,88,0
358,48,12,14,286,-9,12,23,277,-9
358,49,12,14,286,-9,12,23,277,-9
358,50,12,14,286,-9,12,23,277,-9
358,51,12,14,286,-9,12,23,277,-9
358,52,12,14,286,-9,12,23,277,-9
358,53,12,14,286,-9,12,23,277,-9
358,54,12,13,287,-4,12,17,283,-4
358,55,12,13,287,-4,12,17,283,-4
358,56,12,13,287,-4,12,17,283,-4
358,57,12,15,285,-7,12,22,278,-7
358,58,12,15,285,-7,12,22,278,-7
358,59,12,15,285,-7,12,22,278,-7
358,60,12,11,289,-7,12,18,282,-7
358,61,12,11,289,-7,12,18,282,-7
358,62,12,11,289,-7,12,18,282,-7
358,63,12,13,287,-7,12,20,280,-7
358,64,12,13,287,-7,12,20,280,-7
358,65,12,13,287,-7,12,20,280,-7
358,66,12,13,287,7,12,6,294,7
358,67,12,13,287,7,12,6,294,7
358,68,12,13,287,7,12,6,294,7
358,69,12,17,283,6,12,11,289,6
358,70,12,17,283,6,12,11,289,6
358,71,12,17,283,6,12,11,289,6
358,72,12,13,287,-5,12,18,282,-5
358,73,12,13,287,-5,12,18,282,-5
358,74,12,13,287,-5,12,18,282,-5
358,75,12,11,289,-2,12,13,287,-2
358,76,12,11,289,-2,12,13,287,-2
358,77,12,11,289,-2,12,13,287,-2
358,78,12,10,290,-7,12,17,283,-7
358,79,12,10,290,-7,12,17,283,-7
358,80,12,10,290,-7,12,17,283,-7
358,81,12,12,288,-7,12,19,281,-7
358,82,12,11,289,-7,12,18,282,-7
358,83,12,12,288,-7,12,19,281,-7
358,84,12,11,289,0,12,11,289,0
358,85,12,11,289,0,12,11,289,0
358,86,12,11,289,0,12,11,289,0
358,87,12,12,288,-3,12,15,285,-3
358,88,12,12,288,-3,12,15,285,-3
358,89,12,12,288,-3,12,15,285,-3
358,90,12,13,287,4,12,9,291,4
358,91,12,13,287,4,12,9,291,4
358,92,12,13,287,4,12,9,291,4
358,93,12,12,288,3,12,9,291,3
358,94,12,12,288,3,12,9,291,3
358,95,12,12,288,3,12,9,291,3
359,0,12,13,287,10,12,3,297,10
359,1,12,13,287,10,12,3,297,10
359,2,12,13,287,10,12,3,297,10
359,3,12,11,289,-1,12,12,288,-1
359,4,12,11,289,-1,12,12,288,-1
359,5,12,11,289,-1,12,12,288,-1
359,6,12,12,288,0,12,12,288,0
359,7,12,12,288,0,12,12,288,0
359,8,12,12,288,0,12,12,288,0
359,9,12,12,288,8,12,4,296,8
359,10,12,12,288,8,12,4,296,8
359,11,12,12,288,8,12,4,296,8
359,12,12,14,286,-8,12,22,278,-8
359,13,12,14,286,-8,12,22,278,-8
359,14,12,14,286,-8,12,22,278,-8
359,15,12,12,288,5,12,7,293,5
359,16,12,12,288,5,12,7,293,5
359,17,12,12,288,5,12,7,293,5
359,18,12,13,287,-8,12,21,279,-8
359,19,12,13,287,-8,12,21,279,-8
359,20,12,13,287,-8,12,21,279,-8
359,21,12,13,287,-5,12,18,282,-5
359,22,12,13,287,-5,12,18,282,-5
359,23,12,12,288,-5,12,17,283,-5
359,24,12,12,288,-2,12,14,286,-2
359,25,12,12,288,-2,12,14,286,-2
359,26,12,12,288,-2,12,14,286,-2
359,27,12,14,286,-4,12,18,282,-4
359,28,12,14,286,-4,12,18,282,-4
359,29,12,14,286,-4,12,18,282,-4
359,30,12,12,288,-8,12,20,280,-8
359,31,12,12,288,-8,12,20,280,-8
359,32,12,12,288,-8,12,20,280,-8
359,33,12,14,286,5,12,9,291,5
359,34,12,14,286,5,12,9,291,5
359,35,12,13,287,5,12,8,292,5
359,36,12,15,285,-4,12,19,281,-4
359,37,12,15,285,-4,12,19,281,-4
359,38,12,15,285,-4,12,19,281,-4
359,39,12,17,283,10,12,7,293,10
359,40,12,17,283,10,12,7,293,10
359,41,12,17,283,10,12,7,293,10
359,42,4,12,88,0,4,12,88,0
359,43,4,12,88,0,4,12,88,0
359,44,4,12,88,0,4,12,88,0
359,45,4,12,88,0,4,12,88,0
359,46,4,12,88,0,4,12,88,0
359,47,4,12,88,0,4,12,88,0
359,48,12,13,287,-1,12,14,286,-1
359,49,12,13,287,-1,12,14,286,-1
359,50,12,13,287,-1,12,14,286,-1
359,51,12,14,286,9,12,5,295,9
359,52,12,14,286,9,12,5,295,9
359,53,12,14,286,9,12,5,295,9
359,54,12,15,285,1,12,14,286,1
359,55,12,15,285,1,12,14,286,1
359,56,12,15,285,1,12,14,286,1
359,57,12,16,284,-3,12,19,281,-3
359,58,12,16,284,-3,12,19,281,-3
359,59,12,16,284,-3,12,19,281,-3
359,60,12,15,285,10,12,5,295,10
359,61,12,15,285,10,12,5,295,10
359,62,12,15,285,10,12,5,295,10
359,63,12,15,285,4,12,11,289,4
359,64,12,15,285,4,12,11,289,4
359,65,12,15,285,4,12,11,289,4
359,66,12,15,285,7,12,8,292,7
359,67,12,15,285,7,12,8,292,7
359,68,12,15,285,7,12,8,292,7
359,69,12,15,285,7,12,8,292,7
359,70,12,15,285,7,12,8,292,7
359,71,12,15,285,7,12,8,292,7
359,72,12,12,288,7,12,5,295,7
359,73,12,12,288,7,12,5,295,7
359,74,12,12,288,7,12,5,295,7
359,75,12,10,290,-2,12,12,288,-2
359,76,12,10,290,-2,12,12,288,-2
359,77,12,10,290,-2,12,12,288,-2
359,78,12,13,287,9,12,4,296,9
359,79,12,13,287,9,12,4,296,9
359,80,12,13,287,9,12,4,296,9
359,81,12,15,285,-3,12,18,282,-3
359,82,12,15,285,-3,12,18,282,-3
359,83,12,15,285,-3,12,18,282,-3
359,84,12,13,287,-6,12,19,281,-6
359,85,12,13,287,-6,12,19,281,-6
359,86,12,13,287,-6,12,19,281,-6
359,87,12,13,287,-2,12,15,285,-2
359,88,12,13,287,-2,12,15,285,-2
359,89,12,13,287,-2,12,15,285,-2
359,90,12,15,285,-5,12,20,280,-5
359,91,12,15,285,-5,12,20,280,-5
359,92,12,15,285,-5,12,20,280,-5
359,93,12,12,288,10,12,2,298,10
359,94,12,12,288,10,12,2,298,10
359,95,12,12,288,10,12,2,298,10
360,0,12,11,289,2,12,9,291,2
360,1,12,11,289,2,12,9,291,2
360,2,12,11,289,2,12,9,291,2
360,3,12,12,288,6,12,6,294,6
360,4,12,12,288,6,12,6,294,6
360,5,12,12,288,6,12,6,294,6
360,6,12,14,286,-6,12,20,280,-6
360,7,12,15,285,-6,12,21,279,-6
360,8,12,15,285,-6,12,21,279,-6
360,9,12,13,287,5,12,8,292,5
360,10,12,13,287,5,12,8,292,5
360,11,12,13,287,5,12,8,292,5
360,12,5,11,114,0,5,11,114,0
360,13,5,11,114,0,5,11,114,0
360,14,5,11,114,0,5,11,114,0
360,15,5,11,114,0,5,11,114,0
360,16,5,11,114,0,5,11,114,0
360,17,5,11,114,0,5,11,114,0
360,18,5,11,114,0,5,11,114,0
360,19,5,11,114,0,5,11,114,0
360,20,5,11,114,0,5,11,114,0
360,21,5,11,114,0,5,11,114,0
360,22,5,11,114,0,5,11,114,0
360,23,5,11,114,0,5,11,114,0
360,24,5,11,114,0,5,11,114,0
360,25,5,11,114,0,5,11,114,0
360,26,5,11,114,0,5,11,114,0
360,27,5,11,114,0,5,11,114,0
360,28,5,11,114,0,5,11,114,0
360,29,5,11,114,0,5,11,114,0
360,30,5,11,114,0,5,11,114,0
360,31,5,11,114,0,5,11,114,0
360,32,5,11,114,0,5,11,114,0
360,33,5,11,114,0,5,11,114,0
360,34,5,11,114,0,5,11,114,0
360,35,5,11,114,0,5,11,114,0
360,36,12,12,288,-3,12,15,285,-3
360,37,12,12,288,-3,12,15,285,-3
360,38,12,12,288,-3,12,15,285,-3
360,39,12,11,289,0,12,11,289,0
360,40,12,11,289,0,12,11,289,0
360,41,12,11,289,0,12,11,289,0
360,42,12,11,289,8,12,3,297,8
360,43,12,11,289,8,12,3,297,8
360,44,12,11,289,8,12,3,297,8
360,45,12,12,288,8,12,4,296,8
360,46,12,12,288,8,12,4,296,8
360,47,12,12,288,8,12,4,296,8
360,48,12,11,289,3,12,8,292,3
360,49,12,11,289,3,12,8,292,3
360,50,12,11,289,3,12,8,292,3
360,51,12,11,289,-8,12,19,281,-8
360,52,12,11,289,-8,12,19,281,-8
360,53,12,11,289,-8,12,19,281,-8
360,54,12,12,288,2,12,10,290,2
360,55,12,12,288,2,12,10,290,2
360,56,12,12,288,2,12,10,290,2
360,57,12,13,287,-10,12,23,277,-10
360,58,12,13,287,-10,12,23,277,-10
360,59,12,13,287,-10,12,23,277,-10
360,60,12,10,290,3,12,7,293,3
360,61,12,10,290,3,12,7,293,3
360,62,12,10,290,3,12,7,293,3
360,63,12,12,288,4,12,8,292,4
360,64,12,12,288,4,12,8,292,4
360,65,12,12,288,4,12,8,292,4
360,66,12,13,287,7,12,6,294,7
360,67,12,13,287,7,12,6,294,7
360,68,12,13,287,7,12,6,294,7
360,69,12,12,288,4,12,8,292,4
360,70,12,12,288,4,12,8,292,4
360,71,12,12,288,4,12,8,292,4
360,72,12,12,288,-9,12,21,279,-9
360,73,12,12,288,-9,12,21,279,-9
360,74,12,12,288,-9,12,21,279,-9
360,75,12,9,291,8,12,1,299,8
360,76,12,9,291,8,12,1,299,8
360,77,12,9,291,8,12,1,299,8
360,78,12,13,287,-2,12,15,285,-2
360,79,12,13,287,-2,12,15,285,-2
360,80,12,13,287,-2,12,15,285,-2
360,81,12,13,287,9,12,4,296,9
360,82,12,13,287,9,12,4,296,9
360,83,12,13,287,9,12,4,296,9
360,84,12,14,286,3,12,11,289,3
360,85,12,14,286,3,12,11,289,3
360,86,12,14,286,3,12,11,289,3
360,87,12,13,287,-7,12,20,280,-7
360,88,12,13,287,-7,12,20,280,-7
360,89,12,13,287,-7,12,20,280,-7
360,90,12,13,287,-2,12,15,285,-2
360,91,12,13,287,-2,12,15,285,-2
360,92,12,13,287,-2,12,15,285,-2
360,93,12,15,285,-10,11,0,275,-10
360,94,12,15,285,-10,11,0,275,-10
360,95,12,15,285,-10,11,0,275,-10
361,0,12,11,289,-4,12,15,285,-4
361,1,12,11,289,-4,12,15,285,-4
361,2,12,11,289,-4,12,15,285,-4
361,3,12,13,287,-5,12,18,282,-5
361,4,12,13,287,-5,12,18,282,-5
361,5,12,13,287,-5,12,18,282,-5
361,6,12,13,287,-6,12,19,281,-6
361,7,12,13,287,-6,12,19,281,-6
361,8,12,13,287,-6,12,19,281,-6
361,9,12,14,286,-9,12,23,277,-9
361,10,12,14,286,-9,12,23,277,-9
361,11,12,14,286,-9,12,23,277,-9
361,12,12,14,286,-10,12,24,276,-10
361,13,12,14,286,-10,12,24,276,-10
361,14,12,14,286,-10,12,24,276,-10
361,15,12,12,288,8,12,4,296,8
361,16,12,12,288,8,12,4,296,8
361,17,12,12,288,8,12,4,296,8
361,18,12,12,288,-8,12,20,280,-8
361,19,12,12,288,-8,12,20,280,-8
361,20,12,12,288,-8,12,20,280,-8
361,21,12,16,284,7,12,9,291,7
361,22,12,16,284,7,12,9,291,7
361,23,12,16,284,7,12,9,291,7
361,24,12,15,285,7,12,8,292,7
361,25,12,15,285,7,12,8,292,7
361,26,12,15,285,7,12,8,292,7
361,27,12,12,288,0,12,12,288,0
361,28,12,12,288,0,12,12,288,0
361,29,12,12,288,0,12,12,288,0
361,30,12,13,287,-1,12,14,286,-1
361,31,12,13,287,-1,12,14,286,-1
361,32,12,13,287,-1,12,14,286,-1
361,33,12,15,285,-4,12,19,281,-4
361,34,12,15,285,-4,12,19,281,-4
361,35,12,15,285,-4,12,19,281,-4
361,36,12,14,286,-6,12,20,280,-6
361,37,12,14,286,-6,12,20,280,-6
361,38,12,14,286,-6,12,20,280,-6
361,39,12,15,285,1,12,14,286,1
361,40,12,15,285,1,12,14,286,1
361,41,12,15,285,1,12,14,286,1
361,42,4,13,87,0,4,13,87,0
361,43,4,13,87,0,4,13,87,0
361,44,4,13,87,0,4,13,87,0
361,45,4,13,87,0,4,13,87,0
361,46,4,13,87,0,4,13,87,0
361,47,4,13,87,0,4,13,87,0
361,48,12,15,285,-6,12,21,279,-6
361,49,12,15,285,-6,12,21,279,-6
361,50,12,15,285,-6,12,21,279,-6
361,51,12,14,286,-9,12,23,277,-9
361,52,12,14,286,-9,12,23,277,-9
361,53,12,14,286,-9,12,23,277,-9
361,54,12,14,286,7,12,7,293,7
361,55,12,14,286,7,12,7,293,7
361,56,12,14,286,7,12,7,293,7
361,57,12,15,285,-5,12,20,280,-5
361,58,12,15,285,-5,12,20,280,-5
361,59,12,15,285,-5,12,20,280,-5
361,60,13,22,303,0,13,22,303,0
361,61,13,22,303,0,13,22,303,0
361,62,13,22,303,0,13,22,303,0
361,63,13,23,302,0,13,23,302,0
361,64,13,23,302,0,13,23,302,0
361,65,13,23,302,0,13,23,302,0
361,66,12,15,285,-1,12,16,284,-1
361,67,12,15,285,-1,12,16,284,-1
361,68,12,15,285,-1,12,16,284,-1
361,69,12,16,284,10,12,6,294,10
361,70,12,16,284,10,12,6,294,10
361,71,12,16,284,10,12,6,294,10
361,72,12,13,287,-8,12,21,279,-8
361,73,12,13,287,-8,12,21,279,-8
361,74,12,13,287,-8,12,21,279,-8
361,75,12,12,288,3,12,9,291,3
361,76,12,12,288,3,12,9,291,3
361,77,12,12,288,3,12,9,291,3
361,78,13,22,303,0,13,22,303,0
361,79,13,22,303,0,13,22,303,0
361,80,13,22,303,0,13,22,303,0
361,81,12,14,286,-6,12,20,280,-6
361,82,12,14,286,-6,12,20,280,-6
361,83,12,14,286,-6,12,20,280,-6
361,84,12,14,286,3,12,11,289,3
361,85,12,14,286,3,12,11,289,3
361,86,12,14,286,3,12,11,289,3
361,87,12,10,290,1,12,9,291,1
361,88,12,10,290,1,12,9,291,1
361,89,12,10,290,1,12,9,291,1
361,90,12,13,287,-10,12,23,277,-10
361,91,12,13,287,-10,12,23,277,-10
361,92,12,13,287,-10,12,23,277,-10
361,93,12,15,285,-5,12,20,280,-5
361,94,12,15,285,-5,12,20,280,-5
361,95,12,15,285,-5,12,20,280,-5
362,0,11,9,266,3,11,6,269,3
362,1,11,9,266,3,11,6,269,3
362,2,11,9,266,3,11,6,269,3
362,3,11,10,265,0,11,10,265,0
362,4,11,10,265,0,11,10,265,0
362,5,11,10,265,0,11,10,265,0
362,6,11,8,267,-10,11,18,257,-10
362,7,11,8,267,-10,11,18,257,-10
362,8,11,8,267,-10,11,18,257,-10
362,9,11,13,262,1,11,12,263,1
362,10,11,13,262,1,11,12,263,1
362,11,11,13,262,1,11,12,263,1
362,12,11,12,263,9,11,3,272,9
362,13,11,12,263,9,11,3,272,9
362,14,11,12,263,9,11,3,272,9
362,15,11,9,266,3,11,6,269,3
362,16,11,9,266,3,11,6,269,3
362,17,11,9,266,3,11,6,269,3
362,18,11,11,264,9,11,2,273,9
362,19,11,11,264,9,11,2,273,9
362,20,11,11,264,9,11,2,273,9
362,21,11,12,263,3,11,9,266,3
362,22,11,12,263,3,11,9,266,3
362,23,11,12,263,3,11,9,266,3
362,24,11,10,265,8,11,2,273,8
362,25,11,10,265,8,11,2,273,8
362,26,11,10,265,8,11,2,273,8
362,27,11,13,262,-9,11,22,253,-9
362,28,11,13,262,-9,11,22,253,-9
362,29,11,13,262,-9,11,22,253,-9
362,30,11,11,264,8,11,3,272,8
362,31,11,11,264,8,11,3,272,8
362,32,11,11,264,8,11,3,272,8
362,33,11,12,263,-10,11,22,253,-10
362,34,11,12,263,-10,11,22,253,-10
362,35,11,12,263,-10,11,22,253,-10
362,36,11,8,267,1,11,7,268,1
362,37,11,8,267,1,11,7,268,1
362,38,11,8,267,1,11,7,268,1
362,39,11,10,265,8,11,2,273,8
362,40,11,10,265,8,11,2,273,8
362,41,11,10,265,8,11,2,273,8
362,42,11,11,264,-5,11,16,259,-5
362,43,11,11,264,-5,11,16,259,-5
362,44,11,11,264,-5,11,16,259,-5
362,45,11,12,263,-9,11,21,254,-9
362,46,11,12,263,-9,11,21,254,-9
362,47,11,12,263,-9,11,21,254,-9
362,48,11,13,262,7,11,6,269,7
362,49,11,13,262,7,11,6,269,7
362,50,11,13,262,7,11,6,269,7
362,51,11,11,264,-3,11,14,261,-3
362,52,11,11,264,-3,11,14,261,-3
362,53,11,11,264,-3,11,14,261,-3
362,54,3,15,60,0,3,15,60,0
362,55,3,15,60,0,3,15,60,0
362,56,3,15,60,0,3,15,60,0
362,57,3,15,60,0,3,15,60,0
362,58,3,15,60,0,3,15,60,0
362,59,11,13,262,1,11,12,263,1
362,60,11,13,262,1,11,12,263,1
362,61,11,13,262,1,11,12,263,1
362,62,3,15,60,0,3,15,60,0
362,63,11,12,263,8,11,4,271,8
362,64,11,12,263,8,11,4,271,8
362,65,11,12,263,8,11,4,271,8
362,66,11,15,260,5,11,10,265,5
362,67,11,15,260,5,11,10,265,5
362,68,11,15,260,5,11,10,265,5
362,69,11,14,261,6,11,8,267,6
362,70,11,14,261,6,11,8,267,6
362,71,11,14,261,6,11,8,267,6
362,72,11,12,263,7,11,5,270,7
362,73,11,12,263,7,11,5,270,7
362,74,11,12,263,7,11,5,270,7
362,75,11,14,261,-1,11,15,260,-1
362,76,11,14,261,-1,11,15,260,-1
362,77,11,14,261,-1,11,15,260,-1
362,78,11,13,262,9,11,4,271,9
362,79,11,13,262,9,11,4,271,9
362,80,11,13,262,9,11,4,271,9
362,81,11,16,259,2,11,14,261,2
362,82,11,16,259,2,11,14,261,2
362,83,11,16,259,2,11,14,261,2
362,84,11,13,262,8,11,5,270,8
362,85,11,13,262,8,11,5,270,8
362,86,11,13,262,8,11,5,270,8
362,87,11,13,262,-1,11,14,261,-1
362,88,11,13,262,-1,11,14,261,-1
362,89,11,13,262,-1,11,14,261,-1
362,90,11,12,263,7,11,5,270,7
362,91,11,12,263,7,11,5,270,7
362,92,11,12,263,7,11,5,270,7
362,93,11,14,261,8,11,6,269,8
362,94,11,14,261,8,11,6,269,8
362,95,11,14,261,8,11,6,269,8
363,0,11,11,264,7,11,4,271,7
363,1,11,11,264,7,11,4,271,7
363,2,11,11,264,7,11,4,271,7
363,3,11,10,265,-4,11,14,261,-4
363,4,11,10,265,-4,11,14,261,-4
363,5,11,10,265,-4,11,14,261,-4
363,6,11,12,263,3,11,9,266,3
363,7,11,12,263,3,11,9,266,3
363,8,11,12,263,3,11,9,266,3
363,9,11,14,261,-4,11,18,257,-4
363,10,11,14,261,-4,11,18,257,-4
363,11,11,14,261,-4,11,18,257,-4
363,12,11,11,264,7,11,4,271,7
363,13,11,11,264,7,11,4,271,7
363,14,11,11,264,7,11,4,271,7
363,15,11,9,266,-9,11,18,257,-9
363,16,11,9,266,-9,11,18,257,-9
363,17,11,9,266,-9,11,18,257,-9
363,18,11,10,265,4,11,6,269,4
363,19,11,10,265,4,11,6,269,4
363,20,11,10,265,4,11,6,269,4
363,21,11,12,263,8,11,4,271,8
363,22,11,12,263,8,11,4,271,8
363,23,11,12,263,8,11,4,271,8
363,24,11,11,264,-1,11,12,263,-1
363,25,11,11,264,-1,11,12,263,-1
363,26,11,11,264,-1,11,12,263,-1
363,27,11,12,263,-2,11,14,261,-2
363,28,11,12,263,-2,11,14,261,-2
363,29,11,12,263,-2,11,14,261,-2
363,30,11,10,265,-2,11,12,263,-2
363,31,11,10,265,-2,11,12,263,-2
363,32,11,10,265,-2,11,12,263,-2
363,33,11,11,264,8,11,3,272,8
363,34,11,11,264,8,11,3,272,8
363,35,11,11,264,8,11,3,272,8
363,36,11,12,263,2,11,10,265,2
363,37,11,12,263,2,11,10,265,2
363,38,11,12,263,2,11,10,265,2
363,39,11,10,265,8,11,2,273,8
363,40,11,10,265,8,11,2,273,8
363,41,11,10,265,8,11,2,273,8
363,42,11,11,264,9,11,2,273,9
363,43,11,11,264,9,11,2,273,9
363,44,11,11,264,9,11,2,273,9
363,45,11,13,262,-9,11,22,253,-9
363,46,11,13,262,-9,11,22,253,-9
363,47,11,13,262,-9,11,22,253,-9
363,48,11,12,263,4,11,8,267,4
363,49,11,12,263,4,11,8,267,4
363,50,11,11,264,4,11,7,268,4
363,51,11,13,262,2,11,11,264,2
363,52,11,13,262,2,11,11,264,2
363,53,11,13,262,2,11,11,264,2
363,54,11,12,263,-10,11,22,253,-10
363,55,11,12,263,-10,11,22,253,-10
363,56,11,12,263,-10,11,22,253,-10
363,57,11,12,263,4,11,8,267,4
363,58,11,12,263,4,11,8,267,4
363,59,11,12,263,4,11,8,267,4
363,60,11,14,261,-10,11,24,251,-10
363,61,11,14,261,-10,11,24,251,-10
363,62,11,14,261,-10,11,24,251,-10
363,63,11,11,264,6,11,5,270,6
363,64,11,11,264,6,11,5,270,6
363,65,11,11,264,6,11,5,270,6
363,66,3,14,61,0,3,14,61,0
363,67,3,14,61,0,3,14,61,0
363,68,3,14,61,0,3,14,61,0
363,69,3,14,61,0,3,14,61,0
363,70,3,14,61,0,3,14,61,0
363,71,3,14,61,0,3,14,61,0
363,72,11,9,266,7,11,2,273,7
363,73,11,9,266,7,11,2,273,7
363,74,11,9,266,7,11,2,273,7
363,75,11,13,262,5,11,8,267,5
363,76,11,13,262,5,11,8,267,5
363,77,11,13,262,5,11,8,267,5
363,78,11,14,261,-2,11,16,259,-2
363,79,11,14,261,-2,11,16,259,-2
363,80,11,14,261,-2,11,16,259,-2
363,81,11,13,262,-3,11,16,259,-3
363,82,11,13,262,-3,11,16,259,-3
363,83,11,13,262,-3,11,16,259,-3
363,84,11,13,262,1,11,12,263,1
363,85,11,13,262,1,11,12,263,1
363,86,11,13,262,1,11,12,263,1
363,87,11,15,260,4,11,11,264,4
363,88,11,15,260,4,11,11,264,4
363,89,11,15,260,4,11,11,264,4
363,90,11,14,261,5,11,9,266,5
363,91,11,14,261,5,11,9,266,5
363,92,11,14,261,5,11,9,266,5
363,93,11,15,260,7,11,8,267,7
363,94,11,15,260,7,11,8,267,7
363,95,11,15,260,7,11,8,267,7
364,0,11,11,264,5,11,6,269,5
364,1,11,11,264,5,11,6,269,5
364,2,11,11,264,5,11,6,269,5
364,3,11,12,263,8,11,4,271,8
364,4,11,12,263,8,11,4,271,8
364,5,11,12,263,8,11,4,271,8
364,6,11,12,263,7,11,5,270,7
364,7,11,12,263,7,11,5,270,7
364,8,11,12,263,7,11,5,270,7
364,9,11,12,263,7,11,5,270,7
364,10,11,12,263,7,11,5,270,7
364,11,11,12,263,7,11,5,270,7
364,12,11,12,263,1,11,11,264,1
364,13,11,12,263,1,11,11,264,1
364,14,11,12,263,1,11,11,264,1
364,15,11,12,263,0,11,12,263,0
364,16,11,12,263,0,11,12,263,0
364,17,11,12,263,0,11,12,263,0
364,18,11,11,264,-7,11,18,257,-7
364,19,11,11,264,-7,11,18,257,-7
364,20,11,11,264,-7,11,18,257,-7
364,21,11,12,263,-7,11,19,256,-7
364,22,11,12,263,-7,11,19,256,-7
364,23,11,12,263,-7,11,19,256,-7
364,24,11,12,263,10,11,2,273,10
364,25,11,12,263,10,11,2,273,10
364,26,11,12,263,10,11,2,273,10
364,27,11,11,264,8,11,3,272,8
364,28,11,11,264,8,11,3,272,8
364,29,11,11,264,8,11,3,272,8
364,30,11,13,262,-4,11,17,258,-4
364,31,11,13,262,-4,11,17,258,-4
364,32,11,13,262,-4,11,17,258,-4
364,33,11,12,263,9,11,3,272,9
364,34,11,12,263,9,11,3,272,9
364,35,11,12,263,9,11,3,272,9
364,36,11,9,266,-9,11,18,257,-9
364,37,11,9,266,-9,11,18,257,-9
364,38,11,9,266,-9,11,18,257,-9
364,39,11,11,264,3,11,8,267,3
364,40,11,11,264,3,11,8,267,3
364,41,11,11,264,3,11,8,267,3
364,42,3,11,64,0,3,11,64,0
364,43,3,11,64,0,3,11,64,0
364,44,3,11,64,0,3,11,64,0
364,45,3,11,64,0,3,11,64,0
364,46,3,11,64,0,3,11,64,0
364,47,3,11,64,0,3,11,64,0
364,48,11,9,266,-2,11,11,264,-2
364,49,11,9,266,-2,11,11,264,-2
364,50,11,9,266,-2,11,11,264,-2
364,51,11,10,265,8,11,2,273,8
364,52,11,10,265,8,11,2,273,8
364,53,11,10,265,8,11,2,273,8
364,54,11,10,265,0,11,10,265,0
364,55,11,10,265,0,11,10,265,0
364,56,11,10,265,0,11,10,265,0
364,57,11,12,263,-10,11,22,253,-10
364,58,11,12,263,-10,11,22,253,-10
364,59,11,12,263,-10,11,22,253,-10
364,60,11,11,264,-3,11,14,261,-3
364,61,11,11,264,-3,11,14,261,-3
364,62,11,11,264,-3,11,14,261,-3
364,63,11,13,262,7,11,6,269,7
364,64,11,13,262,7,11,6,269,7
364,65,11,13,262,7,11,6,269,7
364,66,11,14,261,8,11,6,269,8
364,67,11,14,261,8,11,6,269,8
364,68,11,14,261,8,11,6,269,8
364,69,11,13,262,-1,11,14,261,-1
364,70,11,13,262,-1,11,14,261,-1
364,71,11,13,262,-1,11,14,261,-1
364,72,11,13,262,5,11,8,267,5
364,73,11,13,262,5,11,8,267,5
364,74,11,13,262,5,11,8,267,5
364,75,11,12,263,1,11,11,264,1
364,76,11,12,263,1,11,11,264,1
364,77,11,12,263,1,11,11,264,1
364,78,11,14,261,9,11,5,270,9
364,79,11,14,261,9,11,5,270,9
364,80,11,14,261,9,11,5,270,9
364,81,11,13,262,-7,11,20,255,-7
364,82,11,13,262,-7,11,20,255,-7
364,83,11,13,262,-7,11,20,255,-7
364,84,11,10,265,4,11,6,269,4
364,85,11,10,265,4,11,6,269,4
364,86,11,10,265,4,11,6,269,4
364,87,11,11,264,1,11,10,265,1
364,88,11,11,264,1,11,10,265,1
364,89,11,11,264,1,11,10,265,1
364,90,11,12,263,-6,11,18,257,-6
364,91,11,12,263,-6,11,18,257,-6
364,92,11,12,263,-6,11,18,257,-6
364,93,11,14,261,-1,11,15,260,-1
364,94,11,14,261,-1,11,15,260,-1
364,95,11,14,261,-1,11,15,260,-1
365,0,12,13,287,-1,12,14,286,-1
365,1,12,14,286,-7,12,21,279,-7
365,2,12,15,285,-7,12,22,278,-7
365,3,12,15,285,-7,12,22,278,-7
365,4,12,13,287,-1,12,14,286,-1
365,5,12,13,287,-1,12,14,286,-1
365,6,12,14,286,4,12,10,290,4
365,7,12,14,286,4,12,10,290,4
365,8,12,14,286,4,12,10,290,4
365,9,12,12,288,-1,12,13,287,-1
365,10,12,12,288,-1,12,13,287,-1
365,11,12,12,288,-1,12,13,287,-1
365,12,12,10,290,-7,12,17,283,-7
365,13,12,10,290,-7,12,17,283,-7
365,14,12,10,290,-7,12,17,283,-7
365,15,12,12,288,0,12,12,288,0
365,16,12,12,288,0,12,12,288,0
365,17,12,12,288,0,12,12,288,0
365,18,12,12,288,-7,12,19,281,-7
365,19,12,12,288,-7,12,19,281,-7
365,20,12,12,288,-7,12,19,281,-7
365,21,12,14,286,8,12,6,294,8
365,22,12,14,286,8,12,6,294,8
365,23,12,14,286,8,12,6,294,8
365,24,12,14,286,9,12,5,295,9
365,25,12,14,286,9,12,5,295,9
365,26,12,14,286,9,12,5,295,9
365,27,12,13,287,-6,12,19,281,-6
365,28,12,13,287,-6,12,19,281,-6
365,29,12,13,287,-6,12,19,281,-6
365,30,12,14,286,-7,12,21,279,-7
365,31,12,14,286,-7,12,21,279,-7
365,32,12,14,286,-7,12,21,279,-7
365,33,12,14,286,-6,12,20,280,-6
365,34,12,14,286,-6,12,20,280,-6
365,35,12,13,287,-6,12,19,281,-6
365,36,12,15,285,-7,12,22,278,-7
365,37,12,15,285,-7,12,22,278,-7
365,38,12,15,285,-7,12,22,278,-7
365,39,12,15,285,-2,12,17,283,-2
365,40,12,15,285,-2,12,17,283,-2
365,41,12,15,285,-2,12,17,283,-2
365,42,4,12,88,0,4,12,88,0
365,43,4,12,88,0,4,12,88,0
365,44,4,12,88,0,4,12,88,0
365,45,4,12,88,0,4,12,88,0
365,46,4,12,88,0,4,12,88,0
365,47,4,12,88,0,4,12,88,0
365,48,12,14,286,5,12,9,291,5
365,49,12,15,285,5,12,10,290,5
365,50,12,15,285,5,12,10,290,5
365,51,12,10,290,2,12,8,292,2
365,52,12,10,290,2,12,8,292,2
365,53,12,10,290,2,12,8,292,2
365,54,12,15,285,5,12,10,290,5
365,55,12,15,285,5,12,10,290,5
365,56,12,15,285,5,12,10,290,5
365,57,12,14,286,6,12,8,292,6
365,58,12,14,286,6,12,8,292,6
365,59,12,14,286,6,12,8,292,6
365,60,12,11,289,-3,12,14,286,-3
365,61,12,11,289,-3,12,14,286,-3
365,62,12,11,289,-3,12,14,286,-3
365,63,12,13,287,5,12,8,292,5
365,64,12,13,287,5,12,8,292,5
365,65,12,13,287,5,12,8,292,5
365,66,12,15,285,0,12,15,285,0
365,67,12,15,285,0,12,15,285,0
365,68,12,15,285,0,12,15,285,0
365,69,12,13,287,7,12,6,294,7
365,70,12,13,287,7,12,6,294,7
365,71,12,13,287,7,12,6,294,7
365,72,12,12,288,1,12,11,289,1
365,73,12,12,288,1,12,11,289,1
365,74,12,12,288,1,12,11,289,1
365,75,12,11,289,0,12,11,289,0
365,76,12,11,289,0,12,11,289,0
365,77,12,11,289,0,12,11,289,0
365,78,12,10,290,-6,12,16,284,-6
365,79,12,10,290,-6,12,16,284,-6
365,80,12,10,290,-6,12,16,284,-6
365,81,12,14,286,8,12,6,294,8
365,82,12,14,286,8,12,6,294,8
365,83,12,14,286,8,12,6,294,8
365,84,4,3,97,0,4,3,97,0
365,85,4,3,97,0,4,3,97,0
365,86,4,3,97,0,4,3,97,0
365,87,4,3,97,0,4,3,97,0
365,88,4,3,97,0,4,3,97,0
365,89,4,3,97,0,4,3,97,0
365,90,4,3,97,0,4,3,97,0
365,91,4,3,97,0,4,3,97,0
365,92,4,3,97,0,4,3,97,0
365,93,4,3,97,0,4,3,97,0
365,94,4,3,97,0,4,3,97,0
365,95,4,3,97,0,4,3,97,0
366,0,12,8,292,7,12,1,299,7
366,1,12,8,292,7,12,1,299,7
366,2,12,8,292,7,12,1,299,7
366,3,12,7,293,-9,12,16,284,-9
366,4,12,7,293,-9,12,16,284,-9
366,5,12,7,293,-9,12,16,284,-9
366,6,12,8,292,3,12,5,295,3
366,7,12,8,292,3,12,5,295,3
366,8,12,8,292,3,12,5,295,3
366,9,12,10,290,-8,12,18,282,-8
366,10,12,10,290,-8,12,18,282,-8
366,11,12,10,290,-8,12,18,282,-8
366,12,12,12,288,-5,12,17,283,-5
366,13,12,12,288,-5,12,17,283,-5
366,14,12,12,288,-5,12,17,283,-5
366,15,12,11,289,-9,12,20,280,-9
366,16,12,11,289,-9,12,20,280,-9
366,17,12,11,289,-9,12,20,280,-9
366,18,12,10,290,2,12,8,292,2
366,19,12,10,290,2,12,8,292,2
366,20,12,10,290,2,12,8,292,2
366,21,12,11,289,4,12,7,293,4
366,22,12,10,290,4,12,6,294,4
366,23,12,11,289,4,12,7,293,4
366,24,12,11,289,-10,12,21,279,-10
366,25,12,11,289,-10,12,21,279,-10
366,26,12,11,289,-10,12,21,279,-10
366,27,12,13,287,5,12,8,292,5
366,28,12,13,287,5,12,8,292,5
366,29,12,13,287,5,12,8,292,5
366,30,12,11,289,-1,12,12,288,-1
366,31,12,11,289,-1,12,12,288,-1
366,32,12,11,289,-1,12,12,288,-1
366,33,12,13,287,9,12,4,296,9
366,34,12,13,287,9,12,4,296,9
366,35,12,13,287,9,12,4,296,9
366,36,12,10,290,-10,12,20,280,-10
366,37,12,10,290,-10,12,20,280,-10
366,38,12,10,290,-10,12,20,280,-10
366,39,12,9,291,6,12,3,297,6
366,40,12,9,291,6,12,3,297,6
366,41,12,9,291,6,12,3,297,6
366,42,12,12,288,6,12,6,294,6
366,43,12,12,288,6,12,6,294,6
366,44,12,12,288,6,12,6,294,6
366,45,12,14,286,3,12,11,289,3
366,46,4,11,89,0,4,11,89,0
366,47,12,14,286,3,12,11,289,3
366,48,12,11,289,-3,12,14,286,-3
366,49,12,11,289,-3,12,14,286,-3
366,50,12,11,289,-3,12,14,286,-3
366,51,12,8,292,-10,12,18,282,-10
366,52,12,8,292,-10,12,18,282,-10
366,53,12,8,292,-10,12,18,282,-10
366,54,12,9,291,-8,12,17,283,-8
366,55,12,9,291,-8,12,17,283,-8
366,56,12,9,291,-8,12,17,283,-8
366,57,12,13,287,2,12,11,289,2
366,58,12,13,287,2,12,11,289,2
366,59,12,13,287,2,12,11,289,2
366,60,12,10,290,3,12,7,293,3
366,61,12,10,290,3,12,7,293,3
366,62,12,10,290,3,12,7,293,3
366,63,12,12,288,4,12,8,292,4
366,64,12,12,288,4,12,8,292,4
366,65,12,12,288,4,12,8,292,4
366,66,4,12,88,0,4,12,88,0
366,67,4,12,88,0,4,12,88,0
366,68,4,12,88,0,4,12,88,0
366,69,4,12,88,0,4,12,88,0
366,70,4,12,88,0,4,12,88,0
366,71,4,12,88,0,4,12,88,0
366,72,12,10,290,-1,12,11,289,-1
366,73,12,10,290,-1,12,11,289,-1
366,74,12,10,290,-1,12,11,289,-1
366,75,12,8,292,-5,12,13,287,-5
366,76,12,8,292,-5,12,13,287,-5
366,77,12,8,292,-5,12,13,287,-5
366,78,12,12,288,9,12,3,297,9
366,79,12,12,288,9,12,3,297,9
366,80,12,12,288,9,12,3,297,9
366,81,12,12,288,5,12,7,293,5
366,82,12,12,288,5,12,7,293,5
366,83,12,12,288,5,12,7,293,5
366,84,12,8,292,-1,12,9,291,-1
366,85,12,8,292,-1,12,9,291,-1
366,86,12,8,292,-1,12,9,291,-1
366,87,12,11,289,5,12,6,294,5
366,88,12,11,289,5,12,6,294,5
366,89,12,11,289,5,12,6,294,5
366,90,12,12,288,5,12,7,293,5
366,91,12,12,288,5,12,7,293,5
366,92,12,12,288,5,12,7,293,5
366,93,12,12,288,1,12,11,289,1
366,94,12,12,288,1,12,11,289,1
366,95,12,12,288,1,12,11,289,1
367,0,12,12,288,4,12,8,292,4
367,1,12,12,288,4,12,8,292,4
367,2,12,12,288,4,12,8,292,4
367,3,12,9,291,8,12,1,299,8
367,4,12,8,292,8,12,0,300,8
367,5,12,8,292,8,12,0,300,8
367,6,12,12,288,10,12,2,298,10
367,7,12,11,289,10,12,1,299,10
367,8,12,12,288,10,12,2,298,10
367,9,12,12,288,7,12,5,295,7
367,10,12,12,288,7,12,5,295,7
367,11,12,12,288,7,12,5,295,7
367,12,12,10,290,2,12,8,292,2
367,13,12,10,290,2,12,8,292,2
367,14,12,10,290,2,12,8,292,2
367,15,12,9,291,0,12,9,291,0
367,16,12,9,291,0,12,9,291,0
367,17,12,9,291,0,12,9,291,0
367,18,12,10,290,1,12,9,291,1
367,19,12,10,290,1,12,9,291,1
367,20,12,10,290,1,12,9,291,1
367,21,12,10,290,-3,12,13,287,-3
367,22,12,10,290,-3,12,13,287,-3
367,23,12,10,290,-3,12,13,287,-3
367,24,12,13,287,6,12,7,293,6
367,25,12,13,287,6,12,7,293,6
367,26,12,13,287,6,12,7,293,6
367,27,12,10,290,7,12,3,297,7
367,28,12,10,290,7,12,3,297,7
367,29,12,10,290,7,12,3,297,7
367,30,12,12,288,6,12,6,294,6
367,31,12,12,288,6,12,6,294,6
367,32,12,12,288,6,12,6,294,6
367,33,12,15,285,-8,12,23,277,-8
367,34,12,15,285,-8,12,23,277,-8
367,35,12,14,286,-8,12,22,278,-8
367,36,12,12,288,-2,12,14,286,-2
367,37,12,12,288,-2,12,14,286,-2
367,38,12,12,288,-2,12,14,286,-2
367,39,12,10,290,-6,12,16,284,-6
367,40,12,10,290,-6,12,16,284,-6
367,41,12,10,290,-6,12,16,284,-6
367,42,12,11,289,4,12,7,293,4
367,43,12,11,289,4,12,7,293,4
367,44,12,11,289,4,12,7,293,4
367,45,12,14,286,-7,12,21,279,-7
367,46,12,14,286,-7,12,21,279,-7
367,47,12,14,286,-7,12,21,279,-7
367,48,12,14,286,-4,12,18,282,-4
367,49,12,14,286,-4,12,18,282,-4
367,50,12,14,286,-4,12,18,282,-4
367,51,12,14,286,2,12,12,288,2
367,52,12,14,286,2,12,12,288,2
367,53,12,14,286,2,12,12,288,2
367,54,12,12,288,-2,12,14,286,-2
367,55,12,12,288,-2,12,14,286,-2
367,56,12,12,288,-2,12,14,286,-2
367,57,12,14,286,-1,12,15,285,-1
367,58,12,14,286,-1,12,15,285,-1
367,59,12,14,286,-1,12,15,285,-1
367,60,12,16,284,-2,12,18,282,-2
367,61,12,16,284,-2,12,18,282,-2
367,62,12,16,284,-2,12,18,282,-2
367,63,12,14,286,-1,12,15,285,-1
367,64,12,14,286,-1,12,15,285,-1
367,65,12,14,286,-1,12,15,285,-1
367,66,12,15,285,3,12,12,288,3
367,67,4,13,87,0,4,13,87,0
367,68,4,13,87,0,4,13,87,0
367,69,4,13,87,0,4,13,87,0
367,70,4,14,86,0,4,14,86,0
367,71,4,13,87,0,4,13,87,0
367,72,12,13,287,10,12,3,297,10
367,73,12,13,287,10,12,3,297,10
367,74,12,13,287,10,12,3,297,10
367,75,12,10,290,7,12,3,297,7
367,76,12,10,290,7,12,3,297,7
367,77,12,10,290,7,12,3,297,7
367,78,12,13,287,6,12,7,293,6
367,79,12,13,287,6,12,7,293,6
367,80,12,13,287,6,12,7,293,6
367,81,12,14,286,-5,12,19,281,-5
367,82,12,14,286,-5,12,19,281,-5
367,83,12,14,286,-5,12,19,281,-5
367,84,12,13,287,-1,12,14,286,-1
367,85,12,13,287,-1,12,14,286,-1
367,86,12,13,287,-1,12,14,286,-1
367,87,12,14,286,-9,12,23,277,-9
367,88,12,14,286,-9,12,23,277,-9
367,89,12,14,286,-9,12,23,277,-9
367,90,12,11,289,8,12,3,297,8
367,91,12,11,289,8,12,3,297,8
367,92,12,11,289,8,12,3,297,8
367,93,12,13,287,4,12,9,291,4
367,94,12,13,287,4,12,9,291,4
367,95,12,13,287,4,12,9,291,4
368,0,12,13,287,0,12,13,287,0
368,1,12,13,287,0,12,13,287,0
368,2,12,13,287,0,12,13,287,0
368,3,12,13,287,1,12,12,288,1
368,4,12,13,287,1,12,12,288,1
368,5,12,13,287,1,12,12,288,1
368,6,12,11,289,-6,12,17,283,-6
368,7,12,11,289,-6,12,17,283,-6
368,8,12,11,289,-6,12,17,283,-6
368,9,12,12,288,0,12,12,288,0
368,10,12,12,288,0,12,12,288,0
368,11,12,12,288,0,12,12,288,0
368,12,12,11,289,5,12,6,294,5
368,13,12,11,289,5,12,6,294,5
368,14,12,13,287,8,12,5,295,8
368,15,12,13,287,8,12,5,295,8
368,16,12,11,289,5,12,6,294,5
368,17,12,13,287,8,12,5,295,8
368,18,12,13,287,-7,12,20,280,-7
368,19,12,13,287,-7,12,20,280,-7
368,20,12,13,287,-7,12,20,280,-7
368,21,12,15,285,2,12,13,287,2
368,22,12,15,285,2,12,13,287,2
368,23,12,15,285,2,12,13,287,2
368,24,12,13,287,-6,12,19,281,-6
368,25,12,13,287,-6,12,19,281,-6
368,26,12,13,287,-6,12,19,281,-6
368,27,12,11,289,8,12,3,297,8
368,28,12,11,289,8,12,3,297,8
368,29,12,11,289,8,12,3,297,8
368,30,12,13,287,-4,12,17,283,-4
368,31,12,13,287,-4,12,17,283,-4
368,32,12,13,287,-4,12,17,283,-4
368,33,12,14,286,-10,12,24,276,-10
368,34,12,14,286,-10,12,24,276,-10
368,35,12,14,286,-10,12,24,276,-10
368,36,12,13,287,10,12,3,297,10
368,37,4,12,88,0,4,12,88,0
368,38,12,13,287,10,12,3,297,10
368,39,12,14,286,-1,12,15,285,-1
368,40,12,14,286,-1,12,15,285,-1
368,41,12,14,286,-1,12,15,285,-1
368,42,12,13,287,10,12,3,297,10
368,43,4,14,86,0,4,14,86,0
368,44,4,14,86,0,4,14,86,0
368,45,4,14,86,0,4,14,86,0
368,46,4,14,86,0,4,14,86,0
368,47,4,14,86,0,4,14,86,0
368,48,12,11,289,7,12,4,296,7
368,49,12,11,289,7,12,4,296,7
368,50,12,11,289,7,12,4,296,7
368,51,12,11,289,3,12,8,292,3
368,52,12,11,289,3,12,8,292,3
368,53,12,11,289,3,12,8,292,3
368,54,12,11,289,-7,12,18,282,-7
368,55,12,11,289,-7,12,18,282,-7
368,56,12,11,289,-7,12,18,282,-7
368,57,12,13,287,-4,12,17,283,-4
368,58,12,13,287,-4,12,17,283,-4
368,59,12,13,287,-4,12,17,283,-4
368,60,12,13,287,4,12,9,291,4
368,61,12,13,287,4,12,9,291,4
368,62,12,13,287,4,12,9,291,4
368,63,12,10,290,-9,12,19,281,-9
368,64,12,10,290,-9,12,19,281,-9
368,65,12,10,290,-9,12,19,281,-9
368,66,12,13,287,4,12,9,291,4
368,67,12,13,287,4,12,9,291,4
368,68,12,13,287,4,12,9,291,4
368,69,12,15,285,-6,12,21,279,-6
368,70,12,15,285,-6,12,21,279,-6
368,71,12,15,285,-6,12,21,279,-6
368,72,12,11,289,-8,12,19,281,-8
368,73,12,11,289,-8,12,19,281,-8
368,74,12,11,289,-8,12,19,281,-8
368,75,12,13,287,2,12,11,289,2
368,76,12,13,287,2,12,11,289,2
368,77,12,13,287,2,12,11,289,2
368,78,12,13,287,-6,12,19,281,-6
368,79,12,13,287,-6,12,19,281,-6
368,80,12,13,287,-6,12,19,281,-6
368,81,12,12,288,-8,12,20,280,-8
368,82,12,12,288,-8,12,20,280,-8
368,83,12,12,288,-8,12,20,280,-8
368,84,12,12,288,8,12,4,296,8
368,85,12,12,288,8,12,4,296,8
368,86,12,12,288,8,12,4,296,8
368,87,12,11,289,8,12,3,297,8
368,88,12,11,289,8,12,3,297,8
368,89,12,11,289,8,12,3,297,8
368,90,12,11,289,-2,12,13,287,-2
368,91,12,11,289,-2,12,13,287,-2
368,92,12,11,289,-2,12,13,287,-2
368,93,12,12,288,5,12,7,293,5
368,94,12,12,288,5,12,7,293,5
368,95,12,12,288,5,12,7,293,5
369,0,12,9,291,-4,12,13,287,-4
369,1,12,9,291,-4,12,13,287,-4
369,2,12,9,291,-4,12,13,287,-4
369,3,12,9,291,-6,12,15,285,-6
369,4,12,9,291,-6,12,15,285,-6
369,5,12,9,291,-6,12,15,285,-6
369,6,12,8,292,-9,12,17,283,-9
369,7,12,8,292,-9,12,17,283,-9
369,8,12,8,292,-9,12,17,283,-9
369,9,12,10,290,-10,12,20,280,-10
369,10,12,10,290,-10,12,20,280,-10
369,11,12,10,290,-10,12,20,280,-10
369,12,12,10,290,8,12,2,298,8
369,13,12,9,291,8,12,1,299,8
369,14,12,9,291,8,12,1,299,8
369,15,12,7,293,10,13,22,303,10
369,16,12,8,292,10,13,23,302,10
369,17,12,8,292,10,13,23,302,10
369,18,12,8,292,8,12,0,300,8
369,19,12,8,292,8,12,0,300,8
369,20,12,8,292,8,12,0,300,8
369,21,12,9,291,-5,12,14,286,-5
369,22,12,9,291,-5,12,14,286,-5
369,23,12,9,291,-5,12,14,286,-5
369,24,12,8,292,-2,12,10,290,-2
369,25,12,8,292,-2,12,10,290,-2
369,26,12,8,292,-2,12,10,290,-2
369,27,12,9,291,-10,12,19,281,-10
369,28,12,9,291,-10,12,19,281,-10
369,29,12,9,291,-10,12,19,281,-10
369,30,12,11,289,4,12,7,293,4
369,31,12,11,289,4,12,7,293,4
369,32,12,11,289,4,12,7,293,4
369,33,12,10,290,-4,12,14,286,-4
369,34,12,10,290,-4,12,14,286,-4
369,35,12,10,290,-4,12,14,286,-4
369,36,12,11,289,-2,12,13,287,-2
369,37,12,11,289,-2,12,13,287,-2
369,38,12,11,289,-2,12,13,287,-2
369,39,12,9,291,8,12,1,299,8
369,40,12,9,291,8,12,1,299,8
369,41,12,9,291,8,12,1,299,8
369,42,4,12,88,0,4,12,88,0
369,43,4,12,88,0,4,12,88,0
369,44,4,12,88,0,4,12,88,0
369,45,4,12,88,0,4,12,88,0
369,46,4,12,88,0,4,12,88,0
369,47,4,12,88,0,4,12,88,0
369,48,12,12,288,9,12,3,297,9
369,49,12,12,288,9,12,3,297,9
369,50,12,12,288,9,12,3,297,9
369,51,12,9,291,6,12,3,297,6
369,52,12,9,291,6,12,3,297,6
369,53,12,9,291,6,12,3,297,6
369,54,12,11,289,-5,12,16,284,-5
369,55,12,11,289,-5,12,16,284,-5
369,56,12,11,289,-5,12,16,284,-5
369,57,12,10,290,-1,12,11,289,-1
369,58,12,10,290,-1,12,11,289,-1
369,59,12,10,290,-1,12,11,289,-1
369,60,12,10,290,5,12,5,295,5
369,61,12,10,290,5,12,5,295,5
369,62,12,10,290,5,12,5,295,5
369,63,12,11,289,7,12,4,296,7
369,64,12,11,289,7,12,4,296,7
369,65,12,11,289,7,12,4,296,7
369,66,12,12,288,-6,12,18,282,-6
369,67,12,12,288,-6,12,18,282,-6
369,68,12,12,288,-6,12,18,282,-6
369,69,12,11,289,-3,12,14,286,-3
369,70,12,11,289,-3,12,14,286,-3
369,71,12,11,289,-3,12,14,286,-3
369,72,12,11,289,7,12,4,296,7
369,73,12,11,289,7,12,4,296,7
369,74,12,11,289,7,12,4,296,7
369,75,12,10,290,2,12,8,292,2
369,76,12,10,290,2,12,8,292,2
369,77,12,10,290,2,12,8,292,2
369,78,12,10,290,0,12,10,290,0
369,79,12,9,291,0,12,9,291,0
369,80,12,9,291,0,12,9,291,0
369,81,12,11,289,3,12,8,292,3
369,82,12,11,289,3,12,8,292,3
369,83,12,11,289,3,12,8,292,3
369,84,12,7,293,-6,12,13,287,-6
369,85,12,7,293,-6,12,13,287,-6
369,86,12,7,293,-6,12,13,287,-6
369,87,12,8,292,-7,12,15,285,-7
369,88,12,8,292,-7,12,15,285,-7
369,89,12,8,292,-7,12,15,285,-7
369,90,12,10,290,8,12,2,298,8
369,91,12,10,290,8,12,2,298,8
369,92,12,10,290,8,12,2,298,8
369,93,12,10,290,8,12,2,298,8
369,94,12,10,290,8,12,2,298,8
369,95,12,10,290,8,12,2,298,8
370,0,12,12,288,-9,12,21,279,-9
370,1,12,13,287,-9,12,22,278,-9
370,2,12,12,288,-9,12,21,279,-9
370,3,12,14,286,-10,12,24,276,-10
370,4,12,14,286,-10,12,24,276,-10
370,5,12,14,286,-10,12,24,276,-10
370,6,12,12,288,-3,12,15,285,-3
370,7,12,12,288,-3,12,15,285,-3
370,8,12,12,288,-3,12,15,285,-3
370,9,12,14,286,4,12,10,290,4
370,10,12,14,286,4,12,10,290,4
370,11,12,14,286,4,12,10,290,4
370,12,12,12,288,-2,12,14,286,-2
370,13,12,12,288,-2,12,14,286,-2
370,14,12,12,288,-2,12,14,286,-2
370,15,12,11,289,-5,12,16,284,-5
370,16,12,11,289,-5,12,16,284,-5
370,17,12,11,289,-5,12,16,284,-5
370,18,12,13,287,8,12,5,295,8
370,19,12,13,287,8,12,5,295,8
370,20,12,13,287,8,12,5,295,8
370,21,12,14,286,7,12,7,293,7
370,22,12,14,286,7,12,7,293,7
370,23,12,14,286,7,12,7,293,7
370,24,12,11,289,-5,12,16,284,-5
370,25,12,11,289,-5,12,16,284,-5
370,26,12,11,289,-5,12,16,284,-5
370,27,12,12,288,0,12,12,288,0
370,28,12,12,288,0,12,12,288,0
370,29,12,12,288,0,12,12,288,0
370,30,12,14,286,-3,12,17,283,-3
370,31,12,14,286,-3,12,17,283,-3
370,32,12,14,286,-3,12,17,283,-3
370,33,12,13,287,3,12,10,290,3
370,34,12,13,287,3,12,10,290,3
370,35,12,13,287,3,12,10,290,3
370,36,12,13,287,8,12,5,295,8
370,37,12,13,287,8,12,5,295,8
370,38,12,13,287,8,12,5,295,8
370,39,12,16,284,9,12,7,293,9
370,40,12,16,284,9,12,7,293,9
370,41,12,16,284,9,12,7,293,9
370,42,4,15,85,0,4,15,85,0
370,43,4,15,85,0,4,15,85,0
370,44,4,15,85,0,4,15,85,0
370,45,4,15,85,0,4,15,85,0
370,46,4,15,85,0,4,15,85,0
370,47,4,15,85,0,4,15,85,0
370,48,12,9,291,1,12,8,292,1
370,49,12,9,291,1,12,8,292,1
370,50,12,9,291,1,12,8,292,1
370,51,12,10,290,2,12,8,292,2
370,52,12,10,290,2,12,8,292,2
370,53,12,10,290,2,12,8,292,2
370,54,12,10,290,-6,12,16,284,-6
370,55,12,10,290,-6,12,16,284,-6
370,56,12,10,290,-6,12,16,284,-6
370,57,12,13,287,-9,12,22,278,-9
370,58,12,13,287,-9,12,22,278,-9
370,59,12,13,287,-9,12,22,278,-9
370,60,12,13,287,4,12,9,291,4
370,61,12,13,287,4,12,9,291,4
370,62,12,13,287,4,12,9,291,4
370,63,12,14,286,-5,12,19,281,-5
370,64,12,14,286,-5,12,19,281,-5
370,65,12,14,286,-5,12,19,281,-5
370,66,12,13,287,2,12,11,289,2
370,67,12,13,287,2,12,11,289,2
370,68,12,13,287,2,12,11,289,2
370,69,12,12,288,-2,12,14,286,-2
370,70,12,12,288,-2,12,14,286,-2
370,71,12,12,288,-2,12,14,286,-2
370,72,12,11,289,-4,12,15,285,-4
370,73,12,11,289,-4,12,15,285,-4
370,74,12,11,289,-4,12,15,285,-4
370,75,12,11,289,8,12,3,297,8
370,76,12,11,289,8,12,3,297,8
370,77,12,11,289,8,12,3,297,8
370,78,12,14,286,5,12,9,291,5
370,79,12,14,286,5,12,9,291,5
370,80,12,14,286,5,12,9,291,5
370,81,12,13,287,7,12,6,294,7
370,82,12,13,287,7,12,6,294,7
370,83,12,13,287,7,12,6,294,7
370,84,12,12,288,-7,12,19,281,-7
370,85,12,12,288,-7,12,19,281,-7
370,86,12,12,288,-7,12,19,281,-7
370,87,12,14,286,-3,12,17,283,-3
370,88,12,14,286,-3,12,17,283,-3
370,89,12,14,286,-3,12,17,283,-3
370,90,12,13,287,4,12,9,291,4
370,91,12,13,287,4,12,9,291,4
370,92,12,13,287,4,12,9,291,4
370,93,12,16,284,0,12,16,284,0
370,94,12,16,284,0,12,16,284,0
370,95,12,16,284,0,12,16,284,0
371,0,12,10,290,-4,12,14,286,-4
371,1,12,10,290,-4,12,14,286,-4
371,2,12,10,290,-4,12,14,286,-4
371,3,12,10,290,-8,12,18,282,-8
371,4,12,10,290,-8,12,18,282,-8
371,5,12,10,290,-8,12,18,282,-8
371,6,12,13,287,-2,12,15,285,-2
371,7,12,13,287,-2,12,15,285,-2
371,8,12,13,287,-2,12,15,285,-2
371,9,12,12,288,-1,12,13,287,-1
371,10,12,12,288,-1,12,13,287,-1
371,11,12,12,288,-1,12,13,287,-1
371,12,12,11,289,-1,12,12,288,-1
371,13,12,11,289,-1,12,12,288,-1
371,14,12,11,289,-1,12,12,288,-1
371,15,12,10,290,-8,12,18,282,-8
371,16,12,10,290,-8,12,18,282,-8
371,17,12,10,290,-8,12,18,282,-8
371,18,12,11,289,0,12,11,289,0
371,19,12,11,289,0,12,11,289,0
371,20,12,11,289,0,12,11,289,0
371,21,12,12,288,3,12,9,291,3
371,22,12,12,288,3,12,9,291,3
371,23,12,12,288,3,12,9,291,3
371,24,12,10,290,3,12,7,293,3
371,25,12,10,290,3,12,7,293,3
371,26,12,10,290,3,12,7,293,3
371,27,12,12,288,4,12,8,292,4
371,28,12,12,288,4,12,8,292,4
371,29,12,12,288,4,12,8,292,4
371,30,12,10,290,-2,12,12,288,-2
371,31,12,10,290,-2,12,12,288,-2
371,32,12,10,290,-2,12,12,288,-2
371,33,12,12,288,3,12,9,291,3
371,34,12,12,288,3,12,9,291,3
371,35,12,12,288,3,12,9,291,3
371,36,12,9,291,-10,12,19,281,-10
371,37,12,9,291,-10,12,19,281,-10
371,38,12,9,291,-10,12,19,281,-10
371,39,12,8,292,-9,12,17,283,-9
371,40,12,8,292,-9,12,17,283,-9
371,41,12,8,292,-9,12,17,283,-9
371,42,12,12,288,7,12,5,295,7
371,43,12,12,288,7,12,5,295,7
371,44,12,12,288,7,12,5,295,7
371,45,12,11,289,-6,12,17,283,-6
371,46,12,11,289,-6,12,17,283,-6
371,47,12,11,289,-6,12,17,283,-6
371,48,12,12,288,-9,12,21,279,-9
371,49,12,12,288,-9,12,21,279,-9
371,50,12,12,288,-9,12,21,279,-9
371,51,12,12,288,9,12,3,297,9
371,52,12,12,288,9,12,3,297,9
371,53,12,12,288,9,12,3,297,9
371,54,12,13,287,-4,12,17,283,-4
371,55,12,13,287,-4,12,17,283,-4
371,56,12,13,287,-4,12,17,283,-4
371,57,12,12,288,5,12,7,293,5
371,58,12,12,288,5,12,7,293,5
371,59,12,12,288,5,12,7,293,5
371,60,12,11,289,-4,12,15,285,-4
371,61,12,11,289,-4,12,15,285,-4
371,62,12,11,289,-4,12,15,285,-4
371,63,12,14,286,-9,12,23,277,-9
371,64,12,14,286,-9,12,23,277,-9
371,65,12,14,286,-9,12,23,277,-9
371,66,4,14,86,0,4,14,86,0
371,67,4,14,86,0,4,14,86,0
371,68,4,14,86,0,4,14,86,0
371,69,4,14,86,0,4,14,86,0
371,70,4,14,86,0,4,14,86,0
371,71,4,14,86,0,4,14,86,0
371,72,12,10,290,5,12,5,295,5
371,73,12,10,290,5,12,5,295,5
371,74,12,10,290,5,12,5,295,5
371,75,12,11,289,3,12,8,292,3
371,76,12,11,289,3,12,8,292,3
371,77,12,11,289,3,12,8,292,3
371,78,12,11,289,3,12,8,292,3
371,79,12,11,289,3,12,8,292,3
371,80,12,11,289,3,12,8,292,3
371,81,12,15,285,-5,12,20,280,-5
371,82,12,15,285,-5,12,20,280,-5
371,83,12,16,284,-5,12,21,279,-5
371,84,12,14,286,-8,12,22,278,-8
371,85,12,14,286,-8,12,22,278,-8
371,86,12,14,286,-8,12,22,278,-8
371,87,12,10,290,4,12,6,294,4
371,88,12,10,290,4,12,6,294,4
371,89,12,10,290,4,12,6,294,4
371,90,12,14,286,-2,12,16,284,-2
371,91,12,14,286,-2,12,16,284,-2
371,92,12,14,286,-2,12,16,284,-2
371,93,12,13,287,0,12,13,287,0
371,94,12,13,287,0,12,13,287,0
371,95,12,13,287,0,12,13,287,0
372,0,12,9,291,-9,12,18,282,-9
372,1,12,9,291,-9,12,18,282,-9
372,2,12,9,291,-9,12,18,282,-9
372,3,12,11,289,8,12,3,297,8
372,4,12,11,289,8,12,3,297,8
372,5,12,11,289,8,12,3,297,8
372,6,12,9,291,9,12,0,300,9
372,7,12,9,291,9,12,0,300,9
372,8,12,9,291,9,12,0,300,9
372,9,12,11,289,10,12,1,299,10
372,10,12,11,289,10,12,1,299,10
372,11,12,11,289,10,12,1,299,10
372,12,12,8,292,10,13,23,302,10
372,13,12,8,292,10,13,23,302,10
372,14,12,8,292,10,13,23,302,10
372,15,12,9,291,0,12,9,291,0
372,16,12,9,291,0,12,9,291,0
372,17,12,9,291,0,12,9,291,0
372,18,12,7,293,-7,12,14,286,-7
372,19,12,7,293,-7,12,14,286,-7
372,20,12,7,293,-7,12,14,286,-7
372,21,12,11,289,-9,12,20,280,-9
372,22,12,11,289,-9,12,20,280,-9
372,23,12,11,289,-9,12,20,280,-9
372,24,12,12,288,-7,12,19,281,-7
372,25,12,12,288,-7,12,19,281,-7
372,26,12,11,289,-7,12,18,282,-7
372,27,12,8,292,10,13,23,302,10
372,28,12,8,292,10,13,23,302,10
372,29,12,8,292,10,13,23,302,10
372,30,12,10,290,-9,12,19,281,-9
372,31,12,10,290,-9,12,19,281,-9
372,32,12,10,290,-9,12,19,281,-9
372,33,12,11,289,8,12,3,297,8
372,34,12,11,289,8,12,3,297,8
372,35,12,11,289,8,12,3,297,8
372,36,12,10,290,6,12,4,296,6
372,37,12,10,290,6,12,4,296,6
372,38,12,10,290,6,12,4,296,6
372,39,12,12,288,-2,12,14,286,-2
372,40,12,12,288,-2,12,14,286,-2
372,41,12,12,288,-2,12,14,286,-2
372,42,4,14,86,0,4,14,86,0
372,43,4,14,86,0,4,14,86,0
372,44,4,14,86,0,4,14,86,0
372,45,4,14,86,0,4,14,86,0
372,46,4,14,86,0,4,14,86,0
372,47,4,14,86,0,4,14,86,0
372,48,12,7,293,-5,12,12,288,-5
372,49,12,7,293,-5,12,12,288,-5
372,50,12,7,293,-5,12,12,288,-5
372,51,12,7,293,-9,12,16,284,-9
372,52,12,7,293,-9,12,16,284,-9
372,53,12,7,293,-9,12,16,284,-9
372,54,12,11,289,3,12,8,292,3
372,55,12,11,289,3,12,8,292,3
372,56,12,11,289,3,12,8,292,3
372,57,12,10,290,-2,12,12,288,-2
372,58,12,10,290,-2,12,12,288,-2
372,59,12,10,290,-2,12,12,288,-2
372,60,12,10,290,5,12,5,295,5
372,61,12,10,290,5,12,5,295,5
372,62,12,10,290,5,12,5,295,5
372,63,12,11,289,-10,12,21,279,-10
372,64,12,11,289,-10,12,21,279,-10
372,65,12,11,289,-10,12,21,279,-10
372,66,12,10,290,10,12,0,300,10
372,67,12,10,290,10,12,0,300,10
372,68,12,10,290,10,12,0,300,10
372,69,12,11,289,-9,12,20,280,-9
372,70,12,11,289,-9,12,20,280,-9
372,71,12,11,289,-9,12,20,280,-9
372,72,12,11,289,2,12,9,291,2
372,73,12,11,289,2,12,9,291,2
372,74,12,11,289,2,12,9,291,2
372,75,12,8,292,0,12,8,292,0
372,76,12,8,292,0,12,8,292,0
372,77,12,8,292,0,12,8,292,0
372,78,12,12,288,-10,12,22,278,-10
372,79,12,12,288,-10,12,22,278,-10
372,80,12,12,288,-10,12,22,278,-10
372,81,12,14,286,5,12,9,291,5
372,82,12,14,286,5,12,9,291,5
372,83,12,14,286,5,12,9,291,5
372,84,12,10,290,-2,12,12,288,-2
372,85,12,10,290,-2,12,12,288,-2
372,86,12,10,290,-2,12,12,288,-2
372,87,12,10,290,-8,12,18,282,-8
372,88,12,10,290,-8,12,18,282,-8
372,89,12,10,290,-8,12,18,282,-8
372,90,12,12,288,-8,12,20,280,-8
372,91,12,12,288,-8,12,20,280,-8
372,92,12,12,288,-8,12,20,280,-8
372,93,12,10,290,6,12,4,296,6
372,94,12,10,290,6,12,4,296,6
372,95,12,11,289,6,12,5,295,6
373,0,11,7,268,0,11,7,268,0
373,1,11,7,268,0,11,7,268,0
373,2,11,7,268,0,11,7,268,0
373,3,11,13,262,6,11,7,268,6
373,4,11,13,262,6,11,7,268,6
373,5,11,13,262,6,11,7,268,6
373,6,11,10,265,10,11,0,275,10
373,7,11,10,265,10,11,0,275,10
373,8,11,10,265,10,11,0,275,10
373,9,11,12,263,5,11,7,268,5
373,10,11,12,263,5,11,7,268,5
373,11,11,12,263,5,11,7,268,5
373,12,11,11,264,-1,11,12,263,-1
373,13,11,12,263,-1,11,13,262,-1
373,14,11,11,264,-1,11,12,263,-1
373,15,11,9,266,-7,11,16,259,-7
373,16,11,8,267,-7,11,15,260,-7
373,17,11,8,267,-7,11,15,260,-7
373,18,11,10,265,3,11,7,268,3
373,19,11,10,265,3,11,7,268,3
373,20,11,10,265,3,11,7,268,3
373,21,11,10,265,-6,11,16,259,-6
373,22,11,10,265,-6,11,16,259,-6
373,23,11,10,265,-6,11,16,259,-6
373,24,11,9,266,-4,11,13,262,-4
373,25,11,9,266,-4,11,13,262,-4
373,26,11,9,266,-4,11,13,262,-4
373,27,11,10,265,6,11,4,271,6
373,28,11,10,265,6,11,4,271,6
373,29,11,10,265,6,11,4,271,6
373,30,11,11,264,-1,11,12,263,-1
373,31,11,11,264,-1,11,12,263,-1
373,32,11,11,264,-1,11,12,263,-1
373,33,11,12,263,1,11,11,264,1
373,34,11,12,263,1,11,11,264,1
373,35,11,12,263,1,11,11,264,1
373,36,11,11,264,7,11,4,271,7
373,37,11,11,264,7,11,4,271,7
373,38,11,11,264,7,11,4,271,7
373,39,11,13,262,7,11,6,269,7
373,40,11,13,262,7,11,6,269,7
373,41,11,13,262,7,11,6,269,7
373,42,3,11,64,0,3,11,64,0
373,43,3,11,64,0,3,11,64,0
373,44,3,11,64,0,3,11,64,0
373,45,3,11,64,0,3,11,64,0
373,46,3,11,64,0,3,11,64,0
373,47,3,11,64,0,3,11,64,0
373,48,11,13,262,-6,11,19,256,-6
373,49,11,13,262,-6,11,19,256,-6
373,50,11,13,262,-6,11,19,256,-6
373,51,11,14,261,1,11,13,262,1
373,52,11,14,261,1,11,13,262,1
373,53,11,14,261,1,11,13,262,1
373,54,11,13,262,8,11,5,270,8
373,55,11,14,261,8,11,6,269,8
373,56,11,14,261,8,11,6,269,8
373,57,11,12,263,-7,11,19,256,-7
373,58,11,12,263,-7,11,19,256,-7
373,59,11,12,263,-7,11,19,256,-7
373,60,11,14,261,-3,11,17,258,-3
373,61,11,14,261,-3,11,17,258,-3
373,62,11,14,261,-3,11,17,258,-3
373,63,11,16,259,4,11,12,263,4
373,64,11,16,259,4,11,12,263,4
373,65,11,16,259,4,11,12,263,4
373,66,11,13,262,5,11,8,267,5
373,67,11,13,262,5,11,8,267,5
373,68,11,13,262,5,11,8,267,5
373,69,11,12,263,-2,11,14,261,-2
373,70,11,12,263,-2,11,14,261,-2
373,71,11,12,263,-2,11,14,261,-2
373,72,11,10,265,8,11,2,273,8
373,73,11,10,265,8,11,2,273,8
373,74,11,10,265,8,11,2,273,8
373,75,11,11,264,10,11,1,274,10
373,76,11,11,264,10,11,1,274,10
373,77,11,11,264,10,11,1,274,10
373,78,11,16,259,7,11,9,266,7
373,79,11,16,259,7,11,9,266,7
373,80,11,16,259,7,11,9,266,7
373,81,11,13,262,6,11,7,268,6
373,82,11,13,262,6,11,7,268,6
373,83,11,13,262,6,11,7,268,6
373,84,11,10,265,-9,11,19,256,-9
373,85,11,10,265,-9,11,19,256,-9
373,86,11,10,265,-9,11,19,256,-9
373,87,11,10,265,-7,11,17,258,-7
373,88,11,10,265,-7,11,17,258,-7
373,89,11,10,265,-7,11,17,258,-7
373,90,11,11,264,-5,11,16,259,-5
373,91,11,11,264,-5,11,16,259,-5
373,92,11,11,264,-5,11,16,259,-5
373,93,11,12,263,2,11,10,265,2
373,94,11,13,262,2,11,11,264,2
373,95,11,12,263,2,11,10,265,2
374,0,11,7,268,-2,11,9,266,-2
374,1,11,7,268,-2,11,9,266,-2
374,2,11,7,268,-2,11,9,266,-2
374,3,11,7,268,-2,11,9,266,-2
374,4,11,7,268,-2,11,9,266,-2
374,5,11,7,268,-2,11,9,266,-2
374,6,11,8,267,3,11,5,270,3
374,7,11,8,267,3,11,5,270,3
374,8,11,8,267,3,11,5,270,3
374,9,11,9,266,1,11,8,267,1
374,10,11,9,266,1,11,8,267,1
374,11,11,9,266,1,11,8,267,1
374,12,11,10,265,10,11,0,275,10
374,13,11,10,265,10,11,0,275,10
374,14,11,10,265,10,11,0,275,10
374,15,11,7,268,-6,11,13,262,-6
374,16,11,7,268,-6,11,13,262,-6
374,17,11,7,268,-6,11,13,262,-6
374,18,11,8,267,3,11,5,270,3
374,19,11,8,267,3,11,5,270,3
374,20,11,8,267,3,11,5,270,3
374,21,11,10,265,-7,11,17,258,-7
374,22,11,10,265,-7,11,17,258,-7
374,23,11,10,265,-7,11,17,258,-7
374,24,11,9,266,-10,11,19,256,-10
374,25,11,9,266,-10,11,19,256,-10
374,26,11,9,266,-10,11,19,256,-10
374,27,11,6,269,-4,11,10,265,-4
374,28,11,6,269,-4,11,10,265,-4
374,29,11,6,269,-4,11,10,265,-4
374,30,11,10,265,5,11,5,270,5
374,31,11,10,265,5,11,5,270,5
374,32,11,10,265,5,11,5,270,5
374,33,11,13,262,-7,11,20,255,-7
374,34,11,13,262,-7,11,20,255,-7
374,35,11,13,262,-7,11,20,255,-7
374,36,11,9,266,-8,11,17,258,-8
374,37,11,9,266,-8,11,17,258,-8
374,38,11,8,267,-8,11,16,259,-8
374,39,11,12,263,-7,11,19,256,-7
374,40,11,12,263,-7,11,19,256,-7
374,41,11,12,263,-7,11,19,256,-7
374,42,3,12,63,0,3,12,63,0
374,43,3,12,63,0,3,12,63,0
374,44,3,12,63,0,3,12,63,0
374,45,3,12,63,0,3,12,63,0
374,46,3,12,63,0,3,12,63,0
374,47,3,12,63,0,3,12,63,0
374,48,11,9,266,7,11,2,273,7
374,49,11,9,266,7,11,2,273,7
374,50,11,9,266,7,11,2,273,7
374,51,11,8,267,5,11,3,272,5
374,52,11,8,267,5,11,3,272,5
374,53,11,8,267,5,11,3,272,5
374,54,11,9,266,-3,11,12,263,-3
374,55,11,9,266,-3,11,12,263,-3
374,56,11,9,266,-3,11,12,263,-3
374,57,11,10,265,4,11,6,269,4
374,58,11,10,265,4,11,6,269,4
374,59,11,10,265,4,11,6,269,4
374,60,11,11,264,10,11,1,274,10
374,61,11,11,264,10,11,1,274,10
374,62,11,11,264,10,11,1,274,10
374,63,11,11,264,0,11,11,264,0
374,64,11,10,265,0,11,10,265,0
374,65,11,11,264,0,11,11,264,0
374,66,11,11,264,-8,11,19,256,-8
374,67,11,11,264,-8,11,19,256,-8
374,68,11,11,264,-8,11,19,256,-8
374,69,11,10,265,-8,11,18,257,-8
374,70,11,11,264,-8,11,19,256,-8
374,71,11,10,265,-8,11,18,257,-8
374,72,11,9,266,2,11,7,268,2
374,73,11,9,266,2,11,7,268,2
374,74,11,9,266,2,11,7,268,2
374,75,11,8,267,5,11,3,272,5
374,76,11,8,267,5,11,3,272,5
374,77,11,8,267,5,11,3,272,5
374,78,11,6,269,5,11,1,274,5
374,79,11,6,269,5,11,1,274,5
374,80,11,6,269,5,11,1,274,5
374,81,11,10,265,7,11,3,272,7
374,82,11,10,265,7,11,3,272,7
374,83,11,10,265,7,11,3,272,7
374,84,11,8,267,1,11,7,268,1
374,85,11,8,267,1,11,7,268,1
374,86,11,8,267,1,11,7,268,1
374,87,11,10,265,9,11,1,274,9
374,88,11,10,265,9,11,1,274,9
374,89,11,10,265,9,11,1,274,9
374,90,11,11,264,-2,11,13,262,-2
374,91,11,11,264,-2,11,13,262,-2
374,92,11,11,264,-2,11,13,262,-2
374,93,11,9,266,-10,11,19,256,-10
374,94,11,9,266,-10,11,19,256,-10
374,95,11,9,266,-10,11,19,256,-10
375,0,11,10,265,-10,11,20,255,-10
375,1,11,10,265,-10,11,20,255,-10
375,2,11,10,265,-10,11,20,255,-10
375,3,11,11,264,-8,11,19,256,-8
375,4,11,12,263,-8,11,20,255,-8
375,5,11,12,263,-8,11,20,255,-8
375,6,11,13,262,-3,11,16,259,-3
375,7,11,13,262,-3,11,16,259,-3
375,8,11,13,262,-3,11,16,259,-3
375,9,11,10,265,-5,11,15,260,-5
375,10,11,10,265,-5,11,15,260,-5
375,11,11,10,265,-5,11,15,260,-5
375,12,4,11,89,0,4,11,89,0
375,13,4,11,89,0,4,11,89,0
375,14,4,11,89,0,4,11,89,0
375,15,4,11,89,0,4,11,89,0
375,16,4,11,89,0,4,11,89,0
375,17,4,11,89,0,4,11,89,0
375,18,4,11,89,0,4,11,89,0
375,19,4,11,89,0,4,11,89,0
375,20,4,11,89,0,4,11,89,0
375,21,4,11,89,0,4,11,89,0
375,22,4,11,89,0,4,11,89,0
375,23,4,11,89,0,4,11,89,0
375,24,4,11,89,0,4,11,89,0
375,25,4,11,89,0,4,11,89,0
375,26,4,11,89,0,4,11,89,0
375,27,4,11,89,0,4,11,89,0
375,28,4,11,89,0,4,11,89,0
375,29,4,11,89,0,4,11,89,0
375,30,4,11,89,0,4,11,89,0
375,31,4,11,89,0,4,11,89,0
375,32,4,11,89,0,4,11,89,0
375,33,4,11,89,0,4,11,89,0
375,34,4,11,89,0,4,11,89,0
375,35,4,11,89,0,4,11,89,0
375,36,11,12,263,10,11,2,273,10
375,37,11,11,264,10,11,1,274,10
375,38,11,12,263,10,11,2,273,10
375,39,11,10,265,2,11,8,267,2
375,40,11,10,265,2,11,8,267,2
375,41,11,10,265,2,11,8,267,2
375,42,11,13,262,-6,11,19,256,-6
375,43,11,13,262,-6,11,19,256,-6
375,44,11,13,262,-6,11,19,256,-6
375,45,11,13,262,6,11,7,268,6
375,46,11,13,262,6,11,7,268,6
375,47,11,13,262,6,11,7,268,6
375,48,11,11,264,-3,11,14,261,-3
375,49,11,11,264,-3,11,14,261,-3
375,50,11,11,264,-3,11,14,261,-3
375,51,11,10,265,-10,11,20,255,-10
375,52,11,10,265,-10,11,20,255,-10
375,53,11,10,265,-10,11,20,255,-10
375,54,11,12,263,5,11,7,268,5
375,55,11,12,263,5,11,7,268,5
375,56,11,12,263,5,11,7,268,5
375,57,11,12,263,10,11,2,273,10
375,58,11,12,263,10,11,2,273,10
375,59,11,12,263,10,11,2,273,10
375,60,11,12,263,4,11,8,267,4
375,61,11,12,263,4,11,8,267,4
375,62,12,20,280,0,12,20,280,0
375,63,11,13,262,3,11,10,265,3
375,64,11,13,262,3,11,10,265,3
375,65,11,13,262,3,11,10,265,3
375,66,11,13,262,-4,11,17,258,-4
375,67,11,13,262,-4,11,17,258,-4
375,68,11,13,262,-4,11,17,258,-4
375,69,11,13,262,-10,11,23,252,-10
375,70,11,13,262,-10,11,23,252,-10
375,71,11,13,262,-10,11,23,252,-10
375,72,11,13,262,2,11,11,264,2
375,73,11,13,262,2,11,11,264,2
375,74,11,13,262,2,11,11,264,2
375,75,11,8,267,-5,11,13,262,-5
375,76,11,8,267,-5,11,13,262,-5
375,77,11,8,267,-5,11,13,262,-5
375,78,11,12,263,-3,11,15,260,-3
375,79,11,12,263,-3,11,15,260,-3
375,80,11,12,263,-3,11,15,260,-3
375,81,11,12,263,-3,11,15,260,-3
375,82,11,12,263,-3,11,15,260,-3
375,83,11,12,263,-3,11,15,260,-3
375,84,11,12,263,-1,11,13,262,-1
375,85,11,12,263,-1,11,13,262,-1
375,86,11,12,263,-1,11,13,262,-1
375,87,11,9,266,-5,11,14,261,-5
375,88,11,9,266,-5,11,14,261,-5
375,89,11,9,266,-5,11,14,261,-5
375,90,11,11,264,3,11,8,267,3
375,91,11,11,264,3,11,8,267,3
375,92,11,11,264,3,11,8,267,3
375,93,11,13,262,4,11,9,266,4
375,94,11,12,263,4,11,8,267,4
375,95,11,12,263,4,11,8,267,4
376,0,10,9,241,-4,10,13,237,-4
376,1,10,9,241,-4,10,13,237,-4
376,2,10,9,241,-4,10,13,237,-4
376,3,10,8,242,7,10,1,249,7
376,4,10,8,242,7,10,1,249,7
376,5,10,8,242,7,10,1,249,7
376,6,10,8,242,-10,10,18,232,-10
376,7,10,8,242,-10,10,18,232,-10
376,8,10,8,242,-10,10,18,232,-10
376,9,10,8,242,-5,10,13,237,-5
376,10,10,8,242,-5,10,13,237,-5
376,11,10,8,242,-5,10,13,237,-5
376,12,10,6,244,6,10,0,250,6
376,13,10,6,244,6,10,0,250,6
376,14,10,6,244,6,10,0,250,6
376,15,10,10,240,6,10,4,246,6
376,16,10,10,240,6,10,4,246,6
376,17,10,10,240,6,10,4,246,6
376,18,10,8,242,-5,10,13,237,-5
376,19,10,8,242,-5,10,13,237,-5
376,20,2,14,36,0,2,14,36,0
376,21,10,12,238,-8,10,20,230,-8
376,22,10,12,238,-8,10,20,230,-8
376,23,10,12,238,-8,10,20,230,-8
376,24,10,8,242,2,10,6,244,2
376,25,10,8,242,2,10,6,244,2
376,26,10,8,242,2,10,6,244,2
376,27,10,8,242,-7,10,15,235,-7
376,28,10,8,242,-7,10,15,235,-7
376,29,10,8,242,-7,10,15,235,-7
376,30,10,7,243,-4,10,11,239,-4
376,31,10,7,243,-4,10,11,239,-4
376,32,10,7,243,-4,10,11,239,-4
376,33,10,9,241,-2,10,11,239,-2
376,34,10,9,241,-2,10,11,239,-2
376,35,10,9,241,-2,10,11,239,-2
376,36,10,11,239,7,10,4,246,7
376,37,10,11,239,7,10,4,246,7
376,38,10,11,239,7,10,4,246,7
376,39,10,10,240,7,10,3,247,7
376,40,10,10,240,7,10,3,247,7
376,41,10,10,240,7,10,3,247,7
376,42,10,9,241,-6,10,15,235,-6
376,43,10,9,241,-6,10,15,235,-6
376,44,10,9,241,-6,10,15,235,-6
376,45,10,11,239,-5,10,16,234,-5
376,46,10,11,239,-5,10,16,234,-5
376,47,10,11,239,-5,10,16,234,-5
376,48,10,11,239,-7,10,18,232,-7
376,49,10,11,239,-7,10,18,232,-7
376,50,10,11,239,-7,10,18,232,-7
376,51,10,10,240,8,10,2,248,8
376,52,10,10,240,8,10,2,248,8
376,53,10,10,240,8,10,2,248,8
376,54,10,9,241,-10,10,19,231,-10
376,55,10,9,241,-10,10,19,231,-10
376,56,10,9,241,-10,10,19,231,-10
376,57,10,12,238,3,10,9,241,3
376,58,10,12,238,3,10,9,241,3
376,59,10,12,238,3,10,9,241,3
376,60,10,11,239,-1,10,12,238,-1
376,61,10,11,239,-1,10,12,238,-1
376,62,10,11,239,-1,10,12,238,-1
376,63,10,12,238,-6,10,18,232,-6
376,64,10,12,238,-6,10,18,232,-6
376,65,10,12,238,-6,10,18,232,-6
376,66,10,11,239,7,10,4,246,7
376,67,10,11,239,7,10,4,246,7
376,68,10,11,239,7,10,4,246,7
376,69,10,12,238,8,10,4,246,8
376,70,10,12,238,8,10,4,246,8
376,71,10,12,238,8,10,4,246,8
376,72,10,13,237,-2,10,15,235,-2
376,73,10,13,237,-2,10,15,235,-2
376,74,10,13,237,-2,10,15,235,-2
376,75,10,9,241,4,10,5,245,4
376,76,10,9,241,4,10,5,245,4
376,77,10,9,241,4,10,5,245,4
376,78,10,12,238,8,10,4,246,8
376,79,10,12,238,8,10,4,246,8
376,80,10,12,238,8,10,4,246,8
376,81,10,12,238,3,10,9,241,3
376,82,10,12,238,3,10,9,241,3
376,83,10,12,238,3,10,9,241,3
376,84,10,11,239,1,10,10,240,1
376,85,10,11,239,1,10,10,240,1
376,86,10,11,239,1,10,10,240,1
376,87,10,12,238,-2,10,14,236,-2
376,88,10,12,238,-2,10,14,236,-2
376,89,10,12,238,-2,10,14,236,-2
376,90,2,12,38,0,2,12,38,0
376,91,2,12,38,0,2,12,38,0
376,92,2,12,38,0,2,12,38,0
376,93,2,12,38,0,2,12,38,0
376,94,2,12,38,0,2,12,38,0
376,95,2,12,38,0,2,12,38,0
377,0,10,9,241,-6,10,15,235,-6
377,1,10,9,241,-6,10,15,235,-6
377,2,10,9,241,-6,10,15,235,-6
377,3,10,9,241,1,10,8,242,1
377,4,10,9,241,1,10,8,242,1
377,5,10,9,241,1,10,8,242,1
377,6,10,10,240,10,10,0,250,10
377,7,10,10,240,10,10,0,250,10
377,8,10,10,240,10,10,0,250,10
377,9,10,11,239,-1,10,12,238,-1
377,10,10,11,239,-1,10,12,238,-1
377,11,10,11,239,-1,10,12,238,-1
377,12,10,13,237,10,10,3,247,10
377,13,10,13,237,10,10,3,247,10
377,14,10,13,237,10,10,3,247,10
377,15,10,9,241,7,10,2,248,7
377,16,10,9,241,7,10,2,248,7
377,17,10,9,241,7,10,2,248,7
377,18,10,9,241,-6,10,15,235,-6
377,19,10,9,241,-6,10,15,235,-6
377,20,10,9,241,-6,10,15,235,-6
377,21,10,11,239,-4,10,15,235,-4
377,22,10,11,239,-4,10,15,235,-4
377,23,10,11,239,-4,10,15,235,-4
377,24,10,11,239,5,10,6,244,5
377,25,10,11,239,5,10,6,244,5
377,26,10,11,239,5,10,6,244,5
377,27,10,11,239,4,10,7,243,4
377,28,10,11,239,4,10,7,243,4
377,29,10,11,239,4,10,7,243,4
377,30,10,9,241,2,10,7,243,2
377,31,10,9,241,2,10,7,243,2
377,32,10,9,241,2,10,7,243,2
377,33,10,12,238,-8,10,20,230,-8
377,34,10,12,238,-8,10,20,230,-8
377,35,10,12,238,-8,10,20,230,-8
377,36,10,9,241,3,10,6,244,3
377,37,10,9,241,3,10,6,244,3
377,38,10,9,241,3,10,6,244,3
377,39,10,12,238,-9,10,21,229,-9
377,40,10,12,238,-9,10,21,229,-9
377,41,10,12,238,-9,10,21,229,-9
377,42,10,13,237,-8,10,21,229,-8
377,43,10,13,237,-8,10,21,229,-8
377,44,10,13,237,-8,10,21,229,-8
377,45,10,11,239,8,10,3,247,8
377,46,10,11,239,8,10,3,247,8
377,47,10,11,239,8,10,3,247,8
377,48,2,3,47,0,2,3,47,0
377,49,10,11,239,-3,10,14,236,-3
377,50,10,11,239,-3,10,14,236,-3
377,51,10,11,239,-9,10,20,230,-9
377,52,10,11,239,-9,10,20,230,-9
377,53,10,11,239,-9,10,20,230,-9
377,54,10,13,237,-4,10,17,233,-4
377,55,10,13,237,-4,10,17,233,-4
377,56,10,13,237,-4,10,17,233,-4
377,57,10,13,237,9,10,4,246,9
377,58,10,13,237,9,10,4,246,9
377,59,10,13,237,9,10,4,246,9
377,60,10,12,238,0,10,12,238,0
377,61,10,11,239,0,10,11,239,0
377,62,10,12,238,0,10,12,238,0
377,63,10,13,237,9,10,4,246,9
377,64,10,13,237,9,10,4,246,9
377,65,10,13,237,9,10,4,246,9
377,66,2,15,35,0,2,15,35,0
377,67,2,15,35,0,2,15,35,0
377,68,2,15,35,0,2,15,35,0
377,69,2,15,35,0,2,15,35,0
377,70,2,15,35,0,2,15,35,0
377,71,2,15,35,0,2,15,35,0
377,72,10,12,238,-7,10,19,231,-7
377,73,10,12,238,-7,10,19,231,-7
377,74,10,12,238,-7,10,19,231,-7
377,75,10,9,241,7,10,2,248,7
377,76,10,9,241,7,10,2,248,7
377,77,10,9,241,7,10,2,248,7
377,78,10,11,239,-1,10,12,238,-1
377,79,10,11,239,-1,10,12,238,-1
377,80,10,11,239,-1,10,12,238,-1
377,81,10,14,236,-6,10,20,230,-6
377,82,10,14,236,-6,10,20,230,-6
377,83,10,14,236,-6,10,20,230,-6
377,84,10,11,239,-2,10,13,237,-2
377,85,10,11,239,-2,10,13,237,-2
377,86,10,11,239,-2,10,13,237,-2
377,87,10,9,241,9,10,0,250,9
377,88,10,9,241,9,10,0,250,9
377,89,10,9,241,9,10,0,250,9
377,90,10,11,239,-8,10,19,231,-8
377,91,10,11,239,-8,10,19,231,-8
377,92,10,11,239,-8,10,19,231,-8
377,93,10,13,237,9,10,4,246,9
377,94,10,13,237,9,10,4,246,9
377,95,10,13,237,9,10,4,246,9
378,0,10,12,238,-2,10,14,236,-2
378,1,10,12,238,-2,10,14,236,-2
378,2,10,12,238,-2,10,14,236,-2
378,3,10,13,237,-2,10,15,235,-2
378,4,10,12,238,-2,10,14,236,-2
378,5,10,12,238,-2,10,14,236,-2
378,6,10,11,239,-6,10,17,233,-6
378,7,10,11,239,-6,10,17,233,-6
378,8,10,11,239,-6,10,17,233,-6
378,9,10,13,237,1,10,12,238,1
378,10,10,12,238,1,10,11,239,1
378,11,10,12,238,1,10,11,239,1
378,12,10,12,238,-3,10,15,235,-3
378,13,10,12,238,-3,10,15,235,-3
378,14,10,12,238,-3,10,15,235,-3
378,15,10,11,239,-10,10,21,229,-10
378,16,10,11,239,-10,10,21,229,-10
378,17,10,11,239,-10,10,21,229,-10
378,18,10,12,238,6,10,6,244,6
378,19,10,12,238,6,10,6,244,6
378,20,10,12,238,6,10,6,244,6
378,21,10,10,240,-1,10,11,239,-1
378,22,10,10,240,-1,10,11,239,-1
378,23,10,10,240,-1,10,11,239,-1
378,24,10,12,238,0,10,12,238,0
378,25,10,12,238,0,10,12,238,0
378,26,10,12,238,0,10,12,238,0
378,27,10,9,241,0,10,9,241,0
378,28,10,9,241,0,10,9,241,0
378,29,10,9,241,0,10,9,241,0
378,30,10,11,239,-9,10,20,230,-9
378,31,10,11,239,-9,10,20,230,-9
378,32,10,11,239,-9,10,20,230,-9
378,33,10,11,239,-1,10,12,238,-1
378,34,10,11,239,-1,10,12,238,-1
378,35,10,10,240,-1,10,11,239,-1
378,36,10,13,237,8,10,5,245,8
378,37,10,13,237,8,10,5,245,8
378,38,10,13,237,8,10,5,245,8
378,39,10,11,239,2,10,9,241,2
378,40,10,11,239,2,10,9,241,2
378,41,10,11,239,2,10,9,241,2
378,42,10,12,238,-7,10,19,231,-7
378,43,10,12,238,-7,10,19,231,-7
378,44,10,12,238,-7,10,19,231,-7
378,45,10,10,240,6,10,4,246,6
378,46,10,10,240,6,10,4,246,6
378,47,10,10,240,6,10,4,246,6
378,48,10,14,236,-5,10,19,231,-5
378,49,10,14,236,-5,10,19,231,-5
378,50,10,14,236,-5,10,19,231,-5
378,51,10,11,239,-9,10,20,230,-9
378,52,10,11,239,-9,10,20,230,-9
378,53,10,11,239,-9,10,20,230,-9
378,54,10,14,236,-4,10,18,232,-4
378,55,10,14,236,-4,10,18,232,-4
378,56,10,14,236,-4,10,18,232,-4
378,57,10,14,236,-9,10,23,227,-9
378,58,10,14,236,-9,10,23,227,-9
378,59,10,14,236,-9,10,23,227,-9
378,60,10,12,238,6,10,6,244,6
378,61,10,12,238,6,10,6,244,6
378,62,10,12,238,6,10,6,244,6
378,63,10,15,235,-5,10,20,230,-5
378,64,10,15,235,-5,10,20,230,-5
378,65,10,15,235,-5,10,20,230,-5
378,66,2,13,37,0,2,13,37,0
378,67,2,13,37,0,2,13,37,0
378,68,2,13,37,0,2,13,37,0
378,69,2,13,37,0,2,13,37,0
378,70,2,13,37,0,2,13,37,0
378,71,2,13,37,0,2,13,37,0
378,72,10,13,237,5,10,8,242,5
378,73,10,13,237,5,10,8,242,5
378,74,10,13,237,5,10,8,242,5
378,75,10,11,239,-1,10,12,238,-1
378,76,10,11,239,-1,10,12,238,-1
378,77,10,11,239,-1,10,12,238,-1
378,78,10,10,240,2,10,8,242,2
378,79,10,10,240,2,10,8,242,2
378,80,10,10,240,2,10,8,242,2
378,81,10,11,239,10,10,1,249,10
378,82,10,11,239,10,10,1,249,10
378,83,10,11,239,10,10,1,249,10
378,84,10,12,238,6,10,6,244,6
378,85,10,12,238,6,10,6,244,6
378,86,10,12,238,6,10,6,244,6
378,87,10,12,238,10,10,2,248,10
378,88,10,12,238,10,10,2,248,10
378,89,10,12,238,10,10,2,248,10
378,90,10,11,239,-9,10,20,230,-9
378,91,10,11,239,-9,10,20,230,-9
378,92,10,11,239,-9,10,20,230,-9
378,93,10,15,235,8,10,7,243,8
378,94,10,15,235,8,10,7,243,8
378,95,10,15,235,8,10,7,243,8
379,0,11,9,266,-7,11,16,259,-7
379,1,11,9,266,-7,11,16,259,-7
379,2,11,9,266,-7,11,16,259,-7
379,3,11,9,266,-1,11,10,265,-1
379,4,11,9,266,-1,11,10,265,-1
379,5,11,9,266,-1,11,10,265,-1
379,6,11,9,266,-9,11,18,257,-9
379,7,11,9,266,-9,11,18,257,-9
379,8,11,9,266,-9,11,18,257,-9
379,9,11,9,266,4,11,5,270,4
379,10,11,9,266,4,11,5,270,4
379,11,11,9,266,4,11,5,270,4
379,12,11,9,266,-3,11,12,263,-3
379,13,11,9,266,-3,11,12,263,-3
379,14,11,9,266,-3,11,12,263,-3
379,15,11,13,262,10,11,3,272,10
379,16,11,13,262,10,11,3,272,10
379,17,11,13,262,10,11,3,272,10
379,18,11,11,264,-9,11,20,255,-9
379,19,11,11,264,-9,11,20,255,-9
379,20,11,11,264,-9,11,20,255,-9
379,21,11,10,265,-1,11,11,264,-1
379,22,11,10,265,-1,11,11,264,-1
379,23,11,10,265,-1,11,11,264,-1
379,24,11,9,266,5,11,4,271,5
379,25,11,9,266,5,11,4,271,5
379,26,11,9,266,5,11,4,271,5
379,27,11,9,266,-10,11,19,256,-10
379,28,11,9,266,-10,11,19,256,-10
379,29,11,9,266,-10,11,19,256,-10
379,30,11,9,266,9,11,0,275,9
379,31,11,9,266,9,11,0,275,9
379,32,11,9,266,9,11,0,275,9
379,33,11,12,263,0,11,12,263,0
379,34,11,12,263,0,11,12,263,0
379,35,11,12,263,0,11,12,263,0
379,36,11,9,266,-8,11,17,258,-8
379,37,11,9,266,-8,11,17,258,-8
379,38,11,9,266,-8,11,17,258,-8
379,39,11,12,263,-1,11,13,262,-1
379,40,11,12,263,-1,11,13,262,-1
379,41,11,12,263,-1,11,13,262,-1
379,42,3,11,64,0,3,11,64,0
379,43,3,11,64,0,3,11,64,0
379,44,3,11,64,0,3,11,64,0
379,45,3,11,64,0,3,11,64,0
379,46,3,11,64,0,3,11,64,0
379,47,3,11,64,0,3,11,64,0
379,48,11,11,264,-1,11,12,263,-1
379,49,11,11,264,-1,11,12,263,-1
379,50,11,11,264,-1,11,12,263,-1
379,51,11,9,266,5,11,4,271,5
379,52,11,9,266,5,11,4,271,5
379,53,11,9,266,5,11,4,271,5
379,54,11,12,263,9,11,3,272,9
379,55,11,12,263,9,11,3,272,9
379,56,11,12,263,9,11,3,272,9
379,57,11,10,265,8,11,2,273,8
379,58,11,10,265,8,11,2,273,8
379,59,11,10,265,8,11,2,273,8
379,60,11,14,261,-6,11,20,255,-6
379,61,11,14,261,-6,11,20,255,-6
379,62,11,14,261,-6,11,20,255,-6
379,63,11,11,264,10,11,1,274,10
379,64,11,11,264,10,11,1,274,10
379,65,11,11,264,10,11,1,274,10
379,66,11,13,262,1,11,12,263,1
379,67,11,13,262,1,11,12,263,1
379,68,11,13,262,1,11,12,263,1
379,69,11,13,262,-9,11,22,253,-9
379,70,11,13,262,-9,11,22,253,-9
379,71,11,12,263,-9,11,21,254,-9
379,72,11,12,263,9,11,3,272,9
379,73,11,12,263,9,11,3,272,9
379,74,11,12,263,9,11,3,272,9
379,75,11,12,263,1,11,11,264,1
379,76,11,12,263,1,11,11,264,1
379,77,11,12,263,1,11,11,264,1
379,78,11,9,266,4,11,5,270,4
379,79,11,9,266,4,11,5,270,4
379,80,11,9,266,4,11,5,270,4
379,81,11,10,265,8,11,2,273,8
379,82,11,10,265,8,11,2,273,8
379,83,11,10,265,8,11,2,273,8
379,84,11,9,266,-1,11,10,265,-1
379,85,11,9,266,-1,11,10,265,-1
379,86,11,9,266,-1,11,10,265,-1
379,87,11,11,264,-9,11,20,255,-9
379,88,11,11,264,-9,11,20,255,-9
379,89,11,12,263,-9,11,21,254,-9
379,90,11,10,265,-5,11,15,260,-5
379,91,11,10,265,-5,11,15,260,-5
379,92,11,10,265,-5,11,15,260,-5
379,93,11,12,263,-4,11,16,259,-4
379,94,11,12,263,-4,11,16,259,-4
379,95,11,12,263,-4,11,16,259,-4
380,0,11,7,268,-5,11,12,263,-5
380,1,11,7,268,-5,11,12,263,-5
380,2,11,7,268,-5,11,12,263,-5
380,3,11,8,267,-5,11,13,262,-5
380,4,11,8,267,-5,11,13,262,-5
380,5,11,8,267,-5,11,13,262,-5
380,6,11,8,267,-1,11,9,266,-1
380,7,11,8,267,-1,11,9,266,-1
380,8,11,8,267,-1,11,9,266,-1
380,9,11,9,266,-6,11,15,260,-6
380,10,11,9,266,-6,11,15,260,-6
380,11,11,9,266,-6,11,15,260,-6
380,12,11,7,268,9,12,23,277,9
380,13,11,7,268,9,12,23,277,9
380,14,11,7,268,9,12,23,277,9
380,15,11,10,265,-10,11,20,255,-10
380,16,11,10,265,-10,11,20,255,-10
380,17,11,10,265,-10,11,20,255,-10
380,18,11,10,265,8,11,2,273,8
380,19,11,10,265,8,11,2,273,8
380,20,11,10,265,8,11,2,273,8
380,21,11,10,265,-8,11,18,257,-8
380,22,11,10,265,-8,11,18,257,-8
380,23,11,10,265,-8,11,18,257,-8
380,24,11,10,265,-6,11,16,259,-6
380,25,11,10,265,-6,11,16,259,-6
380,26,11,10,265,-6,11,16,259,-6
380,27,11,9,266,-3,11,12,263,-3
380,28,11,9,266,-3,11,12,263,-3
380,29,11,9,266,-3,11,12,263,-3
380,30,11,10,265,-6,11,16,259,-6
380,31,11,10,265,-6,11,16,259,-6
380,32,11,10,265,-6,11,16,259,-6
380,33,11,11,264,2,11,9,266,2
380,34,11,11,264,2,11,9,266,2
380,35,11,11,264,2,11,9,266,2
380,36,11,10,265,2,11,8,267,2
380,37,11,10,265,2,11,8,267,2
380,38,11,10,265,2,11,8,267,2
380,39,11,12,263,7,11,5,270,7
380,40,11,12,263,7,11,5,270,7
380,41,11,12,263,7,11,5,270,7
380,42,3,12,63,0,3,12,63,0
380,43,3,12,63,0,3,12,63,0
380,44,3,12,63,0,3,12,63,0
380,45,3,12,63,0,3,12,63,0
380,46,3,12,63,0,3,12,63,0
380,47,3,12,63,0,3,12,63,0
380,48,11,8,267,1,11,7,268,1
380,49,11,8,267,1,11,7,268,1
380,50,11,8,267,1,11,7,268,1
380,51,11,9,266,2,11,7,268,2
380,52,11,9,266,2,11,7,268,2
380,53,11,9,266,2,11,7,268,2
380,54,11,10,265,3,11,7,268,3
380,55,11,10,265,3,11,7,268,3
380,56,11,10,265,3,11,7,268,3
380,57,11,13,262,-6,11,19,256,-6
380,58,11,13,262,-6,11,19,256,-6
380,59,11,13,262,-6,11,19,256,-6
380,60,11,8,267,1,11,7,268,1
380,61,11,8,267,1,11,7,268,1
380,62,11,8,267,1,11,7,268,1
380,63,11,7,268,10,12,22,278,10
380,64,11,7,268,10,12,22,278,10
380,65,11,7,268,10,12,22,278,10
380,66,11,10,265,7,11,3,272,7
380,67,11,10,265,7,11,3,272,7
380,68,11,10,265,7,11,3,272,7
380,69,11,11,264,1,11,10,265,1
380,70,11,11,264,1,11,10,265,1
380,71,11,11,264,1,11,10,265,1
380,72,11,9,266,1,11,8,267,1
380,73,11,9,266,1,11,8,267,1
380,74,11,9,266,1,11,8,267,1
380,75,11,9,266,-2,11,11,264,-2
380,76,11,9,266,-2,11,11,264,-2
380,77,11,9,266,-2,11,11,264,-2
380,78,11,12,263,-5,11,17,258,-5
380,79,11,12,263,-5,11,17,258,-5
380,80,11,12,263,-5,11,17,258,-5
380,81,11,9,266,-6,11,15,260,-6
380,82,11,9,266,-6,11,15,260,-6
380,83,11,9,266,-6,11,15,260,-6
380,84,11,11,264,-4,11,15,260,-4
380,85,11,11,264,-4,11,15,260,-4
380,86,11,10,265,-4,11,14,261,-4
380,87,11,7,268,-10,11,17,258,-10
380,88,11,7,268,-10,11,17,258,-10
380,89,11,7,268,-10,11,17,258,-10
380,90,11,9,266,-3,11,12,263,-3
380,91,11,9,266,-3,11,12,263,-3
380,92,11,9,266,-3,11,12,263,-3
380,93,11,9,266,6,11,3,272,6
380,94,11,9,266,6,11,3,272,6
380,95,11,9,266,6,11,3,272,6
381,0,11,7,268,5,11,2,273,5
381,1,11,7,268,5,11,2,273,5
381,2,11,7,268,5,11,2,273,5
381,3,11,7,268,7,11,0,275,7
381,4,11,7,268,7,11,0,275,7
381,5,11,7,268,7,11,0,275,7
381,6,11,9,266,0,11,9,266,0
381,7,11,9,266,0,11,9,266,0
381,8,11,9,266,0,11,9,266,0
381,9,11,11,264,1,11,10,265,1
381,10,11,11,264,1,11,10,265,1
381,11,11,11,264,1,11,10,265,1
381,12,11,8,267,3,11,5,270,3
381,13,11,8,267,3,11,5,270,3
381,14,11,8,267,3,11,5,270,3
381,15,11,7,268,6,11,1,274,6
381,16,11,7,268,6,11,1,274,6
381,17,11,7,268,6,11,1,274,6
381,18,11,10,265,-8,11,18,257,-8
381,19,11,10,265,-8,11,18,257,-8
381,20,11,10,265,-8,11,18,257,-8
381,21,11,11,264,-1,11,12,263,-1
381,22,11,11,264,-1,11,12,263,-1
381,23,11,11,264,-1,11,12,263,-1
381,24,11,7,268,4,11,3,272,4
381,25,11,6,269,4,11,2,273,4
381,26,11,7,268,4,11,3,272,4
381,27,11,11,264,-2,11,13,262,-2
381,28,11,11,264,-2,11,13,262,-2
381,29,11,11,264,-2,11,13,262,-2
381,30,11,12,263,1,11,11,264,1
381,31,11,12,263,1,11,11,264,1
381,32,11,12,263,1,11,11,264,1
381,33,11,13,262,5,11,8,267,5
381,34,11,13,262,5,11,8,267,5
381,35,11,13,262,5,11,8,267,5
381,36,11,9,266,1,11,8,267,1
381,37,11,9,266,1,11,8,267,1
381,38,11,9,266,1,11,8,267,1
381,39,11,10,265,-8,11,18,257,-8
381,40,11,10,265,-8,11,18,257,-8
381,41,11,10,265,-8,11,18,257,-8
381,42,11,9,266,10,12,24,276,10
381,43,11,9,266,10,12,24,276,10
381,44,11,9,266,10,12,24,276,10
381,45,11,12,263,8,11,4,271,8
381,46,11,12,263,8,11,4,271,8
381,47,11,12,263,8,11,4,271,8
381,48,11,8,267,-9,11,17,258,-9
381,49,11,8,267,-9,11,17,258,-9
381,50,11,8,267,-9,11,17,258,-9
381,51,11,8,267,-2,11,10,265,-2
381,52,11,8,267,-2,11,10,265,-2
381,53,11,8,267,-2,11,10,265,-2
381,54,11,8,267,-6,11,14,261,-6
381,55,11,8,267,-6,11,14,261,-6
381,56,11,8,267,-6,11,14,261,-6
381,57,11,13,262,2,11,11,264,2
381,58,11,13,262,2,11,11,264,2
381,59,11,13,262,2,11,11,264,2
381,60,11,9,266,3,11,6,269,3
381,61,11,9,266,3,11,6,269,3
381,62,11,9,266,3,11,6,269,3
381,63,11,13,262,-4,11,17,258,-4
381,64,11,13,262,-4,11,17,258,-4
381,65,11,13,262,-4,11,17,258,-4
381,66,3,11,64,0,3,11,64,0
381,67,3,11,64,0,3,11,64,0
381,68,3,11,64,0,3,11,64,0
381,69,3,11,64,0,3,11,64,0
381,70,3,11,64,0,3,11,64,0
381,71,3,11,64,0,3,11,64,0
381,72,11,10,265,-9,11,19,256,-9
381,73,11,10,265,-9,11,19,256,-9
381,74,11,10,265,-9,11,19,256,-9
381,75,11,8,267,-9,11,17,258,-9
381,76,11,8,267,-9,11,17,258,-9
381,77,11,8,267,-9,11,17,258,-9
381,78,11,9,266,4,11,5,270,4
381,79,11,9,266,4,11,5,270,4
381,80,11,9,266,4,11,5,270,4
381,81,11,11,264,2,11,9,266,2
381,82,11,11,264,2,11,9,266,2
381,83,11,11,264,2,11,9,266,2
381,84,11,8,267,-2,11,10,265,-2
381,85,11,8,267,-2,11,10,265,-2
381,86,11,8,267,-2,11,10,265,-2
381,87,11,15,260,9,11,6,269,9
381,88,11,15,260,9,11,6,269,9
381,89,11,15,260,9,11,6,269,9
381,90,11,11,264,-3,11,14,261,-3
381,91,11,11,264,-3,11,14,261,-3
381,92,11,11,264,-3,11,14,261,-3
381,93,11,13,262,-4,11,17,258,-4
381,94,11,13,262,-4,11,17,258,-4
381,95,11,13,262,-4,11,17,258,-4
382,0,12,11,289,-2,12,13,287,-2
382,1,12,11,289,-2,12,13,287,-2
382,2,12,11,289,-2,12,13,287,-2
382,3,12,8,292,1,12,7,293,1
382,4,12,8,292,1,12,7,293,1
382,5,12,8,292,1,12,7,293,1
382,6,12,10,290,1,12,9,291,1
382,7,12,10,290,1,12,9,291,1
382,8,12,10,290,1,12,9,291,1
382,9,12,13,287,6,12,7,293,6
382,10,12,13,287,6,12,7,293,6
382,11,12,13,287,6,12,7,293,6
382,12,12,11,289,-3,12,14,286,-3
382,13,12,11,289,-3,12,14,286,-3
382,14,12,11,289,-3,12,14,286,-3
382,15,12,12,288,3,12,9,291,3
382,16,12,12,288,3,12,9,291,3
382,17,12,12,288,3,12,9,291,3
382,18,12,11,289,6,12,5,295,6
382,19,12,11,289,6,12,5,295,6
382,20,12,11,289,6,12,5,295,6
382,21,12,12,288,-5,12,17,283,-5
382,22,12,12,288,-5,12,17,283,-5
382,23,12,12,288,-5,12,17,283,-5
382,24,12,11,289,-8,12,19,281,-8
382,25,12,11,289,-8,12,19,281,-8
382,26,12,11,289,-8,12,19,281,-8
382,27,12,13,287,5,12,8,292,5
382,28,12,12,288,5,12,7,293,5
382,29,12,12,288,5,12,7,293,5
382,30,12,10,290,-8,12,18,282,-8
382,31,12,10,290,-8,12,18,282,-8
382,32,12,10,290,-8,12,18,282,-8
382,33,12,12,288,-9,12,21,279,-9
382,34,12,13,287,-9,12,22,278,-9
382,35,12,12,288,-9,12,21,279,-9
382,36,12,10,290,-7,12,17,283,-7
382,37,12,10,290,-7,12,17,283,-7
382,38,12,10,290,-7,12,17,283,-7
382,39,12,10,290,3,12,7,293,3
382,40,12,10,290,3,12,7,293,3
382,41,12,10,290,3,12,7,293,3
382,42,12,11,289,-7,12,18,282,-7
382,43,12,11,289,-7,12,18,282,-7
382,44,12,11,289,-7,12,18,282,-7
382,45,12,10,290,-8,12,18,282,-8
382,46,12,10,290,-8,12,18,282,-8
382,47,12,10,290,-8,12,18,282,-8
382,48,12,12,288,1,12,11,289,1
382,49,12,12,288,1,12,11,289,1
382,50,12,12,288,1,12,11,289,1
382,51,12,11,289,-5,12,16,284,-5
382,52,12,11,289,-5,12,16,284,-5
382,53,12,11,289,-5,12,16,284,-5
382,54,12,11,289,-6,12,17,283,-6
382,55,12,11,289,-6,12,17,283,-6
382,56,12,11,289,-6,12,17,283,-6
382,57,12,13,287,5,12,8,292,5
382,58,12,13,287,5,12,8,292,5
382,59,12,13,287,5,12,8,292,5
382,60,12,13,287,-9,12,22,278,-9
382,61,12,13,287,-9,12,22,278,-9
382,62,12,13,287,-9,12,22,278,-9
382,63,12,13,287,0,12,13,287,0
382,64,12,13,287,0,12,13,287,0
382,65,12,13,287,0,12,13,287,0
382,66,4,14,86,0,4,14,86,0
382,67,4,14,86,0,4,14,86,0
382,68,4,14,86,0,4,14,86,0
382,69,4,14,86,0,4,14,86,0
382,70,4,14,86,0,4,14,86,0
382,71,4,14,86,0,4,14,86,0
382,72,12,10,290,4,12,6,294,4
382,73,12,10,290,4,12,6,294,4
382,74,12,10,290,4,12,6,294,4
382,75,12,12,288,0,12,12,288,0
382,76,12,12,288,0,12,12,288,0
382,77,12,12,288,0,12,12,288,0
382,78,12,12,288,10,12,2,298,10
382,79,12,12,288,10,12,2,298,10
382,80,12,12,288,10,12,2,298,10
382,81,12,12,288,7,12,5,295,7
382,82,12,11,289,7,12,4,296,7
382,83,12,11,289,7,12,4,296,7
382,84,12,15,285,-4,12,19,281,-4
382,85,12,15,285,-4,12,19,281,-4
382,86,12,15,285,-4,12,19,281,-4
382,87,12,13,287,-5,12,18,282,-5
382,88,12,13,287,-5,12,18,282,-5
382,89,12,13,287,-5,12,18,282,-5
382,90,12,11,289,2,12,9,291,2
382,91,12,11,289,2,12,9,291,2
382,92,12,11,289,2,12,9,291,2
382,93,12,12,288,-3,12,15,285,-3
382,94,12,12,288,-3,12,15,285,-3
382,95,12,12,288,-3,12,15,285,-3
383,0,12,14,286,8,12,6,294,8
383,1,12,14,286,8,12,6,294,8
383,2,12,14,286,8,12,6,294,8
383,3,12,14,286,-2,12,16,284,-2
383,4,12,14,286,-2,12,16,284,-2
383,5,12,14,286,-2,12,16,284,-2
383,6,12,13,287,-9,12,22,278,-9
383,7,12,13,287,-9,12,22,278,-9
383,8,12,13,287,-9,12,22,278,-9
383,9,12,11,289,5,12,6,294,5
383,10,12,11,289,5,12,6,294,5
383,11,12,11,289,5,12,6,294,5
383,12,12,13,287,9,12,4,296,9
383,13,12,13,287,9,12,4,296,9
383,14,12,13,287,9,12,4,296,9
383,15,12,12,288,-9,12,21,279,-9
383,16,12,12,288,-9,12,21,279,-9
383,17,12,12,288,-9,12,21,279,-9
383,18,12,14,286,-1,12,15,285,-1
383,19,12,14,286,-1,12,15,285,-1
383,20,12,13,287,-1,12,14,286,-1
383,21,12,12,288,4,12,8,292,4
383,22,12,12,288,4,12,8,292,4
383,23,12,12,288,4,12,8,292,4
383,24,12,12,288,9,12,3,297,9
383,25,12,12,288,9,12,3,297,9
383,26,12,12,288,9,12,3,297,9
383,27,12,14,286,6,12,8,292,6
383,28,12,14,286,6,12,8,292,6
383,29,12,14,286,6,12,8,292,6
383,30,4,14,86,0,4,14,86,0
383,31,4,14,86,0,4,14,86,0
383,32,4,14,86,0,4,14,86,0
383,33,4,14,86,0,4,14,86,0
383,34,4,14,86,0,4,14,86,0
383,35,4,14,86,0,4,14,86,0
383,36,12,12,288,1,12,11,289,1
383,37,12,12,288,1,12,11,289,1
383,38,12,12,288,1,12,11,289,1
383,39,12,13,287,6,12,7,293,6
383,40,12,13,287,6,12,7,293,6
383,41,12,13,287,6,12,7,293,6
383,42,12,13,287,7,12,6,294,7
383,43,12,13,287,7,12,6,294,7
383,44,12,13,287,7,12,6,294,7
383,45,12,13,287,-7,12,20,280,-7
383,46,12,13,287,-7,12,20,280,-7
383,47,12,13,287,-7,12,20,280,-7
383,48,12,12,288,-3,12,15,285,-3
383,49,12,12,288,-3,12,15,285,-3
383,50,12,12,288,-3,12,15,285,-3
383,51,12,12,288,3,12,9,291,3
383,52,12,13,287,3,12,10,290,3
383,53,12,12,288,3,12,9,291,3
383,54,12,13,287,-6,12,19,281,-6
383,55,12,13,287,-6,12,19,281,-6
383,56,12,13,287,-6,12,19,281,-6
383,57,12,12,288,-3,12,15,285,-3
383,58,12,12,288,-3,12,15,285,-3
383,59,12,12,288,-3,12,15,285,-3
383,60,12,11,289,9,12,2,298,9
383,61,12,11,289,9,12,2,298,9
383,62,12,11,289,9,12,2,298,9
383,63,12,12,288,-3,12,15,285,-3
383,64,12,12,288,-3,12,15,285,-3
383,65,12,12,288,-3,12,15,285,-3
383,66,12,10,290,0,12,10,290,0
383,67,12,10,290,0,12,10,290,0
383,68,12,10,290,0,12,10,290,0
383,69,12,12,288,-7,12,19,281,-7
383,70,12,11,289,-7,12,18,282,-7
383,71,12,11,289,-7,12,18,282,-7
383,72,12,11,289,-6,12,17,283,-6
383,73,12,11,289,-6,12,17,283,-6
383,74,12,11,289,-6,12,17,283,-6
383,75,12,14,286,-5,12,19,281,-5
383,76,12,14,286,-5,12,19,281,-5
383,77,12,13,287,-5,12,18,282,-5
383,78,12,11,289,-1,12,12,288,-1
383,79,12,11,289,-1,12,12,288,-1
383,80,12,11,289,-1,12,12,288,-1
383,81,12,14,286,-6,12,20,280,-6
383,82,12,14,286,-6,12,20,280,-6
383,83,12,14,286,-6,12,20,280,-6
383,84,12,11,289,-9,12,20,280,-9
383,85,12,11,289,-9,12,20,280,-9
383,86,12,11,289,-9,12,20,280,-9
383,87,12,13,287,6,12,7,293,6
383,88,12,13,287,6,12,7,293,6
383,89,12,13,287,6,12,7,293,6
383,90,12,12,288,0,12,12,288,0
383,91,12,12,288,0,12,12,288,0
383,92,12,12,288,0,12,12,288,0
383,93,12,14,286,-7,12,21,279,-7
383,94,12,14,286,-7,12,21,279,-7
383,95,12,14,286,-7,12,21,279,-7
384,0,12,11,289,0,12,11,289,0
384,1,12,11,289,0,12,11,289,0
384,2,12,11,289,0,12,11,289,0
384,3,12,14,286,-3,12,17,283,-3
384,4,12,14,286,-3,12,17,283,-3
384,5,12,14,286,-3,12,17,283,-3
384,6,12,13,287,2,12,11,289,2
384,7,12,14,286,-1,12,15,285,-1
384,8,12,14,286,-1,12,15,285,-1
384,9,12,13,287,2,12,11,289,2
384,10,12,13,287,2,12,11,289,2
384,11,12,14,286,-1,12,15,285,-1
384,12,12,14,286,-5,12,19,281,-5
384,13,12,14,286,-5,12,19,281,-5
384,14,12,14,286,-5,12,19,281,-5
384,15,12,9,291,9,12,0,300,9
384,16,12,9,291,9,12,0,300,9
384,17,12,9,291,9,12,0,300,9
384,18,12,11,289,3,12,8,292,3
384,19,12,11,289,3,12,8,292,3
384,20,12,11,289,3,12,8,292,3
384,21,12,12,288,-5,12,17,283,-5
384,22,12,12,288,-5,12,17,283,-5
384,23,12,12,288,-5,12,17,283,-5
384,24,12,11,289,-10,12,21,279,-10
384,25,12,11,289,-10,12,21,279,-10
384,26,12,11,289,-10,12,21,279,-10
384,27,12,12,288,-2,12,14,286,-2
384,28,12,12,288,-2,12,14,286,-2
384,29,12,12,288,-2,12,14,286,-2
384,30,12,13,287,0,12,13,287,0
384,31,12,13,287,0,12,13,287,0
384,32,12,13,287,0,12,13,287,0
384,33,12,12,288,7,12,5,295,7
384,34,12,12,288,7,12,5,295,7
384,35,12,11,289,7,12,4,296,7
384,36,12,13,287,8,12,5,295,8
384,37,12,13,287,8,12,5,295,8
384,38,12,13,287,8,12,5,295,8
384,39,12,10,290,2,12,8,292,2
384,40,12,10,290,2,12,8,292,2
384,41,12,10,290,2,12,8,292,2
384,42,4,12,88,0,4,12,88,0
384,43,4,12,88,0,4,12,88,0
384,44,4,12,88,0,4,12,88,0
384,45,4,12,88,0,4,12,88,0
384,46,4,12,88,0,4,12,88,0
384,47,4,12,88,0,4,12,88,0
384,48,12,9,291,4,12,5,295,4
384,49,12,9,291,4,12,5,295,4
384,50,12,9,291,4,12,5,295,4
384,51,12,8,292,0,12,8,292,0
384,52,12,8,292,0,12,8,292,0
384,53,12,8,292,0,12,8,292,0
384,54,12,8,292,8,12,0,300,8
384,55,12,8,292,8,12,0,300,8
384,56,12,8,292,8,12,0,300,8
384,57,12,13,287,6,12,7,293,6
384,58,12,13,287,6,12,7,293,6
384,59,12,13,287,6,12,7,293,6
384,60,12,10,290,-2,12,12,288,-2
384,61,12,10,290,-2,12,12,288,-2
384,62,12,10,290,-2,12,12,288,-2
384,63,12,10,290,-7,12,17,283,-7
384,64,12,10,290,-7,12,17,283,-7
384,65,12,10,290,-7,12,17,283,-7
384,66,12,15,285,-3,12,18,282,-3
384,67,12,15,285,-3,12,18,282,-3
384,68,12,15,285,-3,12,18,282,-3
384,69,12,13,287,-3,12,16,284,-3
384,70,12,13,287,-3,12,16,284,-3
384,71,12,13,287,-3,12,16,284,-3
384,72,12,9,291,5,12,4,296,5
384,73,12,9,291,5,12,4,296,5
384,74,12,9,291,5,12,4,296,5
384,75,12,10,290,-6,12,16,284,-6
384,76,12,10,290,-6,12,16,284,-6
384,77,12,10,290,-6,12,16,284,-6
384,78,12,11,289,2,12,9,291,2
384,79,12,11,289,2,12,9,291,2
384,80,12,11,289,2,12,9,291,2
384,81,12,14,286,-7,12,21,279,-7
384,82,12,14,286,-7,12,21,279,-7
384,83,12,14,286,-7,12,21,279,-7
384,84,12,15,285,10,12,5,295,10
384,85,12,15,285,10,12,5,295,10
384,86,12,15,285,10,12,5,295,10
384,87,12,10,290,-1,12,11,289,-1
384,88,12,10,290,-1,12,11,289,-1
384,89,12,10,290,-1,12,11,289,-1
384,90,12,9,291,-1,12,10,290,-1
384,91,12,9,291,-1,12,10,290,-1
384,92,12,9,291,-1,12,10,290,-1
384,93,12,11,289,10,12,1,299,10
384,94,12,11,289,10,12,1,299,10
384,95,12,11,289,10,12,1,299,10
385,0,12,13,287,10,12,3,297,10
385,1,12,13,287,10,12,3,297,10
385,2,12,13,287,10,12,3,297,10
385,3,12,13,287,-2,12,15,285,-2
385,4,12,13,287,-2,12,15,285,-2
385,5,12,13,287,-2,12,15,285,-2
385,6,12,13,287,2,12,11,289,2
385,7,12,13,287,2,12,11,289,2
385,8,12,13,287,2,12,11,289,2
385,9,12,14,286,6,12,8,292,6
385,10,12,14,286,6,12,8,292,6
385,11,12,14,286,6,12,8,292,6
385,12,12,15,285,2,12,13,287,2
385,13,12,15,285,2,12,13,287,2
385,14,12,15,285,2,12,13,287,2
385,15,12,13,287,1,12,12,288,1
385,16,12,13,287,1,12,12,288,1
385,17,12,13,287,1,12,12,288,1
385,18,12,13,287,-1,12,14,286,-1
385,19,12,13,287,-1,12,14,286,-1
385,20,12,13,287,-1,12,14,286,-1
385,21,12,13,287,-8,12,21,279,-8
385,22,12,13,287,-8,12,21,279,-8
385,23,12,13,287,-8,12,21,279,-8
385,24,12,15,285,2,12,13,287,2
385,25,12,15,285,2,12,13,287,2
385,26,12,15,285,2,12,13,287,2
385,27,12,13,287,2,12,11,289,2
385,28,12,13,287,2,12,11,289,2
385,29,12,13,287,2,12,11,289,2
385,30,12,15,285,4,12,11,289,4
385,31,12,15,285,4,12,11,289,4
385,32,12,15,285,4,12,11,289,4
385,33,12,15,285,-9,12,24,276,-9
385,34,12,15,285,-9,12,24,276,-9
385,35,12,15,285,-9,12,24,276,-9
385,36,12,14,286,-3,12,17,283,-3
385,37,12,14,286,-3,12,17,283,-3
385,38,12,14,286,-3,12,17,283,-3
385,39,12,16,284,3,12,13,287,3
385,40,12,16,284,3,12,13,287,3
385,41,12,16,284,3,12,13,287,3
385,42,4,15,85,0,4,15,85,0
385,43,4,15,85,0,4,15,85,0
385,44,4,15,85,0,4,15,85,0
385,45,4,15,85,0,4,15,85,0
385,46,4,15,85,0,4,15,85,0
385,47,4,15,85,0,4,15,85,0
385,48,12,12,288,-1,12,13,287,-1
385,49,12,12,288,-1,12,13,287,-1
385,50,12,12,288,-1,12,13,287,-1
385,51,12,13,287,-4,12,17,283,-4
385,52,12,13,287,-4,12,17,283,-4
385,53,12,13,287,-4,12,17,283,-4
385,54,12,14,286,-8,12,22,278,-8
385,55,12,14,286,-8,12,22,278,-8
385,56,12,14,286,-8,12,22,278,-8
385,57,12,15,285,2,12,13,287,2
385,58,12,15,285,2,12,13,287,2
385,59,12,15,285,2,12,13,287,2
385,60,12,13,287,5,12,8,292,5
385,61,12,13,287,5,12,8,292,5
385,62,12,13,287,5,12,8,292,5
385,63,12,15,285,1,12,14,286,1
385,64,12,15,285,1,12,14,286,1
385,65,12,15,285,1,12,14,286,1
385,66,12,12,288,8,12,4,296,8
385,67,12,12,288,8,12,4,296,8
385,68,12,12,288,8,12,4,296,8
385,69,12,14,286,-10,12,24,276,-10
385,70,12,14,286,-10,12,24,276,-10
385,71,12,13,287,-10,12,23,277,-10
385,72,12,12,288,-2,12,14,286,-2
385,73,12,12,288,-2,12,14,286,-2
385,74,12,12,288,-2,12,14,286,-2
385,75,12,12,288,-10,12,22,278,-10
385,76,12,12,288,-10,12,22,278,-10
385,77,12,12,288,-10,12,22,278,-10
385,78,12,13,287,1,12,12,288,1
385,79,12,13,287,1,12,12,288,1
385,80,12,13,287,1,12,12,288,1
385,81,12,12,288,-4,12,16,284,-4
385,82,12,12,288,-4,12,16,284,-4
385,83,12,12,288,-4,12,16,284,-4
385,84,12,14,286,-8,12,22,278,-8
385,85,12,14,286,-8,12,22,278,-8
385,86,12,14,286,-8,12,22,278,-8
385,87,12,14,286,-4,12,18,282,-4
385,88,12,14,286,-4,12,18,282,-4
385,89,12,14,286,-4,12,18,282,-4
385,90,12,14,286,9,12,5,295,9
385,91,12,14,286,9,12,5,295,9
385,92,12,14,286,9,12,5,295,9
385,93,12,16,284,3,12,13,287,3
385,94,12,16,284,3,12,13,287,3
385,95,4,19,81,0,4,19,81,0
386,0,12,15,285,-9,12,24,276,-9
386,1,12,16,284,-9,11,0,275,-9
386,2,12,10,290,4,12,6,294,4
386,3,12,10,290,4,12,6,294,4
386,4,12,13,287,-8,12,21,279,-8
386,5,12,13,287,-8,12,21,279,-8
386,6,12,11,289,2,12,9,291,2
386,7,12,11,289,2,12,9,291,2
386,8,12,16,284,8,12,8,292,8
386,9,12,16,284,8,12,8,292,8
386,10,12,14,286,-7,12,21,279,-7
386,11,12,14,286,-7,12,21,279,-7
386,12,12,12,288,6,12,6,294,6
386,13,12,12,288,6,12,6,294,6
386,14,12,14,286,-8,12,22,278,-8
386,15,12,14,286,-8,12,22,278,-8
386,16,12,13,287,-2,12,15,285,-2
386,17,12,13,287,-2,12,15,285,-2
386,18,12,12,288,6,12,6,294,6
386,19,12,12,288,6,12,6,294,6
386,20,12,14,286,2,12,12,288,2
386,21,12,14,286,2,12,12,288,2
386,22,12,14,286,0,12,14,286,0
386,23,12,14,286,0,12,14,286,0
386,24,12,15,285,5,12,10,290,5
386,25,12,15,285,5,12,10,290,5
386,26,12,11,289,-1,12,12,288,-1
386,27,12,11,289,-1,12,12,288,-1
386,28,12,14,286,8,12,6,294,8
386,29,12,14,286,8,12,6,294,8
386,30,12,12,288,1,12,11,289,1
386,31,12,12,288,1,12,11,289,1
386,32,12,14,286,-2,12,16,284,-2
386,33,12,14,286,-2,12,16,284,-2
386,34,12,15,285,-5,12,20,280,-5
386,35,12,15,285,-5,12,20,280,-5
386,36,12,14,286,-10,12,24,276,-10
386,37,12,14,286,-10,12,24,276,-10
386,38,12,15,285,-3,12,18,282,-3
386,39,12,15,285,-3,12,18,282,-3
386,40,12,10,290,-6,12,16,284,-6
386,41,12,10,290,-6,12,16,284,-6
386,42,12,10,290,-8,12,18,282,-8
386,43,12,10,290,-8,12,18,282,-8
386,44,12,15,285,-8,12,23,277,-8
386,45,12,15,285,-8,12,23,277,-8
386,46,12,16,284,1,12,15,285,1
386,47,12,16,284,1,12,15,285,1
386,48,12,16,284,4,12,12,288,4
386,49,12,16,284,4,12,12,288,4
386,50,12,14,286,7,12,7,293,7
386,51,12,13,287,7,12,6,294,7
386,52,12,16,284,-3,12,19,281,-3
386,53,12,16,284,-3,12,19,281,-3
386,54,12,14,286,-4,12,18,282,-4
386,55,12,14,286,-4,12,18,282,-4
386,56,12,14,286,10,12,4,296,10
386,57,12,15,285,10,12,5,295,10
386,58,12,16,284,-6,12,22,278,-6
386,59,12,16,284,-6,12,22,278,-6
386,60,12,17,283,-1,12,18,282,-1
386,61,12,17,283,-1,12,18,282,-1
386,62,12,15,285,-10,11,0,275,-10
386,63,12,15,285,-10,11,0,275,-10
386,64,12,13,287,2,12,11,289,2
386,65,12,13,287,2,12,11,289,2
386,66,12,14,286,3,12,11,289,3
386,67,12,14,286,3,12,11,289,3
386,68,12,17,283,0,12,17,283,0
386,69,12,17,283,0,12,17,283,0
386,70,12,18,282,9,12,9,291,9
386,71,12,18,282,9,12,9,291,9
386,72,12,14,286,-8,12,22,278,-8
386,73,12,14,286,-8,12,22,278,-8
386,74,12,15,285,0,12,15,285,0
386,75,12,15,285,0,12,15,285,0
386,76,12,15,285,8,12,7,293,8
386,77,12,15,285,8,12,7,293,8
386,78,12,13,287,8,12,5,295,8
386,79,12,13,287,8,12,5,295,8
386,80,12,16,284,-9,11,0,275,-9
386,81,12,16,284,-9,11,0,275,-9
386,82,12,15,285,10,12,5,295,10
386,83,12,15,285,10,12,5,295,10
386,84,12,14,286,10,12,4,296,10
386,85,12,14,286,10,12,4,296,10
386,86,12,14,286,-10,12,24,276,-10
386,87,12,14,286,-10,12,24,276,-10
386,88,12,14,286,-10,12,24,276,-10
386,89,12,14,286,-10,12,24,276,-10
386,90,12,13,287,-3,12,16,284,-3
386,91,12,13,287,-3,12,16,284,-3
386,92,12,16,284,-1,12,17,283,-1
386,93,12,16,284,-1,12,17,283,-1
386,94,12,16,284,-7,12,23,277,-7
386,95,12,16,284,-7,12,23,277,-7
387,0,11,15,260,-2,11,17,258,-2
387,1,11,15,260,-2,11,17,258,-2
387,2,11,13,262,0,11,13,262,0
387,3,11,13,262,0,11,13,262,0
387,4,11,12,263,2,11,10,265,2
387,5,11,12,263,2,11,10,265,2
387,6,11,11,264,-4,11,15,260,-4
387,7,11,11,264,-4,11,15,260,-4
387,8,11,16,259,-1,11,17,258,-1
387,9,11,16,259,-1,11,17,258,-1
387,10,11,13,262,-3,11,16,259,-3
387,11,11,12,263,-3,11,15,260,-3
387,12,11,14,261,10,11,4,271,10
387,13,11,14,261,10,11,4,271,10
387,14,11,13,262,10,11,3,272,10
387,15,11,13,262,10,11,3,272,10
387,16,11,14,261,-9,11,23,252,-9
387,17,11,14,261,-9,11,23,252,-9
387,18,11,12,263,4,11,8,267,4
387,19,11,12,263,4,11,8,267,4
387,20,11,17,258,-9,10,1,249,-9
387,21,11,17,258,-9,10,1,249,-9
387,22,11,14,261,2,11,12,263,2
387,23,11,14,261,2,11,12,263,2
387,24,11,15,260,1,11,14,261,1
387,25,11,15,260,1,11,14,261,1
387,26,11,13,262,9,11,4,271,9
387,27,11,13,262,9,11,4,271,9
387,28,11,15,260,-9,11,24,251,-9
387,29,11,15,260,-9,11,24,251,-9
387,30,11,11,264,-10,11,21,254,-10
387,31,11,11,264,-10,11,21,254,-10
387,32,11,17,258,-4,11,21,254,-4
387,33,11,17,258,-4,11,21,254,-4
387,34,11,18,257,-7,10,0,250,-7
387,35,11,18,257,-7,10,0,250,-7
387,36,11,16,259,-9,10,0,250,-9
387,37,11,16,259,-9,10,0,250,-9
387,38,11,15,260,7,11,8,267,7
387,39,11,15,260,7,11,8,267,7
387,40,11,14,261,-7,11,21,254,-7
387,41,11,14,261,-7,11,21,254,-7
387,42,11,14,261,7,11,7,268,7
387,43,11,14,261,7,11,7,268,7
387,44,11,20,255,9,11,11,264,9
387,45,11,20,255,9,11,11,264,9
387,46,11,18,257,-5,11,23,252,-5
387,47,11,18,257,-5,11,23,252,-5
387,48,11,18,257,2,11,16,259,2
387,49,11,18,257,2,11,16,259,2
387,50,11,14,261,-5,11,19,256,-5
387,51,11,14,261,-5,11,19,256,-5
387,52,11,14,261,3,11,11,264,3
387,53,11,14,261,3,11,11,264,3
387,54,11,13,262,-10,11,23,252,-10
387,55,11,13,262,-10,11,23,252,-10
387,56,11,17,258,9,11,8,267,9
387,57,11,17,258,9,11,8,267,9
387,58,11,17,258,9,11,8,267,9
387,59,11,17,258,9,11,8,267,9
387,60,11,14,261,-8,11,22,253,-8
387,61,11,14,261,-8,11,22,253,-8
387,62,11,14,261,4,11,10,265,4
387,63,11,14,261,4,11,10,265,4
387,64,11,14,261,2,11,12,263,2
387,65,11,14,261,2,11,12,263,2
387,66,11,12,263,-8,11,20,255,-8
387,67,11,12,263,-8,11,20,255,-8
387,68,11,15,260,-3,11,18,257,-3
387,69,11,15,260,-3,11,18,257,-3
387,70,11,16,259,9,11,7,268,9
387,71,11,16,259,9,11,7,268,9
387,72,11,15,260,0,11,15,260,0
387,73,11,15,260,0,11,15,260,0
387,74,11,12,263,-7,11,19,256,-7
387,75,11,12,263,-7,11,19,256,-7
387,76,11,12,263,-6,11,18,257,-6
387,77,11,12,263,-6,11,18,257,-6
387,78,11,14,261,1,11,13,262,1
387,79,11,14,261,1,11,13,262,1
387,80,11,15,260,-4,11,19,256,-4
387,81,11,15,260,-4,11,19,256,-4
387,82,11,16,259,-2,11,18,257,-2
387,83,11,15,260,-2,11,17,258,-2
387,84,11,15,260,9,11,6,269,9
387,85,11,15,260,9,11,6,269,9
387,86,11,14,261,8,11,6,269,8
387,87,11,14,261,8,11,6,269,8
387,88,11,13,262,5,11,8,267,5
387,89,11,13,262,5,11,8,267,5
387,90,11,14,261,8,11,6,269,8
387,91,11,14,261,8,11,6,269,8
387,92,11,15,260,7,11,8,267,7
387,93,11,15,260,7,11,8,267,7
387,94,11,16,259,2,11,14,261,2
387,95,11,16,259,2,11,14,261,2
389,0,10,12,238,1,10,11,239,1
389,1,10,12,238,1,10,11,239,1
389,2,10,11,239,-10,10,21,229,-10
389,3,10,11,239,-10,10,21,229,-10
389,4,10,11,239,8,10,3,247,8
389,5,10,11,239,8,10,3,247,8
389,6,10,9,241,-4,10,13,237,-4
389,7,10,9,241,-4,10,13,237,-4
389,8,10,12,238,1,10,11,239,1
389,9,10,12,238,1,10,11,239,1
389,10,10,14,236,-6,10,20,230,-6
389,11,10,14,236,-6,10,20,230,-6
389,12,10,14,236,7,10,7,243,7
389,13,10,14,236,7,10,7,243,7
389,14,10,11,239,3,10,8,242,3
389,15,10,11,239,3,10,8,242,3
389,16,10,11,239,6,10,5,245,6
389,17,10,11,239,6,10,5,245,6
389,18,10,9,241,-9,10,18,232,-9
389,19,10,9,241,-9,10,18,232,-9
389,20,10,12,238,-2,10,14,236,-2
389,21,10,12,238,-2,10,14,236,-2
389,22,10,14,236,5,10,9,241,5
389,23,10,14,236,5,10,9,241,5
389,24,10,12,238,-5,10,17,233,-5
389,25,10,12,238,-5,10,17,233,-5
389,26,10,12,238,-7,10,19,231,-7
389,27,10,12,238,-7,10,19,231,-7
389,28,10,12,238,-1,10,13,237,-1
389,29,10,12,238,-1,10,13,237,-1
389,30,10,9,241,3,10,6,244,3
389,31,10,9,241,3,10,6,244,3
389,32,10,14,236,-10,10,24,226,-10
389,33,10,14,236,-10,10,24,226,-10
389,34,10,15,235,-10,9,0,225,-10
389,35,10,15,235,-10,9,0,225,-10
389,36,3,11,64,0,3,11,64,0
389,37,3,11,64,0,3,11,64,0
389,38,3,11,64,0,3,11,64,0
389,39,3,11,64,0,3,11,64,0
389,40,3,11,64,0,3,11,64,0
389,41,3,11,64,0,3,11,64,0
389,42,3,11,64,0,3,11,64,0
389,43,3,11,64,0,3,11,64,0
389,44,3,11,64,0,3,11,64,0
389,45,3,11,64,0,3,11,64,0
389,46,3,11,64,0,3,11,64,0
389,47,3,11,64,0,3,11,64,0
389,48,10,14,236,6,10,8,242,6
389,49,10,14,236,6,10,8,242,6
389,50,10,10,240,9,10,1,249,9
389,51,10,10,240,9,10,1,249,9
389,52,10,8,242,10,11,23,252,10
389,53,10,8,242,10,11,23,252,10
389,54,10,10,240,-8,10,18,232,-8
389,55,10,10,240,-8,10,18,232,-8
389,56,10,15,235,10,10,5,245,10
389,57,10,15,235,10,10,5,245,10
389,58,10,12,238,3,10,9,241,3
389,59,10,12,238,3,10,9,241,3
389,60,10,10,240,10,10,0,250,10
389,61,10,10,240,10,10,0,250,10
389,62,10,11,239,10,10,1,249,10
389,63,10,11,239,10,10,1,249,10
389,64,10,10,240,7,10,3,247,7
389,65,10,10,240,7,10,3,247,7
389,66,10,8,242,-1,10,9,241,-1
389,67,10,8,242,-1,10,9,241,-1
389,68,10,15,235,7,10,8,242,7
389,69,10,15,235,7,10,8,242,7
389,70,10,13,237,-2,10,15,235,-2
389,71,10,13,237,-2,10,15,235,-2
389,72,10,13,237,-7,10,20,230,-7
389,73,10,13,237,-7,10,20,230,-7
389,74,10,11,239,-5,10,16,234,-5
389,75,10,11,239,-5,10,16,234,-5
389,76,10,11,239,6,10,5,245,6
389,77,10,11,239,6,10,5,245,6
389,78,10,10,240,-2,10,12,238,-2
389,79,10,10,240,-2,10,12,238,-2
389,80,10,12,238,6,10,6,244,6
389,81,10,12,238,6,10,6,244,6
389,82,10,13,237,6,10,7,243,6
389,83,10,13,237,6,10,7,243,6
389,84,10,11,239,-5,10,16,234,-5
389,85,10,11,239,-5,10,16,234,-5
389,86,10,12,238,6,10,6,244,6
389,87,10,12,238,6,10,6,244,6
389,88,10,11,239,-9,10,20,230,-9
389,89,10,11,239,-9,10,20,230,-9
389,90,10,8,242,-6,10,14,236,-6
389,91,10,8,242,-6,10,14,236,-6
389,92,10,17,233,8,10,9,241,8
389,93,10,17,233,8,10,9,241,8
389,94,10,14,236,5,10,9,241,5
389,95,10,14,236,5,10,9,241,5
390,0,10,10,240,-4,10,14,236,-4
390,1,10,10,240,-4,10,14,236,-4
390,2,10,9,241,-5,10,14,236,-5
390,3,10,9,241,-5,10,14,236,-5
390,4,10,9,241,-3,10,12,238,-3
390,5,10,9,241,-3,10,12,238,-3
390,6,10,7,243,4,10,3,247,4
390,7,10,7,243,4,10,3,247,4
390,8,10,11,239,1,10,10,240,1
390,9,10,11,239,1,10,10,240,1
390,10,10,13,237,-4,10,17,233,-4
390,11,10,13,237,-4,10,17,233,-4
390,12,10,12,238,6,10,6,244,6
390,13,10,12,238,6,10,6,244,6
390,14,10,10,240,-10,10,20,230,-10
390,15,10,9,241,-10,10,19,231,-10
390,16,10,11,239,-1,10,12,238,-1
390,17,10,12,238,-1,10,13,237,-1
390,18,10,8,242,7,10,1,249,7
390,19,10,7,243,7,10,0,250,7
390,20,10,14,236,6,10,8,242,6
390,21,10,14,236,6,10,8,242,6
390,22,10,13,237,10,10,3,247,10
390,23,10,13,237,10,10,3,247,10
390,24,10,11,239,-10,10,21,229,-10
390,25,10,11,239,-10,10,21,229,-10
390,26,10,14,236,-4,10,18,232,-4
390,27,10,14,236,-4,10,18,232,-4
390,28,10,13,237,0,10,13,237,0
390,29,10,13,237,0,10,13,237,0
390,30,10,11,239,-4,10,15,235,-4
390,31,10,11,239,-4,10,15,235,-4
390,32,10,14,236,2,10,12,238,2
390,33,10,14,236,2,10,12,238,2
390,34,10,13,237,1,10,12,238,1
390,35,10,13,237,1,10,12,238,1
390,36,3,11,64,0,3,11,64,0
390,37,3,11,64,0,3,11,64,0
390,38,3,11,64,0,3,11,64,0
390,39,3,11,64,0,3,11,64,0
390,40,3,11,64,0,3,11,64,0
390,41,3,11,64,0,3,11,64,0
390,42,3,11,64,0,3,11,64,0
390,43,3,11,64,0,3,11,64,0
390,44,3,11,64,0,3,11,64,0
390,45,3,11,64,0,3,11,64,0
390,46,3,11,64,0,3,11,64,0
390,47,3,11,64,0,3,11,64,0
390,48,10,16,234,5,10,11,239,5
390,49,10,16,234,5,10,11,239,5
390,50,10,14,236,-2,10,16,234,-2
390,51,10,14,236,-2,10,16,234,-2
390,52,10,13,237,-3,10,16,234,-3
390,53,10,13,237,-3,10,16,234,-3
390,54,10,13,237,-10,10,23,227,-10
390,55,10,13,237,-10,10,23,227,-10
390,56,10,16,234,0,10,16,234,0
390,57,10,16,234,0,10,16,234,0
390,58,10,17,233,-2,10,19,231,-2
390,59,10,17,233,-2,10,19,231,-2
390,60,10,16,234,-7,10,23,227,-7
390,61,10,16,234,-7,10,23,227,-7
390,62,10,13,237,7,10,6,244,7
390,63,10,13,237,7,10,6,244,7
390,64,10,13,237,1,10,12,238,1
390,65,10,13,237,1,10,12,238,1
390,66,10,13,237,-3,10,16,234,-3
390,67,10,13,237,-3,10,16,234,-3
390,68,10,15,235,-6,10,21,229,-6
390,69,10,15,235,-6,10,21,229,-6
390,70,10,16,234,6,10,10,240,6
390,71,10,16,234,6,10,10,240,6
390,72,10,14,236,3,10,11,239,3
390,73,10,14,236,3,10,11,239,3
390,74,10,12,238,-9,10,21,229,-9
390,75,10,12,238,-9,10,21,229,-9
390,76,10,10,240,-9,10,19,231,-9
390,77,10,10,240,-9,10,19,231,-9
390,78,10,11,239,-10,10,21,229,-10
390,79,10,11,239,-10,10,21,229,-10
390,80,10,16,234,8,10,8,242,8
390,81,10,16,234,8,10,8,242,8
390,82,10,13,237,-1,10,14,236,-1
390,83,10,13,237,-1,10,14,236,-1
390,84,10,15,235,3,10,12,238,3
390,85,10,15,235,3,10,12,238,3
390,86,10,12,238,7,10,5,245,7
390,87,10,12,238,7,10,5,245,7
390,88,10,13,237,-1,10,14,236,-1
390,89,10,13,237,-1,10,14,236,-1
390,90,10,13,237,0,10,13,237,0
390,91,10,13,237,0,10,13,237,0
390,92,10,15,235,-1,10,16,234,-1
390,93,10,15,235,-1,10,16,234,-1
390,94,10,14,236,7,10,7,243,7
390,95,10,14,236,7,10,7,243,7
391,0,11,15,260,3,11,12,263,3
391,1,11,15,260,3,11,12,263,3
391,2,11,12,263,-7,11,19,256,-7
391,3,11,12,263,-7,11,19,256,-7
391,4,11,11,264,-5,11,16,259,-5
391,5,11,11,264,-5,11,16,259,-5
391,6,11,8,267,-2,11,10,265,-2
391,7,11,8,267,-2,11,10,265,-2
391,8,11,14,261,6,11,8,267,6
391,9,11,14,261,6,11,8,267,6
391,10,11,14,261,-9,11,23,252,-9
391,11,11,14,261,-9,11,23,252,-9
391,12,11,13,262,-3,11,16,259,-3
391,13,11,13,262,-3,11,16,259,-3
391,14,11,14,261,3,11,11,264,3
391,15,11,13,262,3,11,10,265,3
391,16,11,11,264,9,11,2,273,9
391,17,11,11,264,9,11,2,273,9
391,18,11,14,261,-2,11,16,259,-2
391,19,11,13,262,-2,11,15,260,-2
391,20,11,16,259,-3,11,19,256,-3
391,21,11,17,258,-3,11,20,255,-3
391,22,11,16,259,-9,10,0,250,-9
391,23,11,16,259,-9,10,0,250,-9
391,24,11,15,260,-7,11,22,253,-7
391,25,11,15,260,-7,11,22,253,-7
391,26,11,14,261,-4,11,18,257,-4
391,27,11,14,261,-4,11,18,257,-4
391,28,11,15,260,1,11,14,261,1
391,29,11,15,260,1,11,14,261,1
391,30,11,12,263,9,11,3,272,9
391,31,11,12,263,9,11,3,272,9
391,32,11,17,258,-10,10,2,248,-10
391,33,11,17,258,-10,10,2,248,-10
391,34,11,15,260,-1,11,16,259,-1
391,35,11,15,260,-1,11,16,259,-1
391,36,11,15,260,8,11,7,268,8
391,37,11,15,260,8,11,7,268,8
391,38,11,14,261,-10,11,24,251,-10
391,39,11,14,261,-10,11,24,251,-10
391,40,11,12,263,-2,11,14,261,-2
391,41,11,12,263,-2,11,14,261,-2
391,42,11,11,264,-8,11,19,256,-8
391,43,11,11,264,-8,11,19,256,-8
391,44,11,17,258,-6,11,23,252,-6
391,45,11,17,258,-6,11,23,252,-6
391,46,11,18,257,8,11,10,265,8
391,47,11,18,257,8,11,10,265,8
391,48,11,16,259,-2,11,18,257,-2
391,49,11,16,259,-2,11,18,257,-2
391,50,11,14,261,-10,11,24,251,-10
391,51,11,15,260,-10,10,0,250,-10
391,52,11,15,260,-9,11,24,251,-9
391,53,11,15,260,-9,11,24,251,-9
391,54,11,15,260,3,11,12,263,3
391,55,11,15,260,3,11,12,263,3
391,56,11,18,257,-8,10,1,249,-8
391,57,11,18,257,-8,10,1,249,-8
391,58,11,17,258,-6,11,23,252,-6
391,59,11,17,258,-6,11,23,252,-6
391,60,11,15,260,-7,11,22,253,-7
391,61,11,15,260,-7,11,22,253,-7
391,62,11,14,261,2,11,12,263,2
391,63,11,14,261,2,11,12,263,2
391,64,11,13,262,10,11,3,272,10
391,65,11,13,262,10,11,3,272,10
391,66,11,13,262,-8,11,21,254,-8
391,67,11,13,262,-8,11,21,254,-8
391,68,11,17,258,-9,10,1,249,-9
391,69,11,17,258,-9,10,1,249,-9
391,70,11,17,258,-6,11,23,252,-6
391,71,11,18,257,-6,11,24,251,-6
391,72,11,16,259,10,11,6,269,10
391,73,11,16,259,10,11,6,269,10
391,74,11,14,261,0,11,14,261,0
391,75,11,14,261,0,11,14,261,0
391,76,11,14,261,8,11,6,269,8
391,77,11,14,261,8,11,6,269,8
391,78,11,13,262,-7,11,20,255,-7
391,79,11,13,262,-7,11,20,255,-7
391,80,11,16,259,-10,10,1,249,-10
391,81,11,16,259,-10,10,1,249,-10
391,82,11,17,258,-6,11,23,252,-6
391,83,11,17,258,-6,11,23,252,-6
391,84,11,14,261,2,11,12,263,2
391,85,11,14,261,2,11,12,263,2
391,86,11,16,259,6,11,10,265,6
391,87,11,16,259,6,11,10,265,6
391,88,11,13,262,9,11,4,271,9
391,89,11,13,262,9,11,4,271,9
391,90,11,14,261,-5,11,19,256,-5
391,91,11,14,261,-5,11,19,256,-5
391,92,11,17,258,-6,11,23,252,-6
391,93,11,17,258,-6,11,23,252,-6
391,94,11,18,257,-7,10,0,250,-7
391,95,11,18,257,-7,10,0,250,-7
392,0,11,15,260,-10,10,0,250,-10
392,1,11,15,260,-10,10,0,250,-10
392,2,11,10,265,-10,11,20,255,-10
392,3,11,10,265,-10,11,20,255,-10
392,4,11,11,264,-7,11,18,257,-7
392,5,11,11,264,-7,11,18,257,-7
392,6,11,12,263,-8,11,20,255,-8
392,7,11,12,263,-8,11,20,255,-8
392,8,11,14,261,1,11,13,262,1
392,9,11,14,261,1,11,13,262,1
392,10,11,13,262,-4,11,17,258,-4
392,11,11,13,262,-4,11,17,258,-4
392,12,11,14,261,4,11,10,265,4
392,13,11,14,261,4,11,10,265,4
392,14,11,11,264,-9,11,20,255,-9
392,15,11,11,264,-9,11,20,255,-9
392,16,11,14,261,1,11,13,262,1
392,17,11,14,261,1,11,13,262,1
392,18,11,11,264,10,11,1,274,10
392,19,11,11,264,10,11,1,274,10
392,20,11,16,259,5,11,11,264,5
392,21,11,16,259,5,11,11,264,5
392,22,11,14,261,9,11,5,270,9
392,23,11,14,261,9,11,5,270,9
392,24,11,15,260,-1,11,16,259,-1
392,25,11,15,260,-1,11,16,259,-1
392,26,11,14,261,8,11,6,269,8
392,27,11,14,261,8,11,6,269,8
392,28,11,14,261,-5,11,19,256,-5
392,29,11,14,261,-5,11,19,256,-5
392,30,11,11,264,4,11,7,268,4
392,31,11,11,264,4,11,7,268,4
392,32,11,14,261,-2,11,16,259,-2
392,33,11,14,261,-2,11,16,259,-2
392,34,11,13,262,-9,11,22,253,-9
392,35,11,13,262,-9,11,22,253,-9
392,36,4,11,89,0,4,11,89,0
392,37,4,11,89,0,4,11,89,0
392,38,4,11,89,0,4,11,89,0
392,39,4,11,89,0,4,11,89,0
392,40,4,11,89,0,4,11,89,0
392,41,4,11,89,0,4,11,89,0
392,42,4,11,89,0,4,11,89,0
392,43,4,11,89,0,4,11,89,0
392,44,4,11,89,0,4,11,89,0
392,45,4,11,89,0,4,11,89,0
392,46,4,11,89,0,4,11,89,0
392,47,4,11,89,0,4,11,89,0
392,48,11,16,259,-9,10,0,250,-9
392,49,11,16,259,-9,10,0,250,-9
392,50,11,12,263,-8,11,20,255,-8
392,51,11,12,263,-8,11,20,255,-8
392,52,11,13,262,5,11,8,267,5
392,53,11,13,262,5,11,8,267,5
392,54,11,11,264,-10,11,21,254,-10
392,55,11,11,264,-10,11,21,254,-10
392,56,11,17,258,3,11,14,261,3
392,57,11,17,258,3,11,14,261,3
392,58,11,15,260,-9,11,24,251,-9
392,59,11,15,260,-9,11,24,251,-9
392,60,11,14,261,-2,11,16,259,-2
392,61,11,14,261,-2,11,16,259,-2
392,62,11,14,261,8,11,6,269,8
392,63,11,15,260,8,11,7,268,8
392,64,11,12,263,9,11,3,272,9
392,65,11,12,263,9,11,3,272,9
392,66,11,11,264,-1,11,12,263,-1
392,67,11,11,264,-1,11,12,263,-1
392,68,11,15,260,-1,11,16,259,-1
392,69,11,15,260,-1,11,16,259,-1
392,70,11,15,260,0,11,15,260,0
392,71,11,15,260,0,11,15,260,0
392,72,11,15,260,8,11,7,268,8
392,73,11,15,260,8,11,7,268,8
392,74,11,11,264,-10,11,21,254,-10
392,75,11,11,264,-10,11,21,254,-10
392,76,11,12,263,10,11,2,273,10
392,77,11,12,263,10,11,2,273,10
392,78,11,12,263,-2,11,14,261,-2
392,79,11,12,263,-2,11,14,261,-2
392,80,11,15,260,-10,10,0,250,-10
392,81,11,15,260,-10,10,0,250,-10
392,82,11,15,260,7,11,8,267,7
392,83,11,15,260,7,11,8,267,7
392,84,11,16,259,6,11,10,265,6
392,85,11,16,259,6,11,10,265,6
392,86,11,14,261,3,11,11,264,3
392,87,11,14,261,3,11,11,264,3
392,88,11,14,261,7,11,7,268,7
392,89,11,14,261,7,11,7,268,7
392,90,11,11,264,5,11,6,269,5
392,91,11,11,264,5,11,6,269,5
392,92,11,13,262,-2,11,15,260,-2
392,93,11,13,262,-2,11,15,260,-2
392,94,11,14,261,5,11,9,266,5
392,95,11,14,261,5,11,9,266,5
393,0,12,13,287,2,12,11,289,2
393,1,12,13,287,2,12,11,289,2
393,2,12,10,290,3,12,7,293,3
393,3,12,10,290,3,12,7,293,3
393,4,12,12,288,2,12,10,290,2
393,5,12,12,288,2,12,10,290,2
393,6,12,10,290,-2,12,12,288,-2
393,7,12,10,290,-2,12,12,288,-2
393,8,12,15,285,8,12,7,293,8
393,9,12,15,285,8,12,7,293,8
393,10,12,12,288,0,12,12,288,0
393,11,12,12,288,0,12,12,288,0
393,12,12,15,285,1,12,14,286,1
393,13,12,15,285,1,12,14,286,1
393,14,12,14,286,10,12,4,296,10
393,15,12,14,286,10,12,4,296,10
393,16,12,13,287,-2,12,15,285,-2
393,17,12,13,287,-2,12,15,285,-2
393,18,12,9,291,-10,12,19,281,-10
393,19,12,9,291,-10,12,19,281,-10
393,20,12,15,285,-6,12,21,279,-6
393,21,12,15,285,-6,12,21,279,-6
393,22,12,16,284,6,12,10,290,6
393,23,12,16,284,6,12,10,290,6
393,24,12,15,285,-7,12,22,278,-7
393,25,12,15,285,-7,12,22,278,-7
393,26,12,15,285,-3,12,18,282,-3
393,27,12,15,285,-3,12,18,282,-3
393,28,12,15,285,-1,12,16,284,-1
393,29,12,15,285,-1,12,16,284,-1
393,30,12,11,289,7,12,4,296,7
393,31,12,11,289,7,12,4,296,7
393,32,12,17,283,4,12,13,287,4
393,33,12,17,283,4,12,13,287,4
393,34,12,16,284,-9,11,0,275,-9
393,35,12,16,284,-9,11,0,275,-9
393,36,5,11,114,0,5,11,114,0
393,37,5,11,114,0,5,11,114,0
393,38,5,11,114,0,5,11,114,0
393,39,5,11,114,0,5,11,114,0
393,40,5,11,114,0,5,11,114,0
393,41,5,11,114,0,5,11,114,0
393,42,5,11,114,0,5,11,114,0
393,43,5,11,114,0,5,11,114,0
393,44,5,11,114,0,5,11,114,0
393,45,5,11,114,0,5,11,114,0
393,46,5,11,114,0,5,11,114,0
393,47,5,11,114,0,5,11,114,0
393,48,12,13,287,10,12,3,297,10
393,49,12,13,287,10,12,3,297,10
393,50,12,13,287,8,12,5,295,8
393,51,12,13,287,8,12,5,295,8
393,52,12,13,287,10,12,3,297,10
393,53,12,13,287,10,12,3,297,10
393,54,12,14,286,-10,12,24,276,-10
393,55,12,14,286,-10,12,24,276,-10
393,56,12,17,283,-5,12,22,278,-5
393,57,12,17,283,-5,12,22,278,-5
393,58,12,16,284,9,12,7,293,9
393,59,12,16,284,9,12,7,293,9
393,60,12,16,284,2,12,14,286,2
393,61,12,16,284,2,12,14,286,2
393,62,12,12,288,-3,12,15,285,-3
393,63,12,12,288,-3,12,15,285,-3
393,64,12,10,290,4,12,6,294,4
393,65,12,10,290,4,12,6,294,4
393,66,12,12,288,8,12,4,296,8
393,67,12,12,288,8,12,4,296,8
393,68,12,18,282,2,12,16,284,2
393,69,12,18,282,2,12,16,284,2
393,70,12,16,284,8,12,8,292,8
393,71,12,16,284,8,12,8,292,8
393,72,12,12,288,-10,12,22,278,-10
393,73,12,12,288,-10,12,22,278,-10
393,74,12,13,287,-4,12,17,283,-4
393,75,12,13,287,-4,12,17,283,-4
393,76,12,12,288,3,12,9,291,3
393,77,12,12,288,3,12,9,291,3
393,78,12,11,289,9,12,2,298,9
393,79,12,11,289,9,12,2,298,9
393,80,12,17,283,-7,12,24,276,-7
393,81,12,17,283,-7,12,24,276,-7
393,82,12,14,286,3,12,11,289,3
393,83,12,14,286,3,12,11,289,3
393,84,12,15,285,-9,12,24,276,-9
393,85,12,15,285,-9,12,24,276,-9
393,86,12,12,288,7,12,5,295,7
393,87,12,12,288,7,12,5,295,7
393,88,12,15,285,-7,12,22,278,-7
393,89,12,15,285,-7,12,22,278,-7
393,90,12,12,288,-1,12,13,287,-1
393,91,12,12,288,-1,12,13,287,-1
393,92,12,16,284,-5,12,21,279,-5
393,93,12,16,284,-5,12,21,279,-5
393,94,12,16,284,-10,11,1,274,-10
393,95,12,16,284,-10,11,1,274,-10
394,0,12,13,287,-4,12,17,283,-4
394,1,12,12,288,-4,12,16,284,-4
394,2,12,13,287,-2,12,15,285,-2
394,3,12,13,287,-2,12,15,285,-2
394,4,12,12,288,3,12,9,291,3
394,5,12,12,288,3,12,9,291,3
394,6,12,11,289,1,12,10,290,1
394,7,12,11,289,1,12,10,290,1
394,8,12,15,285,0,12,15,285,0
394,9,12,15,285,0,12,15,285,0
394,10,12,14,286,-6,12,20,280,-6
394,11,12,14,286,-6,12,20,280,-6
394,12,12,12,288,-8,12,20,280,-8
394,13,12,12,288,-8,12,20,280,-8
394,14,12,12,288,4,12,8,292,4
394,15,12,12,288,4,12,8,292,4
394,16,12,10,290,6,12,4,296,6
394,17,12,10,290,6,12,4,296,6
394,18,13,20,305,0,13,20,305,0
394,19,12,11,289,-2,12,13,287,-2
394,20,12,14,286,-6,12,20,280,-6
394,21,12,14,286,-6,12,20,280,-6
394,22,12,13,287,5,12,8,292,5
394,23,12,13,287,5,12,8,292,5
394,24,12,15,285,-10,11,0,275,-10
394,25,12,15,285,-10,11,0,275,-10
394,26,12,13,287,-2,12,15,285,-2
394,27,12,13,287,-2,12,15,285,-2
394,28,12,11,289,-10,12,21,279,-10
394,29,12,11,289,-10,12,21,279,-10
394,30,12,11,289,10,12,1,299,10
394,31,12,11,289,10,12,1,299,10
394,32,12,13,287,-9,12,22,278,-9
394,33,12,13,287,-9,12,22,278,-9
394,34,12,12,288,7,12,5,295,7
394,35,12,12,288,7,12,5,295,7
394,36,12,13,287,-10,12,23,277,-10
394,37,12,13,287,-10,12,23,277,-10
394,38,12,15,285,-2,12,17,283,-2
394,39,12,15,285,-2,12,17,283,-2
394,40,12,13,287,10,12,3,297,10
394,41,12,13,287,10,12,3,297,10
394,42,12,13,287,4,12,9,291,4
394,43,12,13,287,4,12,9,291,4
394,44,12,16,284,-4,12,20,280,-4
394,45,12,16,284,-4,12,20,280,-4
394,46,12,15,285,5,12,10,290,5
394,47,12,15,285,5,12,10,290,5
394,48,12,19,281,3,12,16,284,3
394,49,12,19,281,3,12,16,284,3
394,50,12,14,286,-4,12,18,282,-4
394,51,12,14,286,-4,12,18,282,-4
394,52,12,14,286,3,12,11,289,3
394,53,12,14,286,3,12,11,289,3
394,54,12,13,287,-3,12,16,284,-3
394,55,12,13,287,-3,12,16,284,-3
394,56,12,17,283,-3,12,20,280,-3
394,57,12,17,283,-3,12,20,280,-3
394,58,12,16,284,-10,11,1,274,-10
394,59,12,16,284,-10,11,1,274,-10
394,60,12,15,285,5,12,10,290,5
394,61,12,15,285,5,12,10,290,5
394,62,12,15,285,0,12,15,285,0
394,63,12,15,285,0,12,15,285,0
394,64,12,14,286,-5,12,19,281,-5
394,65,12,14,286,-5,12,19,281,-5
394,66,12,15,285,-3,12,18,282,-3
394,67,12,15,285,-3,12,18,282,-3
394,68,12,15,285,7,12,8,292,7
394,69,12,15,285,7,12,8,292,7
394,70,12,17,283,7,12,10,290,7
394,71,12,17,283,7,12,10,290,7
394,72,12,15,285,-2,12,17,283,-2
394,73,12,14,286,-2,12,16,284,-2
394,74,12,14,286,0,12,14,286,0
394,75,12,14,286,0,12,14,286,0
394,76,12,13,287,2,12,11,289,2
394,77,12,13,287,2,12,11,289,2
394,78,12,12,288,4,12,8,292,4
394,79,12,12,288,4,12,8,292,4
394,80,12,17,283,1,12,16,284,1
394,81,12,17,283,1,12,16,284,1
394,82,12,17,283,4,12,13,287,4
394,83,12,17,283,4,12,13,287,4
394,84,12,15,285,5,12,10,290,5
394,85,12,15,285,5,12,10,290,5
394,86,12,14,286,-4,12,18,282,-4
394,87,12,14,286,-4,12,18,282,-4
394,88,12,17,283,2,12,15,285,2
394,89,12,17,283,2,12,15,285,2
394,90,12,15,285,-10,11,0,275,-10
394,91,12,15,285,-10,11,0,275,-10
394,92,12,17,283,-2,12,19,281,-2
394,93,12,17,283,-2,12,19,281,-2
394,94,12,16,284,5,12,11,289,5
394,95,12,16,284,5,12,11,289,5
395,0,12,13,287,-7,12,20,280,-7
395,1,12,13,287,-7,12,20,280,-7
395,2,12,13,287,-9,12,22,278,-9
395,3,12,13,287,-9,12,22,278,-9
395,4,12,12,288,4,12,8,292,4
395,5,12,12,288,4,12,8,292,4
395,6,12,11,289,4,12,7,293,4
395,7,12,11,289,4,12,7,293,4
395,8,12,15,285,9,12,6,294,9
395,9,12,15,285,9,12,6,294,9
395,10,12,14,286,-10,12,24,276,-10
395,11,12,14,286,-10,12,24,276,-10
395,12,12,15,285,4,12,11,289,4
395,13,12,15,285,4,12,11,289,4
395,14,12,14,286,5,12,9,291,5
395,15,12,14,286,5,12,9,291,5
395,16,12,13,287,3,12,10,290,3
395,17,12,13,287,3,12,10,290,3
395,18,12,16,284,5,12,11,289,5
395,19,12,16,284,5,12,11,289,5
395,20,12,14,286,8,12,6,294,8
395,21,12,14,286,8,12,6,294,8
395,22,12,15,285,-3,12,18,282,-3
395,23,12,15,285,-3,12,18,282,-3
395,24,12,15,285,-5,12,20,280,-5
395,25,12,15,285,-5,12,20,280,-5
395,26,12,13,287,-8,12,21,279,-8
395,27,12,12,288,-8,12,20,280,-8
395,28,12,15,285,-8,12,23,277,-8
395,29,12,15,285,-8,12,23,277,-8
395,30,12,12,288,9,12,3,297,9
395,31,12,12,288,9,12,3,297,9
395,32,12,14,286,-8,12,22,278,-8
395,33,12,14,286,-8,12,22,278,-8
395,34,12,15,285,7,12,8,292,7
395,35,12,15,285,7,12,8,292,7
395,36,12,15,285,6,12,9,291,6
395,37,12,15,285,6,12,9,291,6
395,38,12,17,283,-7,12,24,276,-7
395,39,12,17,283,-7,12,24,276,-7
395,40,12,11,289,-6,12,17,283,-6
395,41,12,11,289,-6,12,17,283,-6
395,42,12,15,285,6,12,9,291,6
395,43,12,15,285,6,12,9,291,6
395,44,12,17,283,0,12,17,283,0
395,45,12,17,283,0,12,17,283,0
395,46,12,15,285,-9,12,24,276,-9
395,47,12,15,285,-9,12,24,276,-9
395,48,12,18,282,4,12,14,286,4
395,49,12,18,282,4,12,14,286,4
395,50,12,17,283,-3,12,20,280,-3
395,51,12,17,283,-3,12,20,280,-3
395,52,12,14,286,-8,12,22,278,-8
395,53,12,14,286,-8,12,22,278,-8
395,54,12,12,288,3,12,9,291,3
395,55,12,12,288,3,12,9,291,3
395,56,12,18,282,1,12,17,283,1
395,57,12,18,282,1,12,17,283,1
395,58,12,17,283,7,12,10,290,7
395,59,12,17,283,7,12,10,290,7
395,60,12,14,286,7,12,7,293,7
395,61,12,14,286,7,12,7,293,7
395,62,12,15,285,-1,12,16,284,-1
395,63,12,15,285,-1,12,16,284,-1
395,64,12,13,287,-3,12,16,284,-3
395,65,12,13,287,-3,12,16,284,-3
395,66,12,13,287,-6,12,19,281,-6
395,67,12,13,287,-6,12,19,281,-6
395,68,12,17,283,8,12,9,291,8
395,69,12,17,283,8,12,9,291,8
395,70,12,17,283,2,12,15,285,2
395,71,12,16,284,2,12,14,286,2
395,72,12,15,285,-3,12,18,282,-3
395,73,12,15,285,-3,12,18,282,-3
395,74,12,14,286,-10,12,24,276,-10
395,75,12,14,286,-10,12,24,276,-10
395,76,12,14,286,3,12,11,289,3
395,77,12,14,286,3,12,11,289,3
395,78,12,13,287,-3,12,16,284,-3
395,79,12,13,287,-3,12,16,284,-3
395,80,12,16,284,-3,12,19,281,-3
395,81,12,16,284,-3,12,19,281,-3
395,82,12,17,283,8,12,9,291,8
395,83,12,17,283,8,12,9,291,8
395,84,12,14,286,-8,12,22,278,-8
395,85,12,14,286,-8,12,22,278,-8
395,86,12,14,286,2,12,12,288,2
395,87,12,14,286,2,12,12,288,2
395,88,12,13,287,-10,12,23,277,-10
395,89,12,13,287,-10,12,23,277,-10
395,90,12,13,287,0,12,13,287,0
395,91,12,13,287,0,12,13,287,0
395,92,12,15,285,5,12,10,290,5
395,93,12,15,285,5,12,10,290,5
395,94,12,17,283,-1,12,18,282,-1
395,95,12,17,283,-1,12,18,282,-1
396,0,12,14,286,7,12,7,293,7
396,1,12,14,286,7,12,7,293,7
396,2,12,13,287,8,12,5,295,8
396,3,12,13,287,8,12,5,295,8
396,4,12,12,288,-6,12,18,282,-6
396,5,12,12,288,-6,12,18,282,-6
396,6,12,12,288,0,12,12,288,0
396,7,12,12,288,0,12,12,288,0
396,8,12,14,286,7,12,7,293,7
396,9,12,14,286,7,12,7,293,7
396,10,12,16,284,3,12,13,287,3
396,11,12,16,284,3,12,13,287,3
396,12,12,13,287,-2,12,15,285,-2
396,13,12,13,287,-2,12,15,285,-2
396,14,12,14,286,4,12,10,290,4
396,15,12,14,286,4,12,10,290,4
396,16,12,11,289,3,12,8,292,3
396,17,12,11,289,3,12,8,292,3
396,18,12,12,288,7,12,5,295,7
396,19,12,12,288,7,12,5,295,7
396,20,12,15,285,7,12,8,292,7
396,21,12,15,285,7,12,8,292,7
396,22,12,13,287,-5,12,18,282,-5
396,23,12,13,287,-5,12,18,282,-5
396,24,12,15,285,3,12,12,288,3
396,25,12,15,285,3,12,12,288,3
396,26,12,15,285,-1,12,16,284,-1
396,27,12,15,285,-1,12,16,284,-1
396,28,12,14,286,0,12,14,286,0
396,29,12,14,286,0,12,14,286,0
396,30,12,14,286,-4,12,18,282,-4
396,31,12,14,286,-4,12,18,282,-4
396,32,12,17,283,4,12,13,287,4
396,33,12,17,283,4,12,13,287,4
396,34,12,14,286,6,12,8,292,6
396,35,12,14,286,6,12,8,292,6
396,36,12,14,286,1,12,13,287,1
396,37,12,14,286,1,12,13,287,1
396,38,12,16,284,-10,11,1,274,-10
396,39,12,16,284,-10,11,1,274,-10
396,40,12,15,285,-6,12,21,279,-6
396,41,12,15,285,-6,12,21,279,-6
396,42,12,15,285,10,12,5,295,10
396,43,12,15,285,10,12,5,295,10
396,44,12,20,280,3,12,17,283,3
396,45,12,20,280,3,12,17,283,3
396,46,12,16,284,10,12,6,294,10
396,47,12,16,284,10,12,6,294,10
396,48,12,17,283,-7,12,24,276,-7
396,49,12,17,283,-7,12,24,276,-7
396,50,12,14,286,-6,12,20,280,-6
396,51,12,14,286,-6,12,20,280,-6
396,52,12,14,286,9,12,5,295,9
396,53,12,14,286,9,12,5,295,9
396,54,12,12,288,-7,12,19,281,-7
396,55,12,12,288,-7,12,19,281,-7
396,56,12,17,283,9,12,8,292,9
396,57,12,17,283,9,12,8,292,9
396,58,12,18,282,-5,12,23,277,-5
396,59,12,18,282,-5,12,23,277,-5
396,60,12,13,287,10,12,3,297,10
396,61,12,13,287,10,12,3,297,10
396,62,12,13,287,1,12,12,288,1
396,63,12,13,287,1,12,12,288,1
396,64,12,15,285,7,12,8,292,7
396,65,12,15,285,7,12,8,292,7
396,66,12,12,288,3,12,9,291,3
396,67,12,12,288,3,12,9,291,3
396,68,12,17,283,-6,12,23,277,-6
396,69,12,17,283,-6,12,23,277,-6
396,70,12,16,284,-2,12,18,282,-2
396,71,12,16,284,-2,12,18,282,-2
396,72,12,14,286,1,12,13,287,1
396,73,12,14,286,1,12,13,287,1
396,74,12,14,286,-10,12,24,276,-10
396,75,12,14,286,-10,12,24,276,-10
396,76,12,14,286,5,12,9,291,5
396,77,12,14,286,5,12,9,291,5
396,78,12,13,287,-8,12,21,279,-8
396,79,12,13,287,-8,12,21,279,-8
396,80,12,15,285,-5,12,20,280,-5
396,81,12,15,285,-5,12,20,280,-5
396,82,12,16,284,4,12,12,288,4
396,83,12,16,284,4,12,12,288,4
396,84,12,13,287,-7,12,20,280,-7
396,85,12,13,287,-7,12,20,280,-7
396,86,12,15,285,6,12,9,291,6
396,87,12,15,285,6,12,9,291,6
396,88,12,14,286,-2,12,16,284,-2
396,89,12,14,286,-2,12,16,284,-2
396,90,12,12,288,0,12,12,288,0
396,91,12,12,288,0,12,12,288,0
396,92,12,16,284,1,12,15,285,1
396,93,12,16,284,1,12,15,285,1
396,94,12,17,283,-6,12,23,277,-6
396,95,12,17,283,-6,12,23,277,-6
397,0,11,14,261,5,11,9,266,5
397,1,11,14,261,5,11,9,266,5
397,2,11,11,264,8,11,3,272,8
397,3,11,11,264,8,11,3,272,8
397,4,11,13,262,-9,11,22,253,-9
397,5,11,13,262,-9,11,22,253,-9
397,6,11,13,262,1,11,12,263,1
397,7,11,13,262,1,11,12,263,1
397,8,11,14,261,10,11,4,271,10
397,9,11,14,261,10,11,4,271,10
397,10,11,12,263,-2,11,14,261,-2
397,11,11,12,263,-2,11,14,261,-2
397,12,11,13,262,-10,11,23,252,-10
397,13,11,13,262,-10,11,23,252,-10
397,14,11,12,263,-6,11,18,257,-6
397,15,11,12,263,-6,11,18,257,-6
397,16,11,12,263,-9,11,21,254,-9
397,17,11,12,263,-9,11,21,254,-9
397,18,11,11,264,5,11,6,269,5
397,19,11,11,264,5,11,6,269,5
397,20,11,13,262,-2,11,15,260,-2
397,21,11,13,262,-2,11,15,260,-2
397,22,11,13,262,-7,11,20,255,-7
397,23,11,13,262,-7,11,20,255,-7
397,24,11,14,261,-1,11,15,260,-1
397,25,11,14,261,-1,11,15,260,-1
397,26,11,12,263,8,11,4,271,8
397,27,11,12,263,8,11,4,271,8
397,28,11,14,261,-3,11,17,258,-3
397,29,11,14,261,-3,11,17,258,-3
397,30,11,9,266,2,11,7,268,2
397,31,11,9,266,2,11,7,268,2
397,32,11,15,260,5,11,10,265,5
397,33,11,15,260,5,11,10,265,5
397,34,11,13,262,-2,11,15,260,-2
397,35,11,13,262,-2,11,15,260,-2
397,36,4,11,89,0,4,11,89,0
397,37,4,11,89,0,4,11,89,0
397,38,4,11,89,0,4,11,89,0
397,39,4,11,89,0,4,11,89,0
397,40,4,11,89,0,4,11,89,0
397,41,4,11,89,0,4,11,89,0
397,42,4,11,89,0,4,11,89,0
397,43,4,11,89,0,4,11,89,0
397,44,4,11,89,0,4,11,89,0
397,45,4,11,89,0,4,11,89,0
397,46,4,11,89,0,4,11,89,0
397,47,4,11,89,0,4,11,89,0
397,48,11,14,261,9,11,5,270,9
397,49,11,14,261,9,11,5,270,9
397,50,11,11,264,-3,11,14,261,-3
397,51,11,11,264,-3,11,14,261,-3
397,52,11,12,263,8,11,4,271,8
397,53,11,12,263,8,11,4,271,8
397,54,11,9,266,-4,11,13,262,-4
397,55,11,9,266,-4,11,13,262,-4
397,56,11,13,262,3,11,10,265,3
397,57,11,13,262,3,11,10,265,3
397,58,11,14,261,9,11,5,270,9
397,59,11,14,261,9,11,5,270,9
397,60,11,13,262,3,11,10,265,3
397,61,11,12,263,3,11,9,266,3
397,62,11,10,265,5,11,5,270,5
397,63,11,10,265,5,11,5,270,5
397,64,11,12,263,-5,11,17,258,-5
397,65,11,12,263,-5,11,17,258,-5
397,66,11,11,264,2,11,9,266,2
397,67,11,11,264,2,11,9,266,2
397,68,11,14,261,-1,11,15,260,-1
397,69,11,14,261,-1,11,15,260,-1
397,70,11,15,260,-6,11,21,254,-6
397,71,11,15,260,-6,11,21,254,-6
397,72,11,16,259,-4,11,20,255,-4
397,73,11,16,259,-4,11,20,255,-4
397,74,11,12,263,-9,11,21,254,-9
397,75,11,12,263,-9,11,21,254,-9
397,76,11,14,261,7,11,7,268,7
397,77,11,14,261,7,11,7,268,7
397,78,11,13,262,1,11,12,263,1
397,79,11,13,262,1,11,12,263,1
397,80,11,15,260,-2,11,17,258,-2
397,81,11,15,260,-2,11,17,258,-2
397,82,11,14,261,-9,11,23,252,-9
397,83,11,14,261,-9,11,23,252,-9
397,84,11,12,263,-7,11,19,256,-7
397,85,11,12,263,-7,11,19,256,-7
397,86,11,11,264,-2,11,13,262,-2
397,87,11,11,264,-2,11,13,262,-2
397,88,11,9,266,-10,11,19,256,-10
397,89,11,9,266,-10,11,19,256,-10
397,90,11,10,265,6,11,4,271,6
397,91,11,10,265,6,11,4,271,6
397,92,11,13,262,7,11,6,269,7
397,93,11,13,262,7,11,6,269,7
397,94,11,14,261,-10,11,24,251,-10
397,95,11,14,261,-10,11,24,251,-10
398,0,11,12,263,6,11,6,269,6
398,1,11,12,263,6,11,6,269,6
398,2,11,10,265,-7,11,17,258,-7
398,3,11,10,265,-7,11,17,258,-7
398,4,11,11,264,-10,11,21,254,-10
398,5,11,11,264,-10,11,21,254,-10
398,6,11,11,264,-5,11,16,259,-5
398,7,11,11,264,-5,11,16,259,-5
398,8,11,13,262,-6,11,19,256,-6
398,9,11,13,262,-6,11,19,256,-6
398,10,11,15,260,-7,11,22,253,-7
398,11,11,15,260,-7,11,22,253,-7
398,12,11,12,263,4,11,8,267,4
398,13,11,12,263,4,11,8,267,4
398,14,11,13,262,-3,11,16,259,-3
398,15,11,13,262,-3,11,16,259,-3
398,16,11,10,265,3,11,7,268,3
398,17,11,10,265,3,11,7,268,3
398,18,11,14,261,2,11,12,263,2
398,19,11,14,261,2,11,12,263,2
398,20,11,15,260,-3,11,18,257,-3
398,21,11,15,260,-3,11,18,257,-3
398,22,11,17,258,-7,11,24,251,-7
398,23,11,17,258,-7,11,24,251,-7
398,24,11,13,262,-5,11,18,257,-5
398,25,11,13,262,-5,11,18,257,-5
398,26,11,15,260,-3,11,18,257,-3
398,27,11,15,260,-3,11,18,257,-3
398,28,11,14,261,8,11,6,269,8
398,29,11,14,261,8,11,6,269,8
398,30,11,12,263,-9,11,21,254,-9
398,31,11,12,263,-9,11,21,254,-9
398,32,11,19,256,1,11,18,257,1
398,33,11,19,256,1,11,18,257,1
398,34,11,16,259,0,11,16,259,0
398,35,11,16,259,0,11,16,259,0
398,36,4,11,89,0,4,11,89,0
398,37,4,11,89,0,4,11,89,0
398,38,4,11,89,0,4,11,89,0
398,39,4,11,89,0,4,11,89,0
398,40,4,11,89,0,4,11,89,0
398,41,4,11,89,0,4,11,89,0
398,42,4,11,89,0,4,11,89,0
398,43,4,11,89,0,4,11,89,0
398,44,4,11,89,0,4,11,89,0
398,45,4,11,89,0,4,11,89,0
398,46,4,11,89,0,4,11,89,0
398,47,4,11,89,0,4,11,89,0
398,48,11,15,260,-10,10,0,250,-10
398,49,11,15,260,-10,10,0,250,-10
398,50,11,16,259,-10,10,1,249,-10
398,51,11,16,259,-10,10,1,249,-10
398,52,11,14,261,7,11,7,268,7
398,53,11,14,261,7,11,7,268,7
398,54,11,14,261,-1,11,15,260,-1
398,55,11,14,261,-1,11,15,260,-1
398,56,11,17,258,-6,11,23,252,-6
398,57,11,17,258,-6,11,23,252,-6
398,58,11,18,257,-10,10,3,247,-10
398,59,11,18,257,-10,10,3,247,-10
398,60,11,16,259,-4,11,20,255,-4
398,61,11,16,259,-4,11,20,255,-4
398,62,11,13,262,-1,11,14,261,-1
398,63,11,13,262,-1,11,14,261,-1
398,64,11,13,262,-8,11,21,254,-8
398,65,11,13,262,-8,11,21,254,-8
398,66,11,13,262,-10,11,23,252,-10
398,67,11,13,262,-10,11,23,252,-10
398,68,11,16,259,6,11,10,265,6
398,69,11,16,259,6,11,10,265,6
398,70,11,16,259,4,11,12,263,4
398,71,11,16,259,4,11,12,263,4
398,72,11,16,259,6,11,10,265,6
398,73,11,16,259,6,11,10,265,6
398,74,11,16,259,2,11,14,261,2
398,75,11,16,259,2,11,14,261,2
398,76,11,16,259,0,11,16,259,0
398,77,11,16,259,0,11,16,259,0
398,78,11,14,261,1,11,13,262,1
398,79,11,14,261,1,11,13,262,1
398,80,11,20,255,9,11,11,264,9
398,81,11,20,255,9,11,11,264,9
398,82,11,16,259,5,11,11,264,5
398,83,11,16,259,5,11,11,264,5
398,84,11,15,260,8,11,7,268,8
398,85,11,16,259,8,11,8,267,8
398,86,11,16,259,3,11,13,262,3
398,87,11,16,259,3,11,13,262,3
398,88,11,13,262,-3,11,16,259,-3
398,89,11,13,262,-3,11,16,259,-3
398,90,11,12,263,-6,11,18,257,-6
398,91,11,12,263,-6,11,18,257,-6
398,92,11,17,258,-6,11,23,252,-6
398,93,11,17,258,-6,11,23,252,-6
398,94,11,16,259,-10,10,1,249,-10
398,95,11,16,259,-10,10,1,249,-10
399,0,11,13,262,4,11,9,266,4
399,1,11,13,262,4,11,9,266,4
399,2,11,9,266,9,11,0,275,9
399,3,11,9,266,9,11,0,275,9
399,4,11,10,265,7,11,3,272,7
399,5,11,10,265,7,11,3,272,7
399,6,11,11,264,0,11,11,264,0
399,7,11,11,264,0,11,11,264,0
399,8,11,13,262,10,11,3,272,10
399,9,11,13,262,10,11,3,272,10
399,10,11,14,261,3,11,11,264,3
399,11,11,14,261,3,11,11,264,3
399,12,11,11,264,3,11,8,267,3
399,13,11,10,265,3,11,7,268,3
399,14,11,10,265,10,11,0,275,10
399,15,11,10,265,10,11,0,275,10
399,16,11,11,264,6,11,5,270,6
399,17,11,11,264,6,11,5,270,6
399,18,11,8,267,3,11,5,270,3
399,19,11,8,267,3,11,5,270,3
399,20,11,14,261,-3,11,17,258,-3
399,21,11,14,261,-3,11,17,258,-3
399,22,11,12,263,-9,11,21,254,-9
399,23,11,12,263,-9,11,21,254,-9
399,24,11,15,260,-4,11,19,256,-4
399,25,11,15,260,-4,11,19,256,-4
399,26,11,14,261,-10,11,24,251,-10
399,27,11,14,261,-10,11,24,251,-10
399,28,11,11,264,-6,11,17,258,-6
399,29,11,11,264,-6,11,17,258,-6
399,30,11,13,262,3,11,10,265,3
399,31,11,13,262,3,11,10,265,3
399,32,11,15,260,8,11,7,268,8
399,33,11,15,260,8,11,7,268,8
399,34,11,15,260,3,11,12,263,3
399,35,11,15,260,3,11,12,263,3
399,36,11,15,260,-10,10,0,250,-10
399,37,11,15,260,-10,10,0,250,-10
399,38,11,14,261,-8,11,22,253,-8
399,39,11,14,261,-8,11,22,253,-8
399,40,11,16,259,3,11,13,262,3
399,41,11,16,259,3,11,13,262,3
399,42,11,12,263,3,11,9,266,3
399,43,11,12,263,3,11,9,266,3
399,44,11,18,257,7,11,11,264,7
399,45,11,18,257,7,11,11,264,7
399,46,11,16,259,-6,11,22,253,-6
399,47,11,16,259,-6,11,22,253,-6
399,48,11,16,259,-5,11,21,254,-5
399,49,11,16,259,-5,11,21,254,-5
399,50,11,14,261,-8,11,22,253,-8
399,51,11,14,261,-8,11,22,253,-8
399,52,11,12,263,9,11,3,272,9
399,53,11,12,263,9,11,3,272,9
399,54,11,12,263,-4,11,16,259,-4
399,55,11,12,263,-4,11,16,259,-4
399,56,11,15,260,6,11,9,266,6
399,57,11,15,260,6,11,9,266,6
399,58,11,16,259,4,11,12,263,4
399,59,11,16,259,4,11,12,263,4
399,60,11,14,261,2,11,12,263,2
399,61,11,14,261,2,11,12,263,2
399,62,11,12,263,-2,11,14,261,-2
399,63,11,12,263,-2,11,14,261,-2
399,64,11,14,261,6,11,8,267,6
399,65,11,14,261,6,11,8,267,6
399,66,11,12,263,-10,11,22,253,-10
399,67,11,12,263,-10,11,22,253,-10
399,68,11,17,258,-5,11,22,253,-5
399,69,11,17,258,-5,11,22,253,-5
399,70,11,15,260,-8,11,23,252,-8
399,71,11,15,260,-8,11,23,252,-8
399,72,11,15,260,4,11,11,264,4
399,73,11,15,260,4,11,11,264,4
399,74,11,15,260,1,11,14,261,1
399,75,11,15,260,1,11,14,261,1
399,76,11,12,263,10,11,2,273,10
399,77,11,12,263,10,11,2,273,10
399,78,11,12,263,9,11,3,272,9
399,79,11,12,263,9,11,3,272,9
399,80,11,16,259,-10,10,1,249,-10
399,81,11,16,259,-10,10,1,249,-10
399,82,11,16,259,-8,11,24,251,-8
399,83,11,16,259,-8,11,24,251,-8
399,84,11,13,262,-8,11,21,254,-8
399,85,11,13,262,-8,11,21,254,-8
399,86,11,13,262,10,11,3,272,10
399,87,11,13,262,10,11,3,272,10
399,88,11,15,260,1,11,14,261,1
399,89,11,15,260,1,11,14,261,1
399,90,11,12,263,-9,11,21,254,-9
399,91,11,12,263,-9,11,21,254,-9
399,92,11,14,261,-6,11,20,255,-6
399,93,11,14,261,-6,11,20,255,-6
399,94,11,15,260,-1,11,16,259,-1
399,95,11,15,260,-1,11,16,259,-1
400,0,12,12,288,4,12,8,292,4
400,1,12,12,288,4,12,8,292,4
400,2,12,11,289,1,12,10,290,1
400,3,12,11,289,1,12,10,290,1
400,4,12,9,291,8,12,1,299,8
400,5,12,9,291,8,12,1,299,8
400,6,12,10,290,0,12,10,290,0
400,7,12,10,290,0,12,10,290,0
400,8,12,12,288,10,12,2,298,10
400,9,12,12,288,10,12,2,298,10
400,10,12,14,286,4,12,10,290,4
400,11,12,14,286,4,12,10,290,4
400,12,12,13,287,0,12,13,287,0
400,13,12,13,287,0,12,13,287,0
400,14,12,14,286,10,12,4,296,10
400,15,12,14,286,10,12,4,296,10
400,16,12,11,289,-7,12,18,282,-7
400,17,12,11,289,-7,12,18,282,-7
400,18,12,12,288,-9,12,21,279,-9
400,19,12,12,288,-9,12,21,279,-9
400,20,12,14,286,3,12,11,289,3
400,21,12,14,286,3,12,11,289,3
400,22,12,15,285,-6,12,21,279,-6
400,23,12,15,285,-6,12,21,279,-6
400,24,12,14,286,-6,12,20,280,-6
400,25,12,14,286,-6,12,20,280,-6
400,26,12,13,287,2,12,11,289,2
400,27,12,13,287,2,12,11,289,2
400,28,12,13,287,10,12,3,297,10
400,29,12,13,287,10,12,3,297,10
400,30,12,10,290,-3,12,13,287,-3
400,31,12,11,289,-3,12,14,286,-3
400,32,12,16,284,4,12,12,288,4
400,33,12,16,284,4,12,12,288,4
400,34,12,15,285,-9,12,24,276,-9
400,35,12,15,285,-9,12,24,276,-9
400,36,5,12,113,0,5,12,113,0
400,37,5,12,113,0,5,12,113,0
400,38,5,12,113,0,5,12,113,0
400,39,5,12,113,0,5,12,113,0
400,40,5,12,113,0,5,12,113,0
400,41,5,12,113,0,5,12,113,0
400,42,5,12,113,0,5,12,113,0
400,43,5,12,113,0,5,12,113,0
400,44,5,12,113,0,5,12,113,0
400,45,5,12,113,0,5,12,113,0
400,46,5,12,113,0,5,12,113,0
400,47,5,12,113,0,5,12,113,0
400,48,12,15,285,10,12,5,295,10
400,49,12,15,285,10,12,5,295,10
400,50,12,11,289,0,12,11,289,0
400,51,12,11,289,0,12,11,289,0
400,52,12,10,290,10,12,0,300,10
400,53,12,10,290,10,12,0,300,10
400,54,12,10,290,10,12,0,300,10
400,55,12,10,290,10,12,0,300,10
400,56,12,16,284,3,12,13,287,3
400,57,12,16,284,3,12,13,287,3
400,58,12,16,284,9,12,7,293,9
400,59,12,16,284,9,12,7,293,9
400,60,12,14,286,-5,12,19,281,-5
400,61,12,14,286,-5,12,19,281,-5
400,62,12,13,287,-5,12,18,282,-5
400,63,12,13,287,-5,12,18,282,-5
400,64,12,11,289,1,12,10,290,1
400,65,12,11,289,1,12,10,290,1
400,66,12,11,289,10,12,1,299,10
400,67,12,11,289,10,12,1,299,10
400,68,12,13,287,-10,12,23,277,-10
400,69,12,13,287,-10,12,23,277,-10
400,70,12,13,287,-2,12,15,285,-2
400,71,12,13,287,-2,12,15,285,-2
400,72,12,11,289,6,12,5,295,6
400,73,12,11,289,6,12,5,295,6
400,74,12,14,286,4,12,10,290,4
400,75,12,14,286,4,12,10,290,4
400,76,12,12,288,10,12,2,298,10
400,77,12,12,288,10,12,2,298,10
400,78,12,12,288,10,12,2,298,10
400,79,12,12,288,10,12,2,298,10
400,80,12,15,285,9,12,6,294,9
400,81,12,15,285,9,12,6,294,9
400,82,12,16,284,-7,12,23,277,-7
400,83,12,16,284,-7,12,23,277,-7
400,84,12,11,289,-4,12,15,285,-4
400,85,12,11,289,-4,12,15,285,-4
400,86,12,13,287,-7,12,20,280,-7
400,87,12,13,287,-7,12,20,280,-7
400,88,12,12,288,-10,12,22,278,-10
400,89,12,12,288,-10,12,22,278,-10
400,90,12,12,288,-2,12,14,286,-2
400,91,12,12,288,-2,12,14,286,-2
400,92,12,14,286,7,12,7,293,7
400,93,12,14,286,7,12,7,293,7
400,94,12,15,285,4,12,11,289,4
400,95,12,14,286,4,12,10,290,4
401,0,11,11,264,1,11,10,265,1
401,1,11,11,264,1,11,10,265,1
401,2,11,12,263,-10,11,22,253,-10
401,3,11,12,263,-10,11,22,253,-10
401,4,11,9,266,0,11,9,266,0
401,5,11,9,266,0,11,9,266,0
401,6,11,11,264,2,11,9,266,2
401,7,11,11,264,2,11,9,266,2
401,8,11,14,261,3,11,11,264,3
401,9,11,14,261,3,11,11,264,3
401,10,11,13,262,-7,11,20,255,-7
401,11,11,13,262,-7,11,20,255,-7
401,12,11,16,259,6,11,10,265,6
401,13,11,16,259,6,11,10,265,6
401,14,11,12,263,-6,11,18,257,-6
401,15,11,12,263,-6,11,18,257,-6
401,16,11,13,262,-10,11,23,252,-10
401,17,11,13,262,-10,11,23,252,-10
401,18,11,11,264,10,11,1,274,10
401,19,11,11,264,10,11,1,274,10
401,20,11,17,258,5,11,12,263,5
401,21,11,17,258,5,11,12,263,5
401,22,11,16,259,1,11,15,260,1
401,23,11,16,259,1,11,15,260,1
401,24,11,13,262,10,11,3,272,10
401,25,11,13,262,10,11,3,272,10
401,26,11,14,261,-2,11,16,259,-2
401,27,11,14,261,-2,11,16,259,-2
401,28,11,12,263,1,11,11,264,1
401,29,11,12,263,1,11,11,264,1
401,30,11,12,263,5,11,7,268,5
401,31,11,12,263,5,11,7,268,5
401,32,11,18,257,9,11,9,266,9
401,33,11,18,257,9,11,9,266,9
401,34,11,18,257,-6,11,24,251,-6
401,35,11,18,257,-6,11,24,251,-6
401,36,4,11,89,0,4,11,89,0
401,37,4,11,89,0,4,11,89,0
401,38,4,11,89,0,4,11,89,0
401,39,4,11,89,0,4,11,89,0
401,40,4,11,89,0,4,11,89,0
401,41,4,11,89,0,4,11,89,0
401,42,4,11,89,0,4,11,89,0
401,43,4,11,89,0,4,11,89,0
401,44,4,11,89,0,4,11,89,0
401,45,4,11,89,0,4,11,89,0
401,46,4,11,89,0,4,11,89,0
401,47,4,11,89,0,4,11,89,0
401,48,11,15,260,-4,11,19,256,-4
401,49,11,15,260,-4,11,19,256,-4
401,50,11,13,262,3,11,10,265,3
401,51,11,13,262,3,11,10,265,3
401,52,11,12,263,7,11,5,270,7
401,53,11,12,263,7,11,5,270,7
401,54,11,12,263,-9,11,21,254,-9
401,55,11,12,263,-9,11,21,254,-9
401,56,11,18,257,4,11,14,261,4
401,57,11,18,257,4,11,14,261,4
401,58,11,13,262,0,11,13,262,0
401,59,11,13,262,0,11,13,262,0
401,60,11,16,259,1,11,15,260,1
401,61,11,16,259,1,11,15,260,1
401,62,11,12,263,-9,11,21,254,-9
401,63,11,13,262,-9,11,22,253,-9
401,64,11,13,262,-2,11,15,260,-2
401,65,11,13,262,-2,11,15,260,-2
401,66,11,12,263,-6,11,18,257,-6
401,67,11,12,263,-6,11,18,257,-6
401,68,11,14,261,-5,11,19,256,-5
401,69,11,13,262,-5,11,18,257,-5
401,70,11,15,260,-2,11,17,258,-2
401,71,11,15,260,-2,11,17,258,-2
401,72,11,13,262,10,11,3,272,10
401,73,11,13,262,10,11,3,272,10
401,74,11,13,262,-4,11,17,258,-4
401,75,11,13,262,-4,11,17,258,-4
401,76,11,11,264,10,11,1,274,10
401,77,11,11,264,10,11,1,274,10
401,78,11,11,264,4,11,7,268,4
401,79,11,11,264,4,11,7,268,4
401,80,11,14,261,-3,11,17,258,-3
401,81,11,14,261,-3,11,17,258,-3
401,82,11,15,260,-7,11,22,253,-7
401,83,11,15,260,-7,11,22,253,-7
401,84,11,14,261,-7,11,21,254,-7
401,85,11,14,261,-7,11,21,254,-7
401,86,11,12,263,-3,11,15,260,-3
401,87,11,12,263,-3,11,15,260,-3
401,88,11,12,263,8,11,4,271,8
401,89,11,12,263,8,11,4,271,8
401,90,11,13,262,-2,11,15,260,-2
401,91,11,13,262,-2,11,15,260,-2
401,92,11,14,261,-10,11,24,251,-10
401,93,11,14,261,-10,11,24,251,-10
401,94,11,13,262,-9,11,22,253,-9
401,95,11,13,262,-9,11,22,253,-9
402,0,12,8,292,5,12,3,297,5
402,1,12,8,292,5,12,3,297,5
402,2,12,8,292,5,12,3,297,5
402,3,12,7,293,5,12,2,298,5
402,4,12,7,293,5,12,2,298,5
402,5,12,7,293,5,12,2,298,5
402,6,12,8,292,2,12,6,294,2
402,7,12,8,292,2,12,6,294,2
402,8,12,8,292,2,12,6,294,2
402,9,12,11,289,-2,12,13,287,-2
402,10,12,11,289,-2,12,13,287,-2
402,11,12,11,289,-2,12,13,287,-2
402,12,12,8,292,0,12,8,292,0
402,13,12,8,292,0,12,8,292,0
402,14,12,8,292,0,12,8,292,0
402,15,12,8,292,6,12,2,298,6
402,16,12,8,292,6,12,2,298,6
402,17,12,8,292,6,12,2,298,6
402,18,12,11,289,-3,12,14,286,-3
402,19,12,11,289,-3,12,14,286,-3
402,20,12,11,289,-3,12,14,286,-3
402,21,12,11,289,0,12,11,289,0
402,22,12,11,289,0,12,11,289,0
402,23,12,11,289,0,12,11,289,0
402,24,12,11,289,5,12,6,294,5
402,25,12,11,289,5,12,6,294,5
402,26,12,11,289,5,12,6,294,5
402,27,12,10,290,5,12,5,295,5
402,28,12,10,290,5,12,5,295,5
402,29,12,10,290,5,12,5,295,5
402,30,12,11,289,3,12,8,292,3
402,31,12,11,289,3,12,8,292,3
402,32,12,11,289,3,12,8,292,3
402,33,12,12,288,8,12,4,296,8
402,34,12,12,288,8,12,4,296,8
402,35,12,12,288,8,12,4,296,8
402,36,12,10,290,5,12,5,295,5
402,37,12,10,290,5,12,5,295,5
402,38,12,10,290,5,12,5,295,5
402,39,12,9,291,0,12,9,291,0
402,40,12,9,291,0,12,9,291,0
402,41,12,9,291,0,12,9,291,0
402,42,12,12,288,7,12,5,295,7
402,43,12,12,288,7,12,5,295,7
402,44,12,12,288,7,12,5,295,7
402,45,12,12,288,4,12,8,292,4
402,46,12,12,288,4,12,8,292,4
402,47,12,12,288,4,12,8,292,4
402,48,12,8,292,5,12,3,297,5
402,49,12,8,292,5,12,3,297,5
402,50,12,8,292,5,12,3,297,5
402,51,12,11,289,-10,12,21,279,-10
402,52,12,11,289,-10,12,21,279,-10
402,53,12,11,289,-10,12,21,279,-10
402,54,12,11,289,2,12,9,291,2
402,55,12,11,289,2,12,9,291,2
402,56,12,11,289,2,12,9,291,2
402,57,12,12,288,-2,12,14,286,-2
402,58,12,12,288,-2,12,14,286,-2
402,59,12,12,288,-2,12,14,286,-2
402,60,12,11,289,4,12,7,293,4
402,61,12,11,289,4,12,7,293,4
402,62,12,11,289,4,12,7,293,4
402,63,12,13,287,-8,12,21,279,-8
402,64,12,13,287,-8,12,21,279,-8
402,65,12,13,287,-8,12,21,279,-8
402,66,4,12,88,0,4,12,88,0
402,67,4,13,87,0,4,13,87,0
402,68,4,13,87,0,4,13,87,0
402,69,4,13,87,0,4,13,87,0
402,70,4,13,87,0,4,13,87,0
402,71,4,12,88,0,4,12,88,0
402,72,12,8,292,-9,12,17,283,-9
402,73,12,8,292,-9,12,17,283,-9
402,74,12,8,292,-9,12,17,283,-9
402,75,12,9,291,-1,12,10,290,-1
402,76,12,9,291,-1,12,10,290,-1
402,77,12,9,291,-1,12,10,290,-1
402,78,12,10,290,3,12,7,293,3
402,79,12,10,290,3,12,7,293,3
402,80,12,10,290,3,12,7,293,3
402,81,12,12,288,-8,12,20,280,-8
402,82,12,12,288,-8,12,20,280,-8
402,83,12,12,288,-8,12,20,280,-8
402,84,12,11,289,-8,12,19,281,-8
402,85,12,11,289,-8,12,19,281,-8
402,86,12,11,289,-8,12,19,281,-8
402,87,12,13,287,4,12,9,291,4
402,88,12,13,287,4,12,9,291,4
402,89,12,13,287,4,12,9,291,4
402,90,12,12,288,7,12,5,295,7
402,91,12,12,288,7,12,5,295,7
402,92,12,12,288,7,12,5,295,7
402,93,12,13,287,-5,12,18,282,-5
402,94,12,13,287,-5,12,18,282,-5
402,95,12,13,287,-5,12,18,282,-5
403,0,12,7,293,5,12,2,298,5
403,1,12,7,293,5,12,2,298,5
403,2,12,7,293,5,12,2,298,5
403,3,12,7,293,-3,12,10,290,-3
403,4,12,7,293,-3,12,10,290,-3
403,5,12,7,293,-3,12,10,290,-3
403,6,12,10,290,-6,12,16,284,-6
403,7,12,10,290,-6,12,16,284,-6
403,8,12,10,290,-6,12,16,284,-6
403,9,12,12,288,-5,12,17,283,-5
403,10,12,12,288,-5,12,17,283,-5
403,11,12,12,288,-5,12,17,283,-5
403,12,12,9,291,-8,12,17,283,-8
403,13,12,9,291,-8,12,17,283,-8
403,14,12,9,291,-8,12,17,283,-8
403,15,12,10,290,5,12,5,295,5
403,16,12,10,290,5,12,5,295,5
403,17,12,10,290,5,12,5,295,5
403,18,12,12,288,5,12,7,293,5
403,19,12,12,288,5,12,7,293,5
403,20,12,12,288,5,12,7,293,5
403,21,12,13,287,4,12,9,291,4
403,22,12,13,287,4,12,9,291,4
403,23,12,13,287,4,12,9,291,4
403,24,12,8,292,-5,12,13,287,-5
403,25,12,8,292,-5,12,13,287,-5
403,26,12,8,292,-5,12,13,287,-5
403,27,12,12,288,5,12,7,293,5
403,28,12,12,288,5,12,7,293,5
403,29,12,12,288,5,12,7,293,5
403,30,12,11,289,7,12,4,296,7
403,31,12,11,289,7,12,4,296,7
403,32,12,11,289,7,12,4,296,7
403,33,12,12,288,-9,12,21,279,-9
403,34,12,12,288,-9,12,21,279,-9
403,35,12,12,288,-9,12,21,279,-9
403,36,12,12,288,-1,12,13,287,-1
403,37,12,12,288,-1,12,13,287,-1
403,38,12,12,288,-1,12,13,287,-1
403,39,12,8,292,-6,12,14,286,-6
403,40,12,8,292,-6,12,14,286,-6
403,41,12,8,292,-6,12,14,286,-6
403,42,12,12,288,-7,12,19,281,-7
403,43,12,12,288,-7,12,19,281,-7
403,44,12,12,288,-7,12,19,281,-7
403,45,12,12,288,2,12,10,290,2
403,46,12,12,288,2,12,10,290,2
403,47,12,12,288,2,12,10,290,2
403,48,12,12,288,4,12,8,292,4
403,49,12,12,288,4,12,8,292,4
403,50,12,12,288,4,12,8,292,4
403,51,12,9,291,1,12,8,292,1
403,52,12,9,291,1,12,8,292,1
403,53,12,9,291,1,12,8,292,1
403,54,12,12,288,-8,12,20,280,-8
403,55,12,12,288,-8,12,20,280,-8
403,56,12,12,288,-8,12,20,280,-8
403,57,12,12,288,4,12,8,292,4
403,58,12,12,288,4,12,8,292,4
403,59,12,12,288,4,12,8,292,4
403,60,12,9,291,8,12,1,299,8
403,61,12,9,291,8,12,1,299,8
403,62,12,9,291,8,12,1,299,8
403,63,12,13,287,9,12,4,296,9
403,64,12,13,287,9,12,4,296,9
403,65,12,13,287,9,12,4,296,9
403,66,4,13,87,0,4,13,87,0
403,67,4,13,87,0,4,13,87,0
403,68,4,13,87,0,4,13,87,0
403,69,4,13,87,0,4,13,87,0
403,70,4,13,87,0,4,13,87,0
403,71,4,13,87,0,4,13,87,0
403,72,12,11,289,8,12,3,297,8
403,73,12,11,289,8,12,3,297,8
403,74,12,11,289,8,12,3,297,8
403,75,12,11,289,3,12,8,292,3
403,76,13,22,303,0,13,22,303,0
403,77,12,11,289,3,12,8,292,3
403,78,12,14,286,-8,12,22,278,-8
403,79,12,14,286,-8,12,22,278,-8
403,80,12,14,286,-8,12,22,278,-8
403,81,12,11,289,-9,12,20,280,-9
403,82,12,11,289,-9,12,20,280,-9
403,83,12,11,289,-9,12,20,280,-9
403,84,12,12,288,-6,12,18,282,-6
403,85,12,12,288,-6,12,18,282,-6
403,86,12,12,288,-6,12,18,282,-6
403,87,12,15,285,-1,12,16,284,-1
403,88,12,15,285,-1,12,16,284,-1
403,89,12,15,285,-1,12,16,284,-1
403,90,12,13,287,-4,12,17,283,-4
403,91,12,13,287,-4,12,17,283,-4
403,92,12,13,287,-4,12,17,283,-4
403,93,12,13,287,10,12,3,297,10
403,94,12,13,287,10,12,3,297,10
403,95,12,13,287,10,12,3,297,10
404,0,12,10,290,0,12,10,290,0
404,1,12,10,290,0,12,10,290,0
404,2,12,10,290,0,12,10,290,0
404,3,12,14,286,7,12,7,293,7
404,4,12,14,286,7,12,7,293,7
404,5,12,14,286,7,12,7,293,7
404,6,12,11,289,5,12,6,294,5
404,7,12,11,289,5,12,6,294,5
404,8,12,11,289,5,12,6,294,5
404,9,12,13,287,0,12,13,287,0
404,10,12,13,287,0,12,13,287,0
404,11,12,13,287,0,12,13,287,0
404,12,12,11,289,9,12,2,298,9
404,13,12,11,289,9,12,2,298,9
404,14,12,11,289,9,12,2,298,9
404,15,12,10,290,-3,12,13,287,-3
404,16,12,10,290,-3,12,13,287,-3
404,17,12,10,290,-3,12,13,287,-3
404,18,12,11,289,-5,12,16,284,-5
404,19,12,11,289,-5,12,16,284,-5
404,20,12,11,289,-5,12,16,284,-5
404,21,12,12,288,-6,12,18,282,-6
404,22,12,12,288,-6,12,18,282,-6
404,23,12,12,288,-6,12,18,282,-6
404,24,12,12,288,5,12,7,293,5
404,25,12,12,288,5,12,7,293,5
404,26,12,12,288,5,12,7,293,5
404,27,12,11,289,2,12,9,291,2
404,28,12,11,289,2,12,9,291,2
404,29,12,11,289,2,12,9,291,2
404,30,12,13,287,4,12,9,291,4
404,31,12,13,287,4,12,9,291,4
404,32,12,13,287,4,12,9,291,4
404,33,12,14,286,10,12,4,296,10
404,34,12,14,286,10,12,4,296,10
404,35,12,14,286,10,12,4,296,10
404,36,12,12,288,-9,12,21,279,-9
404,37,12,12,288,-9,12,21,279,-9
404,38,12,12,288,-9,12,21,279,-9
404,39,12,13,287,4,12,9,291,4
404,40,12,13,287,4,12,9,291,4
404,41,12,13,287,4,12,9,291,4
404,42,4,14,86,0,4,14,86,0
404,43,4,14,86,0,4,14,86,0
404,44,4,14,86,0,4,14,86,0
404,45,4,14,86,0,4,14,86,0
404,46,4,14,86,0,4,14,86,0
404,47,4,14,86,0,4,14,86,0
404,48,12,9,291,7,12,2,298,7
404,49,12,9,291,7,12,2,298,7
404,50,12,9,291,7,12,2,298,7
404,51,12,10,290,6,12,4,296,6
404,52,12,10,290,6,12,4,296,6
404,53,12,10,290,6,12,4,296,6
404,54,12,10,290,8,12,2,298,8
404,55,12,10,290,8,12,2,298,8
404,56,12,10,290,8,12,2,298,8
404,57,12,12,288,6,12,6,294,6
404,58,12,12,288,6,12,6,294,6
404,59,12,12,288,6,12,6,294,6
404,60,12,10,290,2,12,8,292,2
404,61,12,10,290,2,12,8,292,2
404,62,12,10,290,2,12,8,292,2
404,63,12,12,288,-2,12,14,286,-2
404,64,12,12,288,-2,12,14,286,-2
404,65,12,12,288,-2,12,14,286,-2
404,66,12,12,288,-10,12,22,278,-10
404,67,12,13,287,-10,12,23,277,-10
404,68,12,13,287,-10,12,23,277,-10
404,69,12,12,288,6,12,6,294,6
404,70,12,12,288,6,12,6,294,6
404,71,12,12,288,6,12,6,294,6
404,72,12,12,288,-10,12,22,278,-10
404,73,12,12,288,-10,12,22,278,-10
404,74,12,12,288,-10,12,22,278,-10
404,75,12,8,292,-9,12,17,283,-9
404,76,12,8,292,-9,12,17,283,-9
404,77,12,8,292,-9,12,17,283,-9
404,78,12,13,287,2,12,11,289,2
404,79,12,13,287,2,12,11,289,2
404,80,12,13,287,2,12,11,289,2
404,81,12,13,287,4,12,9,291,4
404,82,12,13,287,4,12,9,291,4
404,83,12,13,287,4,12,9,291,4
404,84,12,12,288,-1,12,13,287,-1
404,85,12,12,288,-1,12,13,287,-1
404,86,12,12,288,-1,12,13,287,-1
404,87,12,9,291,-5,12,14,286,-5
404,88,12,8,292,-5,12,13,287,-5
404,89,12,9,291,-5,12,14,286,-5
404,90,12,12,288,2,12,10,290,2
404,91,12,13,287,2,12,11,289,2
404,92,12,13,287,2,12,11,289,2
404,93,12,13,287,6,12,7,293,6
404,94,12,13,287,6,12,7,293,6
404,95,12,13,287,6,12,7,293,6
405,0,12,13,287,-7,12,20,280,-7
405,1,12,13,287,-7,12,20,280,-7
405,2,12,13,287,-7,12,20,280,-7
405,3,12,12,288,-7,12,19,281,-7
405,4,12,12,288,-7,12,19,281,-7
405,5,12,12,288,-7,12,19,281,-7
405,6,12,11,289,2,12,9,291,2
405,7,12,11,289,2,12,9,291,2
405,8,12,11,289,2,12,9,291,2
405,9,12,9,291,3,12,6,294,3
405,10,12,9,291,3,12,6,294,3
405,11,12,9,291,3,12,6,294,3
405,12,5,11,114,0,5,11,114,0
405,13,5,11,114,0,5,11,114,0
405,14,5,11,114,0,5,11,114,0
405,15,5,11,114,0,5,11,114,0
405,16,5,11,114,0,5,11,114,0
405,17,5,11,114,0,5,11,114,0
405,18,5,11,114,0,5,11,114,0
405,19,5,11,114,0,5,11,114,0
405,20,5,11,114,0,5,11,114,0
405,21,5,11,114,0,5,11,114,0
405,22,5,11,114,0,5,11,114,0
405,23,5,11,114,0,5,11,114,0
405,24,5,11,114,0,5,11,114,0
405,25,5,11,114,0,5,11,114,0
405,26,5,11,114,0,5,11,114,0
405,27,5,11,114,0,5,11,114,0
405,28,5,11,114,0,5,11,114,0
405,29,5,11,114,0,5,11,114,0
405,30,5,11,114,0,5,11,114,0
405,31,5,11,114,0,5,11,114,0
405,32,5,11,114,0,5,11,114,0
405,33,5,11,114,0,5,11,114,0
405,34,5,11,114,0,5,11,114,0
405,35,5,11,114,0,5,11,114,0
405,36,12,11,289,-9,12,20,280,-9
405,37,12,11,289,-9,12,20,280,-9
405,38,12,11,289,-9,12,20,280,-9
405,39,12,10,290,-7,12,17,283,-7
405,40,12,10,290,-7,12,17,283,-7
405,41,12,10,290,-7,12,17,283,-7
405,42,12,11,289,2,12,9,291,2
405,43,12,11,289,2,12,9,291,2
405,44,12,11,289,2,12,9,291,2
405,45,12,13,287,-3,12,16,284,-3
405,46,12,13,287,-3,12,16,284,-3
405,47,12,13,287,-3,12,16,284,-3
405,48,12,10,290,4,12,6,294,4
405,49,12,10,290,4,12,6,294,4
405,50,12,10,290,4,12,6,294,4
405,51,12,10,290,-1,12,11,289,-1
405,52,12,10,290,-1,12,11,289,-1
405,53,12,10,290,-1,12,11,289,-1
405,54,12,11,289,5,12,6,294,5
405,55,12,11,289,5,12,6,294,5
405,56,12,11,289,5,12,6,294,5
405,57,12,11,289,-2,12,13,287,-2
405,58,12,11,289,-2,12,13,287,-2
405,59,12,11,289,-2,12,13,287,-2
405,60,12,11,289,-2,12,13,287,-2
405,61,12,11,289,-2,12,13,287,-2
405,62,12,11,289,-2,12,13,287,-2
405,63,12,14,286,-6,12,20,280,-6
405,64,12,14,286,-6,12,20,280,-6
405,65,12,14,286,-6,12,20,280,-6
405,66,12,12,288,-2,12,14,286,-2
405,67,12,12,288,-2,12,14,286,-2
405,68,12,12,288,-2,12,14,286,-2
405,69,12,13,287,8,12,5,295,8
405,70,12,13,287,8,12,5,295,8
405,71,12,13,287,8,12,5,295,8
405,72,12,11,289,-5,12,16,284,-5
405,73,12,11,289,-5,12,16,284,-5
405,74,12,11,289,-5,12,16,284,-5
405,75,12,11,289,-9,12,20,280,-9
405,76,12,11,289,-9,12,20,280,-9
405,77,12,11,289,-9,12,20,280,-9
405,78,12,13,287,1,12,12,288,1
405,79,12,13,287,1,12,12,288,1
405,80,12,13,287,1,12,12,288,1
405,81,12,13,287,8,12,5,295,8
405,82,12,13,287,8,12,5,295,8
405,83,12,13,287,8,12,5,295,8
405,84,12,9,291,-6,12,15,285,-6
405,85,12,9,291,-6,12,15,285,-6
405,86,12,9,291,-6,12,15,285,-6
405,87,12,9,291,0,12,9,291,0
405,88,12,9,291,0,12,9,291,0
405,89,12,9,291,0,12,9,291,0
405,90,12,11,289,10,12,1,299,10
405,91,12,11,289,10,12,1,299,10
405,92,12,11,289,10,12,1,299,10
405,93,12,11,289,2,12,9,291,2
405,94,12,11,289,2,12,9,291,2
405,95,12,12,288,2,12,10,290,2
406,0,12,11,289,-9,12,20,280,-9
406,1,12,11,289,-9,12,20,280,-9
406,2,12,11,289,-9,12,20,280,-9
406,3,12,7,293,8,13,24,301,8
406,4,12,7,293,8,13,24,301,8
406,5,12,7,293,8,13,24,301,8
406,6,12,11,289,-3,12,14,286,-3
406,7,12,11,289,-3,12,14,286,-3
406,8,12,11,289,-3,12,14,286,-3
406,9,12,12,288,-4,12,16,284,-4
406,10,12,12,288,-4,12,16,284,-4
406,11,12,12,288,-4,12,16,284,-4
406,12,12,12,288,5,12,7,293,5
406,13,12,12,288,5,12,7,293,5
406,14,12,12,288,5,12,7,293,5
406,15,12,9,291,9,12,0,300,9
406,16,12,9,291,9,12,0,300,9
406,17,12,9,291,9,12,0,300,9
406,18,12,11,289,3,12,8,292,3
406,19,12,11,289,3,12,8,292,3
406,20,12,11,289,3,12,8,292,3
406,21,12,11,289,-2,12,13,287,-2
406,22,12,12,288,-2,12,14,286,-2
406,23,12,11,289,-2,12,13,287,-2
406,24,12,12,288,10,12,2,298,10
406,25,12,12,288,10,12,2,298,10
406,26,12,12,288,10,12,2,298,10
406,27,12,14,286,5,12,9,291,5
406,28,12,14,286,5,12,9,291,5
406,29,12,14,286,5,12,9,291,5
406,30,12,11,289,3,12,8,292,3
406,31,12,11,289,3,12,8,292,3
406,32,12,11,289,3,12,8,292,3
406,33,12,15,285,8,12,7,293,8
406,34,12,15,285,8,12,7,293,8
406,35,12,15,285,8,12,7,293,8
406,36,12,14,286,6,12,8,292,6
406,37,12,14,286,6,12,8,292,6
406,38,12,11,289,-2,12,13,287,-2
406,39,12,14,286,6,12,8,292,6
406,40,12,11,289,-2,12,13,287,-2
406,41,12,11,289,-2,12,13,287,-2
406,42,12,14,286,4,12,10,290,4
406,43,12,14,286,4,12,10,290,4
406,44,12,14,286,4,12,10,290,4
406,45,12,13,287,-3,12,16,284,-3
406,46,12,13,287,-3,12,16,284,-3
406,47,12,13,287,-3,12,16,284,-3
406,48,12,11,289,3,12,8,292,3
406,49,12,11,289,3,12,8,292,3
406,50,12,11,289,3,12,8,292,3
406,51,12,11,289,7,12,4,296,7
406,52,12,11,289,7,12,4,296,7
406,53,12,11,289,7,12,4,296,7
406,54,12,13,287,-6,12,19,281,-6
406,55,12,13,287,-6,12,19,281,-6
406,56,12,13,287,-6,12,19,281,-6
406,57,12,13,287,3,12,10,290,3
406,58,12,13,287,3,12,10,290,3
406,59,12,13,287,3,12,10,290,3
406,60,12,11,289,8,12,3,297,8
406,61,12,11,289,8,12,3,297,8
406,62,12,11,289,8,12,3,297,8
406,63,12,13,287,9,12,4,296,9
406,64,12,13,287,9,12,4,296,9
406,65,12,13,287,9,12,4,296,9
406,66,4,14,86,0,4,14,86,0
406,67,4,14,86,0,4,14,86,0
406,68,4,14,86,0,4,14,86,0
406,69,4,14,86,0,4,14,86,0
406,70,4,14,86,0,4,14,86,0
406,71,4,14,86,0,4,14,86,0
406,72,12,12,288,-6,12,18,282,-6
406,73,12,12,288,-6,12,18,282,-6
406,74,12,12,288,-6,12,18,282,-6
406,75,12,12,288,-6,12,18,282,-6
406,76,12,12,288,-6,12,18,282,-6
406,77,12,12,288,-6,12,18,282,-6
406,78,12,13,287,1,12,12,288,1
406,79,12,13,287,1,12,12,288,1
406,80,12,13,287,1,12,12,288,1
406,81,12,14,286,-8,12,22,278,-8
406,82,12,14,286,-8,12,22,278,-8
406,83,12,14,286,-8,12,22,278,-8
406,84,12,11,289,9,12,2,298,9
406,85,12,11,289,9,12,2,298,9
406,86,12,11,289,9,12,2,298,9
406,87,12,14,286,-9,12,23,277,-9
406,88,12,14,286,-9,12,23,277,-9
406,89,12,14,286,-9,12,23,277,-9
406,90,12,12,288,8,12,4,296,8
406,91,12,12,288,8,12,4,296,8
406,92,12,12,288,8,12,4,296,8
406,93,12,12,288,1,12,11,289,1
406,94,12,12,288,1,12,11,289,1
406,95,12,12,288,1,12,11,289,1
407,0,12,10,290,-4,12,14,286,-4
407,1,12,10,290,-4,12,14,286,-4
407,2,12,10,290,-4,12,14,286,-4
407,3,12,10,290,4,12,6,294,4
407,4,12,10,290,4,12,6,294,4
407,5,12,10,290,4,12,6,294,4
407,6,12,11,289,-2,12,13,287,-2
407,7,12,11,289,-2,12,13,287,-2
407,8,12,11,289,-2,12,13,287,-2
407,9,12,12,288,-8,12,20,280,-8
407,10,12,12,288,-8,12,20,280,-8
407,11,12,12,288,-8,12,20,280,-8
407,12,12,11,289,-9,12,20,280,-9
407,13,12,10,290,-9,12,19,281,-9
407,14,12,11,289,-9,12,20,280,-9
407,15,12,9,291,-1,12,10,290,-1
407,16,12,9,291,-1,12,10,290,-1
407,17,12,9,291,-1,12,10,290,-1
407,18,12,14,286,-8,12,22,278,-8
407,19,12,14,286,-8,12,22,278,-8
407,20,12,14,286,-8,12,22,278,-8
407,21,12,12,288,8,12,4,296,8
407,22,12,12,288,8,12,4,296,8
407,23,12,12,288,8,12,4,296,8
407,24,12,10,290,-7,12,17,283,-7
407,25,12,10,290,-7,12,17,283,-7
407,26,12,10,290,-7,12,17,283,-7
407,27,12,12,288,-5,12,17,283,-5
407,28,12,12,288,-5,12,17,283,-5
407,29,12,12,288,-5,12,17,283,-5
407,30,12,11,289,-9,12,20,280,-9
407,31,12,11,289,-9,12,20,280,-9
407,32,12,11,289,-9,12,20,280,-9
407,33,12,15,285,-7,12,22,278,-7
407,34,12,15,285,-7,12,22,278,-7
407,35,12,15,285,-7,12,22,278,-7
407,36,12,8,292,3,12,5,295,3
407,37,12,8,292,3,12,5,295,3
407,38,12,8,292,3,12,5,295,3
407,39,12,12,288,6,12,6,294,6
407,40,12,12,288,6,12,6,294,6
407,41,12,12,288,6,12,6,294,6
407,42,12,11,289,-1,12,12,288,-1
407,43,12,11,289,-1,12,12,288,-1
407,44,12,11,289,-1,12,12,288,-1
407,45,12,12,288,9,12,3,297,9
407,46,12,12,288,9,12,3,297,9
407,47,12,12,288,9,12,3,297,9
407,48,12,12,288,3,12,9,291,3
407,49,12,12,288,3,12,9,291,3
407,50,12,12,288,3,12,9,291,3
407,51,12,13,287,7,12,6,294,7
407,52,12,13,287,7,12,6,294,7
407,53,12,13,287,7,12,6,294,7
407,54,12,13,287,-7,12,20,280,-7
407,55,12,13,287,-7,12,20,280,-7
407,56,12,13,287,-7,12,20,280,-7
407,57,12,14,286,0,12,14,286,0
407,58,12,14,286,0,12,14,286,0
407,59,12,14,286,0,12,14,286,0
407,60,12,11,289,-3,12,14,286,-3
407,61,12,11,289,-3,12,14,286,-3
407,62,12,11,289,-3,12,14,286,-3
407,63,12,12,288,10,12,2,298,10
407,64,12,12,288,10,12,2,298,10
407,65,12,12,288,10,12,2,298,10
407,66,4,13,87,0,4,13,87,0
407,67,4,13,87,0,4,13,87,0
407,68,4,13,87,0,4,13,87,0
407,69,4,13,87,0,4,13,87,0
407,70,4,13,87,0,4,13,87,0
407,71,4,13,87,0,4,13,87,0
407,72,13,22,303,0,13,22,303,0
407,73,12,9,291,0,12,9,291,0
407,74,12,9,291,0,12,9,291,0
407,75,12,10,290,-4,12,14,286,-4
407,76,12,10,290,-4,12,14,286,-4
407,77,12,10,290,-4,12,14,286,-4
407,78,12,17,283,-8,11,0,275,-8
407,79,12,17,283,-8,11,0,275,-8
407,80,12,17,283,-8,11,0,275,-8
407,81,12,13,287,-10,12,23,277,-10
407,82,12,13,287,-10,12,23,277,-10
407,83,12,13,287,-10,12,23,277,-10
407,84,12,13,287,-4,12,17,283,-4
407,85,12,13,287,-4,12,17,283,-4
407,86,12,13,287,-4,12,17,283,-4
407,87,12,12,288,3,12,9,291,3
407,88,12,12,288,3,12,9,291,3
407,89,12,12,288,3,12,9,291,3
407,90,12,13,287,8,12,5,295,8
407,91,12,13,287,8,12,5,295,8
407,92,12,13,287,8,12,5,295,8
407,93,12,14,286,10,12,4,296,10
407,94,12,14,286,10,12,4,296,10
407,95,12,14,286,10,12,4,296,10
408,0,11,10,265,1,11,9,266,1
408,1,11,10,265,1,11,9,266,1
408,2,11,10,265,1,11,9,266,1
408,3,11,13,262,-3,11,16,259,-3
408,4,11,13,262,-3,11,16,259,-3
408,5,11,13,262,-3,11,16,259,-3
408,6,11,10,265,3,11,7,268,3
408,7,11,10,265,3,11,7,268,3
408,8,11,10,265,3,11,7,268,3
408,9,11,11,264,1,11,10,265,1
408,10,11,11,264,1,11,10,265,1
408,11,11,11,264,1,11,10,265,1
408,12,4,11,89,0,4,11,89,0
408,13,4,11,89,0,4,11,89,0
408,14,4,11,89,0,4,11,89,0
408,15,4,11,89,0,4,11,89,0
408,16,4,11,89,0,4,11,89,0
408,17,4,11,89,0,4,11,89,0
408,18,4,11,89,0,4,11,89,0
408,19,4,11,89,0,4,11,89,0
408,20,4,11,89,0,4,11,89,0
408,21,4,11,89,0,4,11,89,0
408,22,4,11,89,0,4,11,89,0
408,23,4,11,89,0,4,11,89,0
408,24,4,11,89,0,4,11,89,0
408,25,4,11,89,0,4,11,89,0
408,26,4,11,89,0,4,11,89,0
408,27,4,11,89,0,4,11,89,0
408,28,4,11,89,0,4,11,89,0
408,29,4,11,89,0,4,11,89,0
408,30,4,11,89,0,4,11,89,0
408,31,4,11,89,0,4,11,89,0
408,32,4,11,89,0,4,11,89,0
408,33,4,11,89,0,4,11,89,0
408,34,4,11,89,0,4,11,89,0
408,35,4,11,89,0,4,11,89,0
408,36,11,11,264,-2,11,13,262,-2
408,37,11,10,265,-2,11,12,263,-2
408,38,11,11,264,-2,11,13,262,-2
408,39,11,9,266,-3,11,12,263,-3
408,40,11,10,265,-3,11,13,262,-3
408,41,11,10,265,-3,11,13,262,-3
408,42,11,13,262,-9,11,22,253,-9
408,43,11,13,262,-9,11,22,253,-9
408,44,11,13,262,-9,11,22,253,-9
408,45,11,15,260,-1,11,16,259,-1
408,46,11,15,260,-1,11,16,259,-1
408,47,11,15,260,-1,11,16,259,-1
408,48,11,11,264,-9,11,20,255,-9
408,49,11,11,264,-9,11,20,255,-9
408,50,11,11,264,-9,11,20,255,-9
408,51,11,11,264,9,11,2,273,9
408,52,11,11,264,9,11,2,273,9
408,53,11,11,264,9,11,2,273,9
408,54,11,12,263,-10,11,22,253,-10
408,55,11,12,263,-10,11,22,253,-10
408,56,11,12,263,-10,11,22,253,-10
408,57,11,12,263,-3,11,15,260,-3
408,58,11,12,263,-3,11,15,260,-3
408,59,11,12,263,-3,11,15,260,-3
408,60,11,8,267,7,11,1,274,7
408,61,11,8,267,7,11,1,274,7
408,62,11,8,267,7,11,1,274,7
408,63,11,15,260,-1,11,16,259,-1
408,64,11,15,260,-1,11,16,259,-1
408,65,11,15,260,-1,11,16,259,-1
408,66,11,12,263,7,11,5,270,7
408,67,11,12,263,7,11,5,270,7
408,68,11,12,263,7,11,5,270,7
408,69,11,10,265,1,11,9,266,1
408,70,11,10,265,1,11,9,266,1
408,71,11,10,265,1,11,9,266,1
408,72,11,8,267,-4,11,12,263,-4
408,73,11,8,267,-4,11,12,263,-4
408,74,11,8,267,-4,11,12,263,-4
408,75,11,8,267,6,11,2,273,6
408,76,11,8,267,6,11,2,273,6
408,77,11,8,267,6,11,2,273,6
408,78,11,13,262,-8,11,21,254,-8
408,79,11,13,262,-8,11,21,254,-8
408,80,11,13,262,-8,11,21,254,-8
408,81,11,11,264,-6,11,17,258,-6
408,82,11,11,264,-6,11,17,258,-6
408,83,11,11,264,-6,11,17,258,-6
408,84,11,12,263,4,11,8,267,4
408,85,11,12,263,4,11,8,267,4
408,86,11,12,263,4,11,8,267,4
408,87,11,12,263,7,11,5,270,7
408,88,11,12,263,7,11,5,270,7
408,89,11,12,263,7,11,5,270,7
408,90,11,13,262,4,11,9,266,4
408,91,11,13,262,4,11,9,266,4
408,92,11,13,262,4,11,9,266,4
408,93,11,13,262,5,11,8,267,5
408,94,11,13,262,5,11,8,267,5
408,95,11,13,262,5,11,8,267,5
409,0,11,10,265,0,11,10,265,0
409,1,11,10,265,0,11,10,265,0
409,2,11,10,265,0,11,10,265,0
409,3,11,9,266,7,11,2,273,7
409,4,11,9,266,7,11,2,273,7
409,5,11,9,266,7,11,2,273,7
409,6,11,10,265,-2,11,12,263,-2
409,7,11,10,265,-2,11,12,263,-2
409,8,11,10,265,-2,11,12,263,-2
409,9,11,11,264,9,11,2,273,9
409,10,11,11,264,9,11,2,273,9
409,11,11,11,264,9,11,2,273,9
409,12,11,10,265,6,11,4,271,6
409,13,11,10,265,6,11,4,271,6
409,14,11,10,265,6,11,4,271,6
409,15,11,11,264,-9,11,20,255,-9
409,16,11,11,264,-9,11,20,255,-9
409,17,11,11,264,-9,11,20,255,-9
409,18,11,12,263,7,11,5,270,7
409,19,11,12,263,7,11,5,270,7
409,20,11,12,263,7,11,5,270,7
409,21,11,11,264,-5,11,16,259,-5
409,22,11,11,264,-5,11,16,259,-5
409,23,11,11,264,-5,11,16,259,-5
409,24,11,10,265,-9,11,19,256,-9
409,25,11,10,265,-9,11,19,256,-9
409,26,11,10,265,-9,11,19,256,-9
409,27,11,13,262,9,11,4,271,9
409,28,11,13,262,9,11,4,271,9
409,29,11,13,262,9,11,4,271,9
409,30,11,11,264,-4,11,15,260,-4
409,31,11,11,264,-4,11,15,260,-4
409,32,11,11,264,-4,11,15,260,-4
409,33,11,12,263,-10,11,22,253,-10
409,34,11,12,263,-10,11,22,253,-10
409,35,11,12,263,-10,11,22,253,-10
409,36,11,10,265,-2,11,12,263,-2
409,37,11,10,265,-2,11,12,263,-2
409,38,11,10,265,-2,11,12,263,-2
409,39,11,9,266,-2,11,11,264,-2
409,40,11,9,266,-2,11,11,264,-2
409,41,11,9,266,-2,11,11,264,-2
409,42,11,12,263,9,11,3,272,9
409,43,11,12,263,9,11,3,272,9
409,44,11,12,263,9,11,3,272,9
409,45,11,11,264,-3,11,14,261,-3
409,46,11,11,264,-3,11,14,261,-3
409,47,11,11,264,-3,11,14,261,-3
409,48,11,11,264,-5,11,16,259,-5
409,49,11,11,264,-5,11,16,259,-5
409,50,11,11,264,-5,11,16,259,-5
409,51,11,10,265,4,11,6,269,4
409,52,11,10,265,4,11,6,269,4
409,53,11,10,265,4,11,6,269,4
409,54,11,13,262,-3,11,16,259,-3
409,55,11,13,262,-3,11,16,259,-3
409,56,11,13,262,-3,11,16,259,-3
409,57,11,15,260,-5,11,20,255,-5
409,58,11,15,260,-5,11,20,255,-5
409,59,11,15,260,-5,11,20,255,-5
409,60,11,9,266,2,11,7,268,2
409,61,11,9,266,2,11,7,268,2
409,62,11,9,266,2,11,7,268,2
409,63,11,12,263,2,11,10,265,2
409,64,11,12,263,2,11,10,265,2
409,65,11,12,263,2,11,10,265,2
409,66,3,12,63,0,3,12,63,0
409,67,3,12,63,0,3,12,63,0
409,68,3,12,63,0,3,12,63,0
409,69,3,12,63,0,3,12,63,0
409,70,3,12,63,0,3,12,63,0
409,71,3,12,63,0,3,12,63,0
409,72,11,12,263,8,11,4,271,8
409,73,11,12,263,8,11,4,271,8
409,74,11,12,263,8,11,4,271,8
409,75,11,10,265,9,11,1,274,9
409,76,11,10,265,9,11,1,274,9
409,77,11,10,265,9,11,1,274,9
409,78,11,14,261,-8,11,22,253,-8
409,79,11,14,261,-8,11,22,253,-8
409,80,11,14,261,-8,11,22,253,-8
409,81,11,11,264,-6,11,17,258,-6
409,82,11,11,264,-6,11,17,258,-6
409,83,11,11,264,-6,11,17,258,-6
409,84,11,12,263,-9,11,21,254,-9
409,85,11,12,263,-9,11,21,254,-9
409,86,11,12,263,-9,11,21,254,-9
409,87,11,17,258,8,11,9,266,8
409,88,11,17,258,8,11,9,266,8
409,89,11,17,258,8,11,9,266,8
409,90,11,15,260,2,11,13,262,2
409,91,11,15,260,2,11,13,262,2
409,92,11,15,260,2,11,13,262,2
409,93,11,11,264,8,11,3,272,8
409,94,11,11,264,8,11,3,272,8
409,95,11,11,264,8,11,3,272,8
410,0,12,9,291,3,12,6,294,3
410,1,12,9,291,3,12,6,294,3
410,2,12,9,291,3,12,6,294,3
410,3,12,12,288,10,12,2,298,10
410,4,12,12,288,10,12,2,298,10
410,5,12,12,288,10,12,2,298,10
410,6,12,14,286,-1,12,15,285,-1
410,7,12,14,286,-1,12,15,285,-1
410,8,12,14,286,-1,12,15,285,-1
410,9,12,12,288,3,12,9,291,3
410,10,12,12,288,3,12,9,291,3
410,11,12,12,288,3,12,9,291,3
410,12,13,21,304,0,13,21,304,0
410,13,13,21,304,0,13,21,304,0
410,14,13,21,304,0,13,21,304,0
410,15,13,20,305,0,13,20,305,0
410,16,13,20,305,0,13,20,305,0
410,17,13,20,305,0,13,20,305,0
410,18,13,22,303,0,13,22,303,0
410,19,13,22,303,0,13,22,303,0
410,20,13,22,303,0,13,22,303,0
410,21,13,21,304,0,13,21,304,0
410,22,13,21,304,0,13,21,304,0
410,23,13,21,304,0,13,21,304,0
410,24,12,12,288,5,12,7,293,5
410,25,12,12,288,5,12,7,293,5
410,26,12,12,288,5,12,7,293,5
410,27,13,23,302,0,13,23,302,0
410,28,13,23,302,0,13,23,302,0
410,29,13,23,302,0,13,23,302,0
410,30,13,21,304,0,13,21,304,0
410,31,13,21,304,0,13,21,304,0
410,32,13,21,304,0,13,21,304,0
410,33,13,23,302,0,13,23,302,0
410,34,13,23,302,0,13,23,302,0
410,35,13,23,302,0,13,23,302,0
410,36,12,9,291,-4,12,13,287,-4
410,37,12,9,291,-4,12,13,287,-4
410,38,12,9,291,-4,12,13,287,-4
410,39,12,12,288,10,12,2,298,10
410,40,12,12,288,10,12,2,298,10
410,41,12,12,288,10,12,2,298,10
410,42,12,17,283,-10,11,2,273,-10
410,43,12,17,283,-10,11,2,273,-10
410,44,12,17,283,-10,11,2,273,-10
410,45,12,14,286,7,12,7,293,7
410,46,12,14,286,7,12,7,293,7
410,47,12,14,286,7,12,7,293,7
410,48,12,10,290,-1,12,11,289,-1
410,49,12,10,290,-1,12,11,289,-1
410,50,12,10,290,-1,12,11,289,-1
410,51,12,12,288,-7,12,19,281,-7
410,52,12,12,288,-7,12,19,281,-7
410,53,12,12,288,-7,12,19,281,-7
410,54,12,14,286,8,12,6,294,8
410,55,12,14,286,8,12,6,294,8
410,56,12,14,286,8,12,6,294,8
410,57,12,14,286,-4,12,18,282,-4
410,58,12,14,286,-4,12,18,282,-4
410,59,12,14,286,-4,12,18,282,-4
410,60,12,12,288,2,12,10,290,2
410,61,12,12,288,2,12,10,290,2
410,62,12,12,288,2,12,10,290,2
410,63,12,14,286,8,12,6,294,8
410,64,12,14,286,8,12,6,294,8
410,65,12,14,286,8,12,6,294,8
410,66,4,14,86,0,4,14,86,0
410,67,4,14,86,0,4,14,86,0
410,68,4,14,86,0,4,14,86,0
410,69,4,14,86,0,4,14,86,0
410,70,4,14,86,0,4,14,86,0
410,71,4,14,86,0,4,14,86,0
410,72,12,11,289,-4,12,15,285,-4
410,73,12,11,289,-4,12,15,285,-4
410,74,12,11,289,-4,12,15,285,-4
410,75,12,10,290,10,12,0,300,10
410,76,12,10,290,10,12,0,300,10
410,77,12,10,290,10,12,0,300,10
410,78,12,13,287,7,12,6,294,7
410,79,12,13,287,7,12,6,294,7
410,80,12,13,287,7,12,6,294,7
410,81,12,13,287,-6,12,19,281,-6
410,82,12,12,288,-6,12,18,282,-6
410,83,12,12,288,-6,12,18,282,-6
410,84,12,10,290,-5,12,15,285,-5
410,85,12,10,290,-5,12,15,285,-5
410,86,12,10,290,-5,12,15,285,-5
410,87,12,13,287,9,12,4,296,9
410,88,12,13,287,9,12,4,296,9
410,89,12,13,287,9,12,4,296,9
410,90,12,13,287,-4,12,17,283,-4
410,91,12,13,287,-4,12,17,283,-4
410,92,12,13,287,-4,12,17,283,-4
410,93,12,15,285,9,12,6,294,9
410,94,12,15,285,9,12,6,294,9
410,95,12,15,285,9,12,6,294,9
411,0,12,10,290,-2,12,12,288,-2
411,1,12,10,290,-2,12,12,288,-2
411,2,12,10,290,-2,12,12,288,-2
411,3,12,10,290,5,12,5,295,5
411,4,12,10,290,5,12,5,295,5
411,5,12,10,290,5,12,5,295,5
411,6,12,13,287,-8,12,21,279,-8
411,7,12,13,287,-8,12,21,279,-8
411,8,12,13,287,-8,12,21,279,-8
411,9,12,13,287,1,12,12,288,1
411,10,12,13,287,1,12,12,288,1
411,11,12,13,287,1,12,12,288,1
411,12,12,8,292,-4,12,12,288,-4
411,13,12,8,292,-4,12,12,288,-4
411,14,12,8,292,-4,12,12,288,-4
411,15,12,11,289,-10,12,21,279,-10
411,16,12,11,289,-10,12,21,279,-10
411,17,12,11,289,-10,12,21,279,-10
411,18,12,11,289,-7,12,18,282,-7
411,19,12,11,289,-7,12,18,282,-7
411,20,12,11,289,-7,12,18,282,-7
411,21,12,12,288,2,12,10,290,2
411,22,12,12,288,2,12,10,290,2
411,23,12,12,288,2,12,10,290,2
411,24,12,12,288,-1,12,13,287,-1
411,25,12,12,288,-1,12,13,287,-1
411,26,12,12,288,-1,12,13,287,-1
411,27,12,14,286,-1,12,15,285,-1
411,28,12,14,286,-1,12,15,285,-1
411,29,12,14,286,-1,12,15,285,-1
411,30,12,12,288,7,12,5,295,7
411,31,12,12,288,7,12,5,295,7
411,32,12,12,288,7,12,5,295,7
411,33,12,13,287,-2,12,15,285,-2
411,34,12,13,287,-2,12,15,285,-2
411,35,12,13,287,-2,12,15,285,-2
411,36,12,11,289,2,12,9,291,2
411,37,12,11,289,2,12,9,291,2
411,38,12,11,289,2,12,9,291,2
411,39,12,8,292,-3,12,11,289,-3
411,40,12,8,292,-3,12,11,289,-3
411,41,12,8,292,-3,12,11,289,-3
411,42,12,15,285,0,12,15,285,0
411,43,12,15,285,0,12,15,285,0
411,44,12,15,285,0,12,15,285,0
411,45,12,14,286,-1,12,15,285,-1
411,46,12,14,286,-1,12,15,285,-1
411,47,12,14,286,-1,12,15,285,-1
411,48,12,15,285,-7,12,22,278,-7
411,49,12,15,285,-7,12,22,278,-7
411,50,12,15,285,-7,12,22,278,-7
411,51,12,11,289,-6,12,17,283,-6
411,52,12,11,289,-6,12,17,283,-6
411,53,12,11,289,-6,12,17,283,-6
411,54,12,13,287,-2,12,15,285,-2
411,55,12,13,287,-2,12,15,285,-2
411,56,12,13,287,-2,12,15,285,-2
411,57,12,15,285,3,12,12,288,3
411,58,12,15,285,3,12,12,288,3
411,59,12,14,286,3,12,11,289,3
411,60,12,11,289,-6,12,17,283,-6
411,61,12,11,289,-6,12,17,283,-6
411,62,12,11,289,-6,12,17,283,-6
411,63,12,16,284,-1,12,17,283,-1
411,64,12,16,284,-1,12,17,283,-1
411,65,12,16,284,-1,12,17,283,-1
411,66,4,14,86,0,4,14,86,0
411,67,4,14,86,0,4,14,86,0
411,68,4,14,86,0,4,14,86,0
411,69,4,14,86,0,4,14,86,0
411,70,4,14,86,0,4,14,86,0
411,71,12,16,284,6,12,10,290,6
411,72,12,14,286,-1,12,15,285,-1
411,73,12,14,286,-1,12,15,285,-1
411,74,12,14,286,-1,12,15,285,-1
411,75,12,13,287,3,12,10,290,3
411,76,12,13,287,3,12,10,290,3
411,77,12,13,287,3,12,10,290,3
411,78,12,11,289,4,12,7,293,4
411,79,12,11,289,4,12,7,293,4
411,80,12,11,289,4,12,7,293,4
411,81,12,15,285,-6,12,21,279,-6
411,82,12,15,285,-6,12,21,279,-6
411,83,12,15,285,-6,12,21,279,-6
411,84,12,12,288,3,12,9,291,3
411,85,12,12,288,3,12,9,291,3
411,86,12,12,288,3,12,9,291,3
411,87,12,16,284,-7,12,23,277,-7
411,88,12,16,284,-7,12,23,277,-7
411,89,12,16,284,-7,12,23,277,-7
411,90,12,15,285,6,12,9,291,6
411,91,4,13,87,0,4,13,87,0
411,92,12,16,284,6,12,10,290,6
411,93,12,16,284,10,12,6,294,10
411,94,12,16,284,10,12,6,294,10
411,95,12,16,284,10,12,6,294,10
412,0,12,7,293,-10,12,17,283,-10
412,1,12,7,293,-10,12,17,283,-10
412,2,12,7,293,-10,12,17,283,-10
412,3,12,11,289,-2,12,13,287,-2
412,4,12,11,289,-2,12,13,287,-2
412,5,12,11,289,-2,12,13,287,-2
412,6,12,11,289,-8,12,19,281,-8
412,7,12,11,289,-8,12,19,281,-8
412,8,12,11,289,-8,12,19,281,-8
412,9,12,11,289,-4,12,15,285,-4
412,10,12,11,289,-4,12,15,285,-4
412,11,12,11,289,-4,12,15,285,-4
412,12,5,11,114,0,5,11,114,0
412,13,5,11,114,0,5,11,114,0
412,14,5,11,114,0,5,11,114,0
412,15,5,11,114,0,5,11,114,0
412,16,5,11,114,0,5,11,114,0
412,17,5,11,114,0,5,11,114,0
412,18,5,11,114,0,5,11,114,0
412,19,5,11,114,0,5,11,114,0
412,20,5,11,114,0,5,11,114,0
412,21,5,11,114,0,5,11,114,0
412,22,5,11,114,0,5,11,114,0
412,23,5,11,114,0,5,11,114,0
412,24,5,11,114,0,5,11,114,0
412,25,5,11,114,0,5,11,114,0
412,26,5,11,114,0,5,11,114,0
412,27,5,11,114,0,5,11,114,0
412,28,5,11,114,0,5,11,114,0
412,29,5,11,114,0,5,11,114,0
412,30,5,11,114,0,5,11,114,0
412,31,5,11,114,0,5,11,114,0
412,32,5,11,114,0,5,11,114,0
412,33,5,11,114,0,5,11,114,0
412,34,5,11,114,0,5,11,114,0
412,35,5,11,114,0,5,11,114,0
412,36,12,10,290,-10,12,20,280,-10
412,37,12,10,290,-10,12,20,280,-10
412,38,12,10,290,-10,12,20,280,-10
412,39,12,11,289,2,12,9,291,2
412,40,12,11,289,2,12,9,291,2
412,41,12,11,289,2,12,9,291,2
412,42,12,11,289,10,12,1,299,10
412,43,12,11,289,10,12,1,299,10
412,44,12,11,289,10,12,1,299,10
412,45,12,12,288,10,12,2,298,10
412,46,12,12,288,10,12,2,298,10
412,47,12,12,288,10,12,2,298,10
412,48,12,12,288,-9,12,21,279,-9
412,49,12,12,288,-9,12,21,279,-9
412,50,12,12,288,-9,12,21,279,-9
412,51,12,7,293,6,12,1,299,6
412,52,12,7,293,6,12,1,299,6
412,53,12,7,293,6,12,1,299,6
412,54,12,8,292,-7,12,15,285,-7
412,55,12,8,292,-7,12,15,285,-7
412,56,12,8,292,-7,12,15,285,-7
412,57,12,12,288,-3,12,15,285,-3
412,58,12,12,288,-3,12,15,285,-3
412,59,12,12,288,-3,12,15,285,-3
412,60,12,9,291,10,13,24,301,10
412,61,12,9,291,10,13,24,301,10
412,62,12,9,291,10,13,24,301,10
412,63,12,12,288,-6,12,18,282,-6
412,64,12,12,288,-6,12,18,282,-6
412,65,12,12,288,-6,12,18,282,-6
412,66,12,10,290,-2,12,12,288,-2
412,67,12,10,290,-2,12,12,288,-2
412,68,12,10,290,-2,12,12,288,-2
412,69,12,14,286,7,12,7,293,7
412,70,12,14,286,7,12,7,293,7
412,71,12,14,286,7,12,7,293,7
412,72,12,8,292,7,12,1,299,7
412,73,12,8,292,7,12,1,299,7
412,74,12,8,292,7,12,1,299,7
412,75,12,8,292,7,12,1,299,7
412,76,12,8,292,7,12,1,299,7
412,77,12,8,292,7,12,1,299,7
412,78,12,13,287,10,12,3,297,10
412,79,12,13,287,10,12,3,297,10
412,80,12,13,287,10,12,3,297,10
412,81,12,12,288,6,12,6,294,6
412,82,12,12,288,6,12,6,294,6
412,83,12,12,288,6,12,6,294,6
412,84,12,8,292,10,13,23,302,10
412,85,12,8,292,10,13,23,302,10
412,86,12,8,292,10,13,23,302,10
412,87,12,8,292,6,12,2,298,6
412,88,12,8,292,6,12,2,298,6
412,89,12,8,292,6,12,2,298,6
412,90,12,13,287,3,12,10,290,3
412,91,12,13,287,3,12,10,290,3
412,92,12,13,287,3,12,10,290,3
412,93,12,12,288,-3,12,15,285,-3
412,94,12,12,288,-3,12,15,285,-3
412,95,12,12,288,-3,12,15,285,-3
413,0,13,21,304,0,13,21,304,0
413,1,13,21,304,0,13,21,304,0
413,2,13,21,304,0,13,21,304,0
413,3,13,21,304,0,13,21,304,0
413,4,13,21,304,0,13,21,304,0
413,5,13,21,304,0,13,21,304,0
413,6,12,11,289,-4,12,15,285,-4
413,7,12,11,289,-4,12,15,285,-4
413,8,12,11,289,-4,12,15,285,-4
413,9,13,21,304,0,13,21,304,0
413,10,13,21,304,0,13,21,304,0
413,11,13,21,304,0,13,21,304,0
413,12,12,6,294,-8,12,14,286,-8
413,13,12,6,294,-8,12,14,286,-8
413,14,12,6,294,-8,12,14,286,-8
413,15,12,6,294,6,12,0,300,6
413,16,12,6,294,6,12,0,300,6
413,17,12,6,294,6,12,0,300,6
413,18,12,8,292,-4,12,12,288,-4
413,19,12,8,292,-4,12,12,288,-4
413,20,12,8,292,-4,12,12,288,-4
413,21,12,10,290,-2,12,12,288,-2
413,22,12,10,290,-2,12,12,288,-2
413,23,12,10,290,-2,12,12,288,-2
413,24,12,8,292,-9,12,17,283,-9
413,25,12,8,292,-9,12,17,283,-9
413,26,12,8,292,-9,12,17,283,-9
413,27,12,11,289,-1,12,12,288,-1
413,28,12,11,289,-1,12,12,288,-1
413,29,12,11,289,-1,12,12,288,-1
413,30,12,8,292,7,12,1,299,7
413,31,12,8,292,7,12,1,299,7
413,32,12,8,292,7,12,1,299,7
413,33,12,12,288,-3,12,15,285,-3
413,34,12,12,288,-3,12,15,285,-3
413,35,12,12,288,-3,12,15,285,-3
413,36,12,11,289,3,12,8,292,3
413,37,12,11,289,3,12,8,292,3
413,38,12,11,289,3,12,8,292,3
413,39,12,11,289,0,12,11,289,0
413,40,12,11,289,0,12,11,289,0
413,41,12,11,289,0,12,11,289,0
413,42,12,14,286,5,12,9,291,5
413,43,12,14,286,5,12,9,291,5
413,44,12,14,286,5,12,9,291,5
413,45,12,11,289,4,12,7,293,4
413,46,12,11,289,4,12,7,293,4
413,47,12,10,290,4,12,6,294,4
413,48,12,10,290,-1,12,11,289,-1
413,49,12,10,290,-1,12,11,289,-1
413,50,12,10,290,-1,12,11,289,-1
413,51,12,9,291,0,12,9,291,0
413,52,12,9,291,0,12,9,291,0
413,53,12,9,291,0,12,9,291,0
413,54,12,11,289,9,12,2,298,9
413,55,12,11,289,9,12,2,298,9
413,56,12,11,289,9,12,2,298,9
413,57,12,11,289,5,12,6,294,5
413,58,12,11,289,5,12,6,294,5
413,59,12,11,289,5,12,6,294,5
413,60,12,8,292,-2,12,10,290,-2
413,61,12,8,292,-2,12,10,290,-2
413,62,12,8,292,-2,12,10,290,-2
413,63,12,13,287,-10,12,23,277,-10
413,64,12,13,287,-10,12,23,277,-10
413,65,12,13,287,-10,12,23,277,-10
413,66,4,14,86,0,4,14,86,0
413,67,4,14,86,0,4,14,86,0
413,68,4,14,86,0,4,14,86,0
413,69,4,14,86,0,4,14,86,0
413,70,4,14,86,0,4,14,86,0
413,71,4,14,86,0,4,14,86,0
413,72,12,10,290,-4,12,14,286,-4
413,73,12,10,290,-4,12,14,286,-4
413,74,12,10,290,-4,12,14,286,-4
413,75,12,6,294,1,12,5,295,1
413,76,12,6,294,1,12,5,295,1
413,77,12,6,294,1,12,5,295,1
413,78,12,11,289,1,12,10,290,1
413,79,12,11,289,1,12,10,290,1
413,80,12,11,289,1,12,10,290,1
413,81,12,11,289,7,12,4,296,7
413,82,12,11,289,7,12,4,296,7
413,83,12,11,289,7,12,4,296,7
413,84,12,8,292,10,13,23,302,10
413,85,12,8,292,10,13,23,302,10
413,86,12,8,292,10,13,23,302,10
413,87,12,10,290,-9,12,19,281,-9
413,88,12,10,290,-9,12,19,281,-9
413,89,12,10,290,-9,12,19,281,-9
413,90,12,9,291,5,12,4,296,5
413,91,12,9,291,5,12,4,296,5
413,92,12,9,291,5,12,4,296,5
413,93,12,12,288,5,12,7,293,5
413,94,12,12,288,5,12,7,293,5
413,95,12,12,288,5,12,7,293,5
414,0,12,9,291,2,12,7,293,2
414,1,12,9,291,2,12,7,293,2
414,2,12,9,291,2,12,7,293,2
414,3,12,8,292,-2,12,10,290,-2
414,4,12,8,292,-2,12,10,290,-2
414,5,12,8,292,-2,12,10,290,-2
414,6,12,10,290,3,12,7,293,3
414,7,12,10,290,3,12,7,293,3
414,8,12,10,290,3,12,7,293,3
414,9,12,9,291,-8,12,17,283,-8
414,10,12,9,291,-8,12,17,283,-8
414,11,12,9,291,-8,12,17,283,-8
414,12,12,8,292,3,12,5,295,3
414,13,12,8,292,3,12,5,295,3
414,14,12,8,292,3,12,5,295,3
414,15,12,9,291,-3,12,12,288,-3
414,16,12,9,291,-3,12,12,288,-3
414,17,12,9,291,-3,12,12,288,-3
414,18,12,10,290,3,12,7,293,3
414,19,12,10,290,3,12,7,293,3
414,20,12,10,290,3,12,7,293,3
414,21,12,10,290,2,12,8,292,2
414,22,12,10,290,2,12,8,292,2
414,23,12,10,290,2,12,8,292,2
414,24,12,9,291,-6,12,15,285,-6
414,25,12,9,291,-6,12,15,285,-6
414,26,12,9,291,-6,12,15,285,-6
414,27,12,12,288,10,12,2,298,10
414,28,12,12,288,10,12,2,298,10
414,29,12,12,288,10,12,2,298,10
414,30,12,11,289,5,12,6,294,5
414,31,12,11,289,5,12,6,294,5
414,32,12,11,289,5,12,6,294,5
414,33,12,11,289,7,12,4,296,7
414,34,12,11,289,7,12,4,296,7
414,35,12,11,289,7,12,4,296,7
414,36,12,8,292,-6,12,14,286,-6
414,37,12,8,292,-6,12,14,286,-6
414,38,12,8,292,-6,12,14,286,-6
414,39,12,11,289,8,12,3,297,8
414,40,12,11,289,8,12,3,297,8
414,41,12,11,289,8,12,3,297,8
414,42,12,14,286,-1,12,15,285,-1
414,43,12,14,286,-1,12,15,285,-1
414,44,12,14,286,-1,12,15,285,-1
414,45,12,10,290,-1,12,11,289,-1
414,46,12,10,290,-1,12,11,289,-1
414,47,12,10,290,-1,12,11,289,-1
414,48,12,10,290,7,12,3,297,7
414,49,12,10,290,7,12,3,297,7
414,50,12,10,290,7,12,3,297,7
414,51,12,12,288,-5,12,17,283,-5
414,52,12,12,288,-5,12,17,283,-5
414,53,12,12,288,-5,12,17,283,-5
414,54,12,12,288,4,12,8,292,4
414,55,12,12,288,4,12,8,292,4
414,56,12,12,288,4,12,8,292,4
414,57,12,14,286,8,12,6,294,8
414,58,12,14,286,8,12,6,294,8
414,59,12,14,286,8,12,6,294,8
414,60,12,10,290,8,12,2,298,8
414,61,12,10,290,8,12,2,298,8
414,62,12,10,290,8,12,2,298,8
414,63,12,13,287,4,12,9,291,4
414,64,12,13,287,4,12,9,291,4
414,65,12,13,287,4,12,9,291,4
414,66,4,13,87,0,4,13,87,0
414,67,4,13,87,0,4,13,87,0
414,68,4,13,87,0,4,13,87,0
414,69,4,13,87,0,4,13,87,0
414,70,4,13,87,0,4,13,87,0
414,71,4,13,87,0,4,13,87,0
414,72,12,9,291,6,12,3,297,6
414,73,12,9,291,6,12,3,297,6
414,74,12,9,291,6,12,3,297,6
414,75,12,12,288,-6,12,18,282,-6
414,76,12,12,288,-6,12,18,282,-6
414,77,12,12,288,-6,12,18,282,-6
414,78,12,15,285,7,12,8,292,7
414,79,12,15,285,7,12,8,292,7
414,80,12,15,285,7,12,8,292,7
414,81,12,13,287,-7,12,20,280,-7
414,82,12,13,287,-7,12,20,280,-7
414,83,12,13,287,-7,12,20,280,-7
414,84,12,8,292,8,12,0,300,8
414,85,12,8,292,8,12,0,300,8
414,86,12,8,292,8,12,0,300,8
414,87,12,14,286,-8,12,22,278,-8
414,88,12,14,286,-8,12,22,278,-8
414,89,12,14,286,-8,12,22,278,-8
414,90,12,13,287,4,12,9,291,4
414,91,12,13,287,4,12,9,291,4
414,92,12,13,287,4,12,9,291,4
414,93,12,13,287,-3,12,16,284,-3
414,94,12,13,287,-3,12,16,284,-3
414,95,12,13,287,-3,12,16,284,-3
415,0,12,10,290,1,12,9,291,1
415,1,12,10,290,1,12,9,291,1
415,2,12,10,290,1,12,9,291,1
415,3,12,13,287,7,12,6,294,7
415,4,12,13,287,7,12,6,294,7
415,5,12,13,287,7,12,6,294,7
415,6,12,12,288,-1,12,13,287,-1
415,7,12,12,288,-1,12,13,287,-1
415,8,12,12,288,-1,12,13,287,-1
415,9,12,14,286,9,12,5,295,9
415,10,12,14,286,9,12,5,295,9
415,11,12,14,286,9,12,5,295,9
415,12,5,11,114,0,5,11,114,0
415,13,5,11,114,0,5,11,114,0
415,14,5,11,114,0,5,11,114,0
415,15,5,11,114,0,5,11,114,0
415,16,5,11,114,0,5,11,114,0
415,17,5,11,114,0,5,11,114,0
415,18,5,11,114,0,5,11,114,0
415,19,5,11,114,0,5,11,114,0
415,20,5,11,114,0,5,11,114,0
415,21,5,11,114,0,5,11,114,0
415,22,5,11,114,0,5,11,114,0
415,23,5,11,114,0,5,11,114,0
415,24,5,11,114,0,5,11,114,0
415,25,5,11,114,0,5,11,114,0
415,26,5,11,114,0,5,11,114,0
415,27,5,11,114,0,5,11,114,0
415,28,5,11,114,0,5,11,114,0
415,29,5,11,114,0,5,11,114,0
415,30,5,11,114,0,5,11,114,0
415,31,5,11,114,0,5,11,114,0
415,32,5,11,114,0,5,11,114,0
415,33,5,11,114,0,5,11,114,0
415,34,5,11,114,0,5,11,114,0
415,35,5,11,114,0,5,11,114,0
415,36,12,10,290,9,12,1,299,9
415,37,12,10,290,9,12,1,299,9
415,38,12,10,290,9,12,1,299,9
415,39,12,11,289,9,12,2,298,9
415,40,12,11,289,9,12,2,298,9
415,41,12,11,289,9,12,2,298,9
415,42,12,13,287,0,12,13,287,0
415,43,12,13,287,0,12,13,287,0
415,44,12,13,287,0,12,13,287,0
415,45,12,13,287,7,12,6,294,7
415,46,12,13,287,7,12,6,294,7
415,47,12,13,287,7,12,6,294,7
415,48,12,15,285,-9,12,24,276,-9
415,49,12,15,285,-9,12,24,276,-9
415,50,12,15,285,-9,12,24,276,-9
415,51,12,12,288,5,12,7,293,5
415,52,12,12,288,5,12,7,293,5
415,53,12,12,288,5,12,7,293,5
415,54,12,15,285,-1,12,16,284,-1
415,55,12,15,285,-1,12,16,284,-1
415,56,12,15,285,-1,12,16,284,-1
415,57,12,15,285,4,12,11,289,4
415,58,12,15,285,4,12,11,289,4
415,59,12,15,285,4,12,11,289,4
415,60,12,13,287,-5,12,18,282,-5
415,61,12,13,287,-5,12,18,282,-5
415,62,12,13,287,-5,12,18,282,-5
415,63,12,15,285,10,12,5,295,10
415,64,12,15,285,10,12,5,295,10
415,65,12,15,285,10,12,5,295,10
415,66,12,14,286,-3,12,17,283,-3
415,67,12,14,286,-3,12,17,283,-3
415,68,12,14,286,-3,12,17,283,-3
415,69,12,16,284,-10,11,1,274,-10
415,70,12,16,284,-10,11,1,274,-10
415,71,12,16,284,-10,11,1,274,-10
415,72,12,11,289,-5,12,16,284,-5
415,73,12,11,289,-5,12,16,284,-5
415,74,12,11,289,-5,12,16,284,-5
415,75,12,11,289,-3,12,14,286,-3
415,76,12,11,289,-3,12,14,286,-3
415,77,12,11,289,-3,12,14,286,-3
415,78,12,15,285,-3,12,18,282,-3
415,79,12,15,285,-3,12,18,282,-3
415,80,12,15,285,-3,12,18,282,-3
415,81,12,18,282,3,12,15,285,3
415,82,12,18,282,3,12,15,285,3
415,83,12,18,282,3,12,15,285,3
415,84,12,13,287,7,12,6,294,7
415,85,12,13,287,7,12,6,294,7
415,86,12,13,287,7,12,6,294,7
415,87,12,11,289,-1,12,12,288,-1
415,88,12,11,289,-1,12,12,288,-1
415,89,12,11,289,-1,12,12,288,-1
415,90,12,14,286,-7,12,21,279,-7
415,91,12,14,286,-7,12,21,279,-7
415,92,12,14,286,-7,12,21,279,-7
415,93,12,15,285,2,12,13,287,2
415,94,12,15,285,2,12,13,287,2
415,95,12,15,285,2,12,13,287,2
416,0,12,7,293,1,12,6,294,1
416,1,4,13,87,0,4,13,87,0
416,2,13,20,305,0,13,20,305,0
416,3,12,8,292,1,12,7,293,1
416,4,12,8,292,1,12,7,293,1
416,5,12,8,292,1,12,7,293,1
416,6,12,13,287,3,12,10,290,3
416,7,12,13,287,3,12,10,290,3
416,8,12,13,287,3,12,10,290,3
416,9,12,12,288,-3,12,15,285,-3
416,10,12,12,288,-3,12,15,285,-3
416,11,12,12,288,-3,12,15,285,-3
416,12,12,11,289,3,12,8,292,3
416,13,12,10,290,3,12,7,293,3
416,14,12,10,290,3,12,7,293,3
416,15,12,9,291,-3,12,12,288,-3
416,16,12,9,291,-3,12,12,288,-3
416,17,12,9,291,-3,12,12,288,-3
416,18,12,11,289,-1,12,12,288,-1
416,19,12,11,289,-1,12,12,288,-1
416,20,12,12,288,-1,12,13,287,-1
416,21,12,13,287,-10,12,23,277,-10
416,22,12,13,287,-10,12,23,277,-10
416,23,12,13,287,-10,12,23,277,-10
416,24,12,11,289,8,12,3,297,8
416,25,12,11,289,8,12,3,297,8
416,26,12,11,289,8,12,3,297,8
416,27,12,13,287,6,12,7,293,6
416,28,12,13,287,6,12,7,293,6
416,29,12,13,287,6,12,7,293,6
416,30,12,13,287,-5,12,18,282,-5
416,31,12,13,287,-5,12,18,282,-5
416,32,12,13,287,-5,12,18,282,-5
416,33,12,14,286,-6,12,20,280,-6
416,34,12,14,286,-6,12,20,280,-6
416,35,12,14,286,-6,12,20,280,-6
416,36,12,14,286,-2,12,16,284,-2
416,37,12,14,286,-2,12,16,284,-2
416,38,12,14,286,-2,12,16,284,-2
416,39,12,10,290,-2,12,12,288,-2
416,40,12,10,290,-2,12,12,288,-2
416,41,12,10,290,-2,12,12,288,-2
416,42,12,12,288,6,12,6,294,6
416,43,12,12,288,6,12,6,294,6
416,44,12,12,288,6,12,6,294,6
416,45,12,10,290,4,12,6,294,4
416,46,12,10,290,4,12,6,294,4
416,47,12,10,290,4,12,6,294,4
416,48,12,9,291,-5,12,14,286,-5
416,49,12,9,291,-5,12,14,286,-5
416,50,12,9,291,-5,12,14,286,-5
416,51,12,7,293,3,12,4,296,3
416,52,12,7,293,3,12,4,296,3
416,53,12,7,293,3,12,4,296,3
416,54,12,11,289,9,12,2,298,9
416,55,12,11,289,9,12,2,298,9
416,56,12,11,289,9,12,2,298,9
416,57,12,13,287,-5,12,18,282,-5
416,58,12,13,287,-5,12,18,282,-5
416,59,12,13,287,-5,12,18,282,-5
416,60,12,13,287,5,12,8,292,5
416,61,12,13,287,5,12,8,292,5
416,62,12,13,287,5,12,8,292,5
416,63,12,12,288,10,12,2,298,10
416,64,12,12,288,10,12,2,298,10
416,65,12,12,288,10,12,2,298,10
416,66,4,13,87,0,4,13,87,0
416,67,4,13,87,0,4,13,87,0
416,68,4,13,87,0,4,13,87,0
416,69,4,13,87,0,4,13,87,0
416,70,4,13,87,0,4,13,87,0
416,71,4,13,87,0,4,13,87,0
416,72,12,12,288,4,12,8,292,4
416,73,12,12,288,4,12,8,292,4
416,74,12,12,288,4,12,8,292,4
416,75,12,10,290,4,12,6,294,4
416,76,12,10,290,4,12,6,294,4
416,77,12,10,290,4,12,6,294,4
416,78,12,14,286,-9,12,23,277,-9
416,79,12,14,286,-9,12,23,277,-9
416,80,12,14,286,-9,12,23,277,-9
416,81,12,13,287,4,12,9,291,4
416,82,12,13,287,4,12,9,291,4
416,83,12,13,287,4,12,9,291,4
416,84,12,10,290,-4,12,14,286,-4
416,85,12,10,290,-4,12,14,286,-4
416,86,12,10,290,-4,12,14,286,-4
416,87,12,11,289,-4,12,15,285,-4
416,88,12,11,289,-4,12,15,285,-4
416,89,12,11,289,-4,12,15,285,-4
416,90,12,13,287,3,12,10,290,3
416,91,12,13,287,3,12,10,290,3
416,92,12,13,287,3,12,10,290,3
416,93,12,14,286,8,12,6,294,8
416,94,12,14,286,8,12,6,294,8
416,95,12,14,286,8,12,6,294,8
417,0,11,13,262,-7,11,20,255,-7
417,1,11,13,262,-7,11,20,255,-7
417,2,11,13,262,-7,11,20,255,-7
417,3,11,8,267,-1,11,9,266,-1
417,4,11,8,267,-1,11,9,266,-1
417,5,11,8,267,-1,11,9,266,-1
417,6,11,11,264,1,11,10,265,1
417,7,11,11,264,1,11,10,265,1
417,8,11,11,264,1,11,10,265,1
417,9,11,15,260,-5,11,20,255,-5
417,10,11,16,259,-5,11,21,254,-5
417,11,11,15,260,-5,11,20,255,-5
417,12,11,14,261,10,11,4,271,10
417,13,11,14,261,10,11,4,271,10
417,14,11,14,261,10,11,4,271,10
417,15,11,10,265,-4,11,14,261,-4
417,16,11,10,265,-4,11,14,261,-4
417,17,11,10,265,-4,11,14,261,-4
417,18,11,11,264,-8,11,19,256,-8
417,19,11,11,264,-8,11,19,256,-8
417,20,11,11,264,-8,11,19,256,-8
417,21,11,11,264,4,11,7,268,4
417,22,11,11,264,4,11,7,268,4
417,23,11,11,264,4,11,7,268,4
417,24,11,13,262,0,11,13,262,0
417,25,11,13,262,0,11,13,262,0
417,26,11,13,262,0,11,13,262,0
417,27,11,14,261,3,11,11,264,3
417,28,11,14,261,3,11,11,264,3
417,29,11,14,261,3,11,11,264,3
417,30,11,13,262,3,11,10,265,3
417,31,11,13,262,3,11,10,265,3
417,32,11,13,262,3,11,10,265,3
417,33,11,12,263,-7,11,19,256,-7
417,34,11,12,263,-7,11,19,256,-7
417,35,11,12,263,-7,11,19,256,-7
417,36,11,10,265,3,11,7,268,3
417,37,11,10,265,3,11,7,268,3
417,38,11,10,265,3,11,7,268,3
417,39,11,10,265,7,11,3,272,7
417,40,11,10,265,7,11,3,272,7
417,41,11,10,265,7,11,3,272,7
417,42,11,12,263,-4,11,16,259,-4
417,43,11,13,262,-4,11,17,258,-4
417,44,11,13,262,-4,11,17,258,-4
417,45,11,14,261,-5,11,19,256,-5
417,46,11,14,261,-5,11,19,256,-5
417,47,11,14,261,-5,11,19,256,-5
417,48,11,13,262,4,11,9,266,4
417,49,11,12,263,4,11,8,267,4
417,50,11,12,263,4,11,8,267,4
417,51,11,13,262,-6,11,19,256,-6
417,52,11,12,263,-6,11,18,257,-6
417,53,11,12,263,-6,11,18,257,-6
417,54,11,13,262,-3,11,16,259,-3
417,55,11,14,261,-3,11,17,258,-3
417,56,11,13,262,-3,11,16,259,-3
417,57,11,14,261,5,11,9,266,5
417,58,11,14,261,5,11,9,266,5
417,59,11,14,261,5,11,9,266,5
417,60,11,14,261,-2,11,16,259,-2
417,61,11,14,261,-2,11,16,259,-2
417,62,11,14,261,-2,11,16,259,-2
417,63,11,15,260,5,11,10,265,5
417,64,11,15,260,5,11,10,265,5
417,65,11,15,260,5,11,10,265,5
417,66,3,13,62,0,3,13,62,0
417,67,3,13,62,0,3,13,62,0
417,68,3,13,62,0,3,13,62,0
417,69,3,13,62,0,3,13,62,0
417,70,3,13,62,0,3,13,62,0
417,71,3,13,62,0,3,13,62,0
417,72,11,12,263,-5,11,17,258,-5
417,73,11,12,263,-5,11,17,258,-5
417,74,11,12,263,-5,11,17,258,-5
417,75,11,11,264,0,11,11,264,0
417,76,11,11,264,0,11,11,264,0
417,77,11,11,264,0,11,11,264,0
417,78,11,14,261,-10,11,24,251,-10
417,79,11,14,261,-10,11,24,251,-10
417,80,11,14,261,-10,11,24,251,-10
417,81,11,13,262,-10,11,23,252,-10
417,82,11,13,262,-10,11,23,252,-10
417,83,11,13,262,-10,11,23,252,-10
417,84,11,14,261,-10,11,24,251,-10
417,85,11,14,261,-10,11,24,251,-10
417,86,11,14,261,-10,11,24,251,-10
417,87,11,16,259,-2,11,18,257,-2
417,88,11,16,259,-2,11,18,257,-2
417,89,11,16,259,-2,11,18,257,-2
417,90,11,14,261,9,11,5,270,9
417,91,11,14,261,9,11,5,270,9
417,92,11,14,261,9,11,5,270,9
417,93,11,15,260,-8,11,23,252,-8
417,94,11,15,260,-8,11,23,252,-8
417,95,11,15,260,-8,11,23,252,-8
418,0,11,11,264,0,11,11,264,0
418,1,11,11,264,0,11,11,264,0
418,2,11,11,264,0,11,11,264,0
418,3,11,13,262,0,11,13,262,0
418,4,11,13,262,0,11,13,262,0
418,5,11,13,262,0,11,13,262,0
418,6,11,12,263,-2,11,14,261,-2
418,7,11,12,263,-2,11,14,261,-2
418,8,11,12,263,-2,11,14,261,-2
418,9,11,11,264,5,11,6,269,5
418,10,11,11,264,5,11,6,269,5
418,11,11,11,264,5,11,6,269,5
418,12,11,11,264,7,11,4,271,7
418,13,11,11,264,7,11,4,271,7
418,14,11,11,264,7,11,4,271,7
418,15,11,11,264,5,11,6,269,5
418,16,11,11,264,5,11,6,269,5
418,17,11,11,264,5,11,6,269,5
418,18,11,13,262,9,11,4,271,9
418,19,11,13,262,9,11,4,271,9
418,20,11,13,262,9,11,4,271,9
418,21,11,12,263,2,11,10,265,2
418,22,11,12,263,2,11,10,265,2
418,23,11,11,264,2,11,9,266,2
418,24,11,13,262,-3,11,16,259,-3
418,25,11,13,262,-3,11,16,259,-3
418,26,11,13,262,-3,11,16,259,-3
418,27,11,11,264,-8,11,19,256,-8
418,28,11,11,264,-8,11,19,256,-8
418,29,11,11,264,-8,11,19,256,-8
418,30,11,15,260,2,11,13,262,2
418,31,11,15,260,2,11,13,262,2
418,32,11,15,260,2,11,13,262,2
418,33,11,12,263,4,11,8,267,4
418,34,11,11,264,4,11,7,268,4
418,35,11,11,264,4,11,7,268,4
418,36,11,13,262,10,11,3,272,10
418,37,11,13,262,10,11,3,272,10
418,38,11,13,262,10,11,3,272,10
418,39,11,13,262,-2,11,15,260,-2
418,40,11,12,263,-2,11,14,261,-2
418,41,11,13,262,-2,11,15,260,-2
418,42,3,13,62,0,3,13,62,0
418,43,3,13,62,0,3,13,62,0
418,44,3,13,62,0,3,13,62,0
418,45,3,13,62,0,3,13,62,0
418,46,3,13,62,0,3,13,62,0
418,47,3,13,62,0,3,13,62,0
418,48,11,10,265,8,11,2,273,8
418,49,11,10,265,8,11,2,273,8
418,50,11,10,265,8,11,2,273,8
418,51,11,9,266,-5,11,14,261,-5
418,52,11,9,266,-5,11,14,261,-5
418,53,11,9,266,-5,11,14,261,-5
418,54,11,14,261,-10,11,24,251,-10
418,55,11,14,261,-10,11,24,251,-10
418,56,11,14,261,-10,11,24,251,-10
418,57,11,14,261,-4,11,18,257,-4
418,58,11,14,261,-4,11,18,257,-4
418,59,11,14,261,-4,11,18,257,-4
418,60,11,9,266,5,11,4,271,5
418,61,11,9,266,5,11,4,271,5
418,62,11,9,266,5,11,4,271,5
418,63,11,12,263,5,11,7,268,5
418,64,11,12,263,5,11,7,268,5
418,65,11,12,263,5,11,7,268,5
418,66,11,11,264,-8,11,19,256,-8
418,67,11,11,264,-8,11,19,256,-8
418,68,11,11,264,-8,11,19,256,-8
418,69,11,12,263,-2,11,14,261,-2
418,70,11,12,263,-2,11,14,261,-2
418,71,11,12,263,-2,11,14,261,-2
418,72,11,12,263,-8,11,20,255,-8
418,73,11,12,263,-8,11,20,255,-8
418,74,11,12,263,-8,11,20,255,-8
418,75,11,10,265,5,11,5,270,5
418,76,11,10,265,5,11,5,270,5
418,77,11,10,265,5,11,5,270,5
418,78,11,11,264,10,11,1,274,10
418,79,11,11,264,10,11,1,274,10
418,80,11,11,264,10,11,1,274,10
418,81,11,11,264,4,11,7,268,4
418,82,11,11,264,4,11,7,268,4
418,83,11,11,264,4,11,7,268,4
418,84,11,13,262,9,11,4,271,9
418,85,11,13,262,9,11,4,271,9
418,86,11,13,262,9,11,4,271,9
418,87,11,12,263,5,11,7,268,5
418,88,11,12,263,5,11,7,268,5
418,89,11,12,263,5,11,7,268,5
418,90,11,15,260,-8,11,23,252,-8
418,91,11,15,260,-8,11,23,252,-8
418,92,11,15,260,-8,11,23,252,-8
418,93,11,13,262,9,11,4,271,9
418,94,11,13,262,9,11,4,271,9
418,95,11,13,262,9,11,4,271,9
419,0,11,11,264,-9,11,20,255,-9
419,1,11,11,264,-9,11,20,255,-9
419,2,11,11,264,-9,11,20,255,-9
419,3,11,12,263,2,11,10,265,2
419,4,11,12,263,2,11,10,265,2
419,5,11,12,263,2,11,10,265,2
419,6,11,12,263,8,11,4,271,8
419,7,11,12,263,8,11,4,271,8
419,8,11,12,263,8,11,4,271,8
419,9,11,11,264,2,11,9,266,2
419,10,11,11,264,2,11,9,266,2
419,11,11,11,264,2,11,9,266,2
419,12,4,11,89,0,4,11,89,0
419,13,4,11,89,0,4,11,89,0
419,14,4,11,89,0,4,11,89,0
419,15,4,11,89,0,4,11,89,0
419,16,4,11,89,0,4,11,89,0
419,17,4,11,89,0,4,11,89,0
419,18,4,11,89,0,4,11,89,0
419,19,4,11,89,0,4,11,89,0
419,20,4,11,89,0,4,11,89,0
419,21,4,11,89,0,4,11,89,0
419,22,4,11,89,0,4,11,89,0
419,23,4,11,89,0,4,11,89,0
419,24,4,11,89,0,4,11,89,0
419,25,4,11,89,0,4,11,89,0
419,26,4,11,89,0,4,11,89,0
419,27,4,11,89,0,4,11,89,0
419,28,4,11,89,0,4,11,89,0
419,29,4,11,89,0,4,11,89,0
419,30,4,11,89,0,4,11,89,0
419,31,4,11,89,0,4,11,89,0
419,32,4,11,89,0,4,11,89,0
419,33,4,11,89,0,4,11,89,0
419,34,4,11,89,0,4,11,89,0
419,35,4,11,89,0,4,11,89,0
419,36,11,14,261,2,11,12,263,2
419,37,11,14,261,2,11,12,263,2
419,38,11,14,261,2,11,12,263,2
419,39,11,10,265,-5,11,15,260,-5
419,40,11,10,265,-5,11,15,260,-5
419,41,11,10,265,-5,11,15,260,-5
419,42,11,12,263,2,11,10,265,2
419,43,11,13,262,2,11,11,264,2
419,44,11,12,263,2,11,10,265,2
419,45,11,14,261,-10,11,24,251,-10
419,46,11,14,261,-10,11,24,251,-10
419,47,11,14,261,-10,11,24,251,-10
419,48,11,12,263,-1,11,13,262,-1
419,49,11,12,263,-1,11,13,262,-1
419,50,11,12,263,-1,11,13,262,-1
419,51,11,9,266,-10,11,19,256,-10
419,52,11,9,266,-10,11,19,256,-10
419,53,11,9,266,-10,11,19,256,-10
419,54,11,11,264,-8,11,19,256,-8
419,55,11,11,264,-8,11,19,256,-8
419,56,11,11,264,-8,11,19,256,-8
419,57,11,13,262,-1,11,14,261,-1
419,58,11,13,262,-1,11,14,261,-1
419,59,11,13,262,-1,11,14,261,-1
419,60,11,11,264,1,11,10,265,1
419,61,11,11,264,1,11,10,265,1
419,62,11,11,264,1,11,10,265,1
419,63,11,15,260,3,11,12,263,3
419,64,11,15,260,3,11,12,263,3
419,65,11,15,260,3,11,12,263,3
419,66,11,10,265,10,11,0,275,10
419,67,11,10,265,10,11,0,275,10
419,68,11,10,265,10,11,0,275,10
419,69,11,11,264,4,11,7,268,4
419,70,11,11,264,4,11,7,268,4
419,71,11,11,264,4,11,7,268,4
419,72,11,9,266,-10,11,19,256,-10
419,73,11,9,266,-10,11,19,256,-10
419,74,11,9,266,-10,11,19,256,-10
419,75,11,7,268,7,11,0,275,7
419,76,11,7,268,7,11,0,275,7
419,77,11,7,268,7,11,0,275,7
419,78,11,11,264,9,11,2,273,9
419,79,11,11,264,9,11,2,273,9
419,80,11,11,264,9,11,2,273,9
419,81,3,16,59,0,3,16,59,0
419,82,3,16,59,0,3,16,59,0
419,83,3,16,59,0,3,16,59,0
419,84,11,11,264,-2,11,13,262,-2
419,85,11,10,265,-2,11,12,263,-2
419,86,11,11,264,-2,11,13,262,-2
419,87,11,8,267,10,12,23,277,10
419,88,11,8,267,10,12,23,277,10
419,89,11,8,267,10,12,23,277,10
419,90,11,12,263,2,11,10,265,2
419,91,11,12,263,2,11,10,265,2
419,92,11,12,263,2,11,10,265,2
419,93,11,13,262,8,11,5,270,8
419,94,11,13,262,8,11,5,270,8
419,95,11,13,262,8,11,5,270,8
420,0,10,11,239,-3,10,14,236,-3
420,1,10,11,239,-3,10,14,236,-3
420,2,10,11,239,-3,10,14,236,-3
420,3,10,9,241,-4,10,13,237,-4
420,4,10,9,241,-4,10,13,237,-4
420,5,10,9,241,-4,10,13,237,-4
420,6,10,12,238,-3,10,15,235,-3
420,7,10,12,238,-3,10,15,235,-3
420,8,10,12,238,-3,10,15,235,-3
420,9,10,10,240,-2,10,12,238,-2
420,10,10,10,240,-2,10,12,238,-2
420,11,10,10,240,-2,10,12,238,-2
420,12,10,11,239,-2,10,13,237,-2
420,13,10,11,239,-2,10,13,237,-2
420,14,10,11,239,-2,10,13,237,-2
420,15,10,8,242,4,10,4,246,4
420,16,10,8,242,4,10,4,246,4
420,17,10,8,242,4,10,4,246,4
420,18,10,11,239,-9,10,20,230,-9
420,19,10,11,239,-9,10,20,230,-9
420,20,10,11,239,-9,10,20,230,-9
420,21,10,12,238,-8,10,20,230,-8
420,22,10,12,238,-8,10,20,230,-8
420,23,10,12,238,-8,10,20,230,-8
420,24,10,14,236,5,10,9,241,5
420,25,10,14,236,5,10,9,241,5
420,26,10,14,236,5,10,9,241,5
420,27,10,14,236,-5,10,19,231,-5
420,28,10,14,236,-5,10,19,231,-5
420,29,10,14,236,-5,10,19,231,-5
420,30,10,14,236,10,10,4,246,10
420,31,10,14,236,10,10,4,246,10
420,32,10,14,236,10,10,4,246,10
420,33,10,12,238,-4,10,16,234,-4
420,34,10,12,238,-4,10,16,234,-4
420,35,10,12,238,-4,10,16,234,-4
420,36,10,13,237,1,10,12,238,1
420,37,10,13,237,1,10,12,238,1
420,38,10,13,237,1,10,12,238,1
420,39,10,11,239,6,10,5,245,6
420,40,10,11,239,6,10,5,245,6
420,41,10,11,239,6,10,5,245,6
420,42,11,22,253,0,11,22,253,0
420,43,10,12,238,-8,10,20,230,-8
420,44,10,12,238,-8,10,20,230,-8
420,45,10,12,238,7,10,5,245,7
420,46,10,12,238,7,10,5,245,7
420,47,10,12,238,7,10,5,245,7
420,48,10,11,239,-9,10,20,230,-9
420,49,10,11,239,-9,10,20,230,-9
420,50,10,11,239,-9,10,20,230,-9
420,51,10,11,239,-6,10,17,233,-6
420,52,10,11,239,-6,10,17,233,-6
420,53,10,11,239,-6,10,17,233,-6
420,54,10,14,236,-1,10,15,235,-1
420,55,10,14,236,-1,10,15,235,-1
420,56,10,14,236,-1,10,15,235,-1
420,57,10,13,237,-3,10,16,234,-3
420,58,10,13,237,-3,10,16,234,-3
420,59,10,13,237,-3,10,16,234,-3
420,60,10,12,238,-3,10,15,235,-3
420,61,10,12,238,-3,10,15,235,-3
420,62,10,12,238,-3,10,15,235,-3
420,63,10,11,239,8,10,3,247,8
420,64,10,11,239,8,10,3,247,8
420,65,10,11,239,8,10,3,247,8
420,66,2,12,38,0,2,12,38,0
420,67,2,12,38,0,2,12,38,0
420,68,2,12,38,0,2,12,38,0
420,69,2,12,38,0,2,12,38,0
420,70,2,12,38,0,2,12,38,0
420,71,2,12,38,0,2,12,38,0
420,72,10,12,238,-5,10,17,233,-5
420,73,10,12,238,-5,10,17,233,-5
420,74,10,12,238,-5,10,17,233,-5
420,75,10,9,241,-4,10,13,237,-4
420,76,10,9,241,-4,10,13,237,-4
420,77,10,9,241,-4,10,13,237,-4
420,78,10,13,237,9,10,4,246,9
420,79,10,13,237,9,10,4,246,9
420,80,10,13,237,9,10,4,246,9
420,81,10,14,236,-4,10,18,232,-4
420,82,10,14,236,-4,10,18,232,-4
420,83,10,14,236,-4,10,18,232,-4
420,84,10,13,237,-9,10,22,228,-9
420,85,10,13,237,-9,10,22,228,-9
420,86,10,13,237,-9,10,22,228,-9
420,87,10,14,236,4,10,10,240,4
420,88,10,14,236,4,10,10,240,4
420,89,10,14,236,4,10,10,240,4
420,90,10,13,237,8,10,5,245,8
420,91,10,13,237,8,10,5,245,8
420,92,10,13,237,8,10,5,245,8
420,93,10,11,239,-9,10,20,230,-9
420,94,10,11,239,-9,10,20,230,-9
420,95,10,11,239,-9,10,20,230,-9
421,0,10,9,241,-3,10,12,238,-3
421,1,10,9,241,-3,10,12,238,-3
421,2,10,9,241,-3,10,12,238,-3
421,3,10,6,244,7,11,24,251,7
421,4,10,6,244,7,11,24,251,7
421,5,10,6,244,7,11,24,251,7
421,6,10,11,239,1,10,10,240,1
421,7,10,11,239,1,10,10,240,1
421,8,10,11,239,1,10,10,240,1
421,9,10,9,241,-10,10,19,231,-10
421,10,10,9,241,-10,10,19,231,-10
421,11,10,9,241,-10,10,19,231,-10
421,12,10,8,242,10,11,23,252,10
421,13,10,8,242,10,11,23,252,10
421,14,10,8,242,10,11,23,252,10
421,15,10,7,243,-6,10,13,237,-6
421,16,10,7,243,-6,10,13,237,-6
421,17,10,7,243,-6,10,13,237,-6
421,18,10,10,240,6,10,4,246,6
421,19,10,10,240,6,10,4,246,6
421,20,10,10,240,6,10,4,246,6
421,21,10,10,240,4,10,6,244,4
421,22,10,10,240,4,10,6,244,4
421,23,10,10,240,4,10,6,244,4
421,24,10,11,239,-8,10,19,231,-8
421,25,10,11,239,-8,10,19,231,-8
421,26,10,11,239,-8,10,19,231,-8
421,27,10,11,239,8,10,3,247,8
421,28,10,11,239,8,10,3,247,8
421,29,10,11,239,8,10,3,247,8
421,30,10,11,239,-8,10,19,231,-8
421,31,10,11,239,-8,10,19,231,-8
421,32,10,11,239,-8,10,19,231,-8
421,33,10,12,238,1,10,11,239,1
421,34,10,12,238,1,10,11,239,1
421,35,10,12,238,1,10,11,239,1
421,36,10,9,241,-6,10,15,235,-6
421,37,10,9,241,-6,10,15,235,-6
421,38,10,9,241,-6,10,15,235,-6
421,39,10,5,245,-8,10,13,237,-8
421,40,10,5,245,-8,10,13,237,-8
421,41,10,5,245,-8,10,13,237,-8
421,42,10,11,239,-8,10,19,231,-8
421,43,10,11,239,-8,10,19,231,-8
421,44,10,11,239,-8,10,19,231,-8
421,45,10,13,237,10,10,3,247,10
421,46,10,13,237,10,10,3,247,10
421,47,10,13,237,10,10,3,247,10
421,48,10,9,241,-10,10,19,231,-10
421,49,10,9,241,-10,10,19,231,-10
421,50,10,9,241,-10,10,19,231,-10
421,51,10,11,239,8,10,3,247,8
421,52,10,11,239,8,10,3,247,8
421,53,10,11,239,8,10,3,247,8
421,54,10,10,240,8,10,2,248,8
421,55,10,10,240,8,10,2,248,8
421,56,10,10,240,8,10,2,248,8
421,57,10,12,238,-9,10,21,229,-9
421,58,10,12,238,-9,10,21,229,-9
421,59,10,12,238,-9,10,21,229,-9
421,60,2,15,35,0,2,15,35,0
421,61,2,15,35,0,2,15,35,0
421,62,2,15,35,0,2,15,35,0
421,63,10,12,238,-5,10,17,233,-5
421,64,10,12,238,-5,10,17,233,-5
421,65,10,12,238,-5,10,17,233,-5
421,66,2,12,38,0,2,12,38,0
421,67,2,12,38,0,2,12,38,0
421,68,2,12,38,0,2,12,38,0
421,69,2,12,38,0,2,12,38,0
421,70,2,12,38,0,2,12,38,0
421,71,2,12,38,0,2,12,38,0
421,72,10,10,240,-9,10,19,231,-9
421,73,10,10,240,-9,10,19,231,-9
421,74,10,10,240,-9,10,19,231,-9
421,75,10,10,240,6,10,4,246,6
421,76,10,10,240,6,10,4,246,6
421,77,10,10,240,6,10,4,246,6
421,78,10,13,237,-3,10,16,234,-3
421,79,10,14,236,-3,10,17,233,-3
421,80,10,13,237,-3,10,16,234,-3
421,81,10,12,238,7,10,5,245,7
421,82,10,12,238,7,10,5,245,7
421,83,10,12,238,7,10,5,245,7
421,84,10,11,239,8,10,3,247,8
421,85,10,11,239,8,10,3,247,8
421,86,10,11,239,8,10,3,247,8
421,87,10,11,239,-9,10,20,230,-9
421,88,10,11,239,-9,10,20,230,-9
421,89,10,11,239,-9,10,20,230,-9
421,90,10,12,238,-3,10,15,235,-3
421,91,10,12,238,-3,10,15,235,-3
421,92,10,12,238,-3,10,15,235,-3
421,93,10,13,237,2,10,11,239,2
421,94,10,13,237,2,10,11,239,2
421,95,10,13,237,2,10,11,239,2
422,0,10,10,240,-10,10,20,230,-10
422,1,10,10,240,-10,10,20,230,-10
422,2,10,10,240,-10,10,20,230,-10
422,3,10,13,237,2,10,11,239,2
422,4,10,13,237,2,10,11,239,2
422,5,10,13,237,2,10,11,239,2
422,6,10,13,237,1,10,12,238,1
422,7,10,13,237,1,10,12,238,1
422,8,10,13,237,1,10,12,238,1
422,9,10,12,238,7,10,5,245,7
422,10,10,12,238,7,10,5,245,7
422,11,10,12,238,7,10,5,245,7
422,12,3,10,65,0,3,10,65,0
422,13,3,10,65,0,3,10,65,0
422,14,3,10,65,0,3,10,65,0
422,15,3,10,65,0,3,10,65,0
422,16,3,10,65,0,3,10,65,0
422,17,3,10,65,0,3,10,65,0
422,18,3,10,65,0,3,10,65,0
422,19,3,10,65,0,3,10,65,0
422,20,3,10,65,0,3,10,65,0
422,21,3,10,65,0,3,10,65,0
422,22,3,10,65,0,3,10,65,0
422,23,3,10,65,0,3,10,65,0
422,24,3,11,64,0,3,11,64,0
422,25,3,11,64,0,3,11,64,0
422,26,3,11,64,0,3,11,64,0
422,27,3,11,64,0,3,11,64,0
422,28,3,11,64,0,3,11,64,0
422,29,3,11,64,0,3,11,64,0
422,30,3,11,64,0,3,11,64,0
422,31,3,11,64,0,3,11,64,0
422,32,3,11,64,0,3,11,64,0
422,33,3,11,64,0,3,11,64,0
422,34,3,11,64,0,3,11,64,0
422,35,3,11,64,0,3,11,64,0
422,36,10,13,237,-1,10,14,236,-1
422,37,10,13,237,-1,10,14,236,-1
422,38,10,13,237,-1,10,14,236,-1
422,39,10,11,239,0,10,11,239,0
422,40,10,11,239,0,10,11,239,0
422,41,10,11,239,0,10,11,239,0
422,42,10,14,236,7,10,7,243,7
422,43,10,14,236,7,10,7,243,7
422,44,10,14,236,7,10,7,243,7
422,45,10,12,238,6,10,6,244,6
422,46,10,12,238,6,10,6,244,6
422,47,10,12,238,6,10,6,244,6
422,48,10,11,239,-2,10,13,237,-2
422,49,10,11,239,-2,10,13,237,-2
422,50,10,11,239,-2,10,13,237,-2
422,51,10,9,241,-2,10,11,239,-2
422,52,10,9,241,-2,10,11,239,-2
422,53,10,9,241,-2,10,11,239,-2
422,54,10,11,239,-10,10,21,229,-10
422,55,10,11,239,-10,10,21,229,-10
422,56,10,11,239,-10,10,21,229,-10
422,57,10,14,236,-1,10,15,235,-1
422,58,10,14,236,-1,10,15,235,-1
422,59,10,14,236,-1,10,15,235,-1
422,60,10,8,242,-6,10,14,236,-6
422,61,10,8,242,-6,10,14,236,-6
422,62,10,8,242,-6,10,14,236,-6
422,63,10,12,238,9,10,3,247,9
422,64,10,12,238,9,10,3,247,9
422,65,10,12,238,9,10,3,247,9
422,66,10,12,238,-8,10,20,230,-8
422,67,10,12,238,-8,10,20,230,-8
422,68,10,12,238,-8,10,20,230,-8
422,69,10,12,238,-6,10,18,232,-6
422,70,10,12,238,-6,10,18,232,-6
422,71,10,12,238,-6,10,18,232,-6
422,72,10,9,241,-4,10,13,237,-4
422,73,10,9,241,-4,10,13,237,-4
422,74,10,9,241,-4,10,13,237,-4
422,75,10,8,242,-9,10,17,233,-9
422,76,10,8,242,-9,10,17,233,-9
422,77,10,8,242,-9,10,17,233,-9
422,78,10,14,236,1,10,13,237,1
422,79,10,14,236,1,10,13,237,1
422,80,10,14,236,1,10,13,237,1
422,81,10,13,237,-4,10,17,233,-4
422,82,10,12,238,-4,10,16,234,-4
422,83,10,13,237,-4,10,17,233,-4
422,84,10,10,240,4,10,6,244,4
422,85,10,10,240,4,10,6,244,4
422,86,10,10,240,4,10,6,244,4
422,87,10,11,239,-10,10,21,229,-10
422,88,10,11,239,-10,10,21,229,-10
422,89,10,11,239,-10,10,21,229,-10
422,90,10,11,239,1,10,10,240,1
422,91,10,11,239,1,10,10,240,1
422,92,10,11,239,1,10,10,240,1
422,93,10,12,238,7,10,5,245,7
422,94,10,12,238,7,10,5,245,7
422,95,10,12,238,7,10,5,245,7
423,0,11,8,267,9,12,24,276,9
423,1,11,8,267,9,12,24,276,9
423,2,11,8,267,9,12,24,276,9
423,3,11,7,268,2,11,5,270,2
423,4,11,7,268,2,11,5,270,2
423,5,11,7,268,2,11,5,270,2
423,6,11,14,261,10,11,4,271,10
423,7,11,14,261,10,11,4,271,10
423,8,11,14,261,10,11,4,271,10
423,9,11,12,263,5,11,7,268,5
423,10,11,12,263,5,11,7,268,5
423,11,11,12,263,5,11,7,268,5
423,12,11,12,263,-9,11,21,254,-9
423,13,11,12,263,-9,11,21,254,-9
423,14,11,12,263,-9,11,21,254,-9
423,15,11,12,263,-4,11,16,259,-4
423,16,11,12,263,-4,11,16,259,-4
423,17,11,12,263,-4,11,16,259,-4
423,18,11,12,263,3,11,9,266,3
423,19,11,12,263,3,11,9,266,3
423,20,11,12,263,3,11,9,266,3
423,21,11,14,261,-6,11,20,255,-6
423,22,11,14,261,-6,11,20,255,-6
423,23,11,14,261,-6,11,20,255,-6
423,24,11,12,263,6,11,6,269,6
423,25,11,12,263,6,11,6,269,6
423,26,11,12,263,6,11,6,269,6
423,27,11,13,262,5,11,8,267,5
423,28,11,13,262,5,11,8,267,5
423,29,11,13,262,5,11,8,267,5
423,30,11,13,262,-7,11,20,255,-7
423,31,11,13,262,-7,11,20,255,-7
423,32,11,13,262,-7,11,20,255,-7
423,33,11,14,261,-4,11,18,257,-4
423,34,11,14,261,-4,11,18,257,-4
423,35,11,14,261,-4,11,18,257,-4
423,36,11,13,262,1,11,12,263,1
423,37,11,13,262,1,11,12,263,1
423,38,11,13,262,1,11,12,263,1
423,39,11,10,265,-7,11,17,258,-7
423,40,11,10,265,-7,11,17,258,-7
423,41,11,10,265,-7,11,17,258,-7
423,42,11,12,263,-10,11,22,253,-10
423,43,11,12,263,-10,11,22,253,-10
423,44,11,12,263,-10,11,22,253,-10
423,45,11,14,261,8,11,6,269,8
423,46,11,14,261,8,11,6,269,8
423,47,11,14,261,8,11,6,269,8
423,48,11,8,267,6,11,2,273,6
423,49,11,8,267,6,11,2,273,6
423,50,11,8,267,6,11,2,273,6
423,51,11,13,262,6,11,7,268,6
423,52,11,13,262,6,11,7,268,6
423,53,11,13,262,6,11,7,268,6
423,54,3,12,63,0,3,12,63,0
423,55,3,12,63,0,3,12,63,0
423,56,3,12,63,0,3,12,63,0
423,57,3,12,63,0,3,12,63,0
423,58,3,12,63,0,3,12,63,0
423,59,3,12,63,0,3,12,63,0
423,60,11,11,264,8,11,3,272,8
423,61,11,11,264,8,11,3,272,8
423,62,11,11,264,8,11,3,272,8
423,63,11,9,266,-6,11,15,260,-6
423,64,11,9,266,-6,11,15,260,-6
423,65,11,9,266,-6,11,15,260,-6
423,66,11,10,265,-6,11,16,259,-6
423,67,11,10,265,-6,11,16,259,-6
423,68,11,10,265,-6,11,16,259,-6
423,69,11,12,263,3,11,9,266,3
423,70,11,12,263,3,11,9,266,3
423,71,11,12,263,3,11,9,266,3
423,72,11,11,264,-9,11,20,255,-9
423,73,11,11,264,-9,11,20,255,-9
423,74,11,11,264,-9,11,20,255,-9
423,75,11,9,266,2,11,7,268,2
423,76,11,9,266,2,11,7,268,2
423,77,11,9,266,2,11,7,268,2
423,78,11,14,261,7,11,7,268,7
423,79,11,14,261,7,11,7,268,7
423,80,11,14,261,7,11,7,268,7
423,81,11,14,261,10,11,4,271,10
423,82,11,14,261,10,11,4,271,10
423,83,11,14,261,10,11,4,271,10
423,84,11,11,264,4,11,7,268,4
423,85,11,11,264,4,11,7,268,4
423,86,11,11,264,4,11,7,268,4
423,87,11,14,261,8,11,6,269,8
423,88,11,14,261,8,11,6,269,8
423,89,11,14,261,8,11,6,269,8
423,90,11,11,264,10,11,1,274,10
423,91,11,11,264,10,11,1,274,10
423,92,11,11,264,10,11,1,274,10
423,93,11,12,263,0,11,12,263,0
423,94,11,12,263,0,11,12,263,0
423,95,11,12,263,0,11,12,263,0
424,0,11,9,266,-3,11,12,263,-3
424,1,11,9,266,-3,11,12,263,-3
424,2,11,9,266,-3,11,12,263,-3
424,3,11,8,267,0,11,8,267,0
424,4,11,8,267,0,11,8,267,0
424,5,11,8,267,0,11,8,267,0
424,6,11,10,265,4,11,6,269,4
424,7,11,10,265,4,11,6,269,4
424,8,11,10,265,4,11,6,269,4
424,9,11,12,263,8,11,4,271,8
424,10,11,12,263,8,11,4,271,8
424,11,11,12,263,8,11,4,271,8
424,12,11,11,264,10,11,1,274,10
424,13,11,11,264,10,11,1,274,10
424,14,11,11,264,10,11,1,274,10
424,15,11,10,265,0,11,10,265,0
424,16,11,10,265,0,11,10,265,0
424,17,11,10,265,0,11,10,265,0
424,18,11,12,263,-1,11,13,262,-1
424,19,11,12,263,-1,11,13,262,-1
424,20,11,12,263,-1,11,13,262,-1
424,21,11,12,263,-2,11,14,261,-2
424,22,11,12,263,-2,11,14,261,-2
424,23,11,12,263,-2,11,14,261,-2
424,24,11,11,264,-6,11,17,258,-6
424,25,11,11,264,-6,11,17,258,-6
424,26,11,11,264,-6,11,17,258,-6
424,27,11,11,264,8,11,3,272,8
424,28,11,11,264,8,11,3,272,8
424,29,11,11,264,8,11,3,272,8
424,30,11,11,264,10,11,1,274,10
424,31,11,11,264,10,11,1,274,10
424,32,11,11,264,10,11,1,274,10
424,33,11,14,261,-9,11,23,252,-9
424,34,11,14,261,-9,11,23,252,-9
424,35,11,14,261,-9,11,23,252,-9
424,36,11,11,264,7,11,4,271,7
424,37,11,11,264,7,11,4,271,7
424,38,11,11,264,7,11,4,271,7
424,39,11,9,266,4,11,5,270,4
424,40,11,9,266,4,11,5,270,4
424,41,11,9,266,4,11,5,270,4
424,42,11,11,264,-8,11,19,256,-8
424,43,11,11,264,-8,11,19,256,-8
424,44,11,11,264,-8,11,19,256,-8
424,45,11,13,262,-6,11,19,256,-6
424,46,11,13,262,-6,11,19,256,-6
424,47,11,13,262,-6,11,19,256,-6
424,48,11,14,261,2,11,12,263,2
424,49,11,14,261,2,11,12,263,2
424,50,11,14,261,2,11,12,263,2
424,51,11,9,266,10,12,24,276,10
424,52,11,9,266,10,12,24,276,10
424,53,11,9,266,10,12,24,276,10
424,54,11,14,261,3,11,11,264,3
424,55,11,14,261,3,11,11,264,3
424,56,11,14,261,3,11,11,264,3
424,57,11,14,261,-9,11,23,252,-9
424,58,11,14,261,-9,11,23,252,-9
424,59,11,15,260,-9,11,24,251,-9
424,60,11,12,263,-1,11,13,262,-1
424,61,11,12,263,-1,11,13,262,-1
424,62,11,12,263,-1,11,13,262,-1
424,63,11,13,262,-8,11,21,254,-8
424,64,11,13,262,-8,11,21,254,-8
424,65,11,13,262,-8,11,21,254,-8
424,66,3,13,62,0,3,13,62,0
424,67,3,13,62,0,3,13,62,0
424,68,3,13,62,0,3,13,62,0
424,69,3,13,62,0,3,13,62,0
424,70,3,13,62,0,3,13,62,0
424,71,3,13,62,0,3,13,62,0
424,72,11,11,264,3,11,8,267,3
424,73,11,11,264,3,11,8,267,3
424,74,11,11,264,3,11,8,267,3
424,75,11,8,267,7,11,1,274,7
424,76,11,8,267,7,11,1,274,7
424,77,11,8,267,7,11,1,274,7
424,78,11,11,264,-4,11,15,260,-4
424,79,11,11,264,-4,11,15,260,-4
424,80,11,12,263,-4,11,16,259,-4
424,81,11,12,263,10,11,2,273,10
424,82,11,12,263,10,11,2,273,10
424,83,11,12,263,10,11,2,273,10
424,84,11,11,264,-5,11,16,259,-5
424,85,11,11,264,-5,11,16,259,-5
424,86,11,11,264,-5,11,16,259,-5
424,87,11,11,264,6,11,5,270,6
424,88,11,11,264,6,11,5,270,6
424,89,11,11,264,6,11,5,270,6
424,90,11,11,264,-7,11,18,257,-7
424,91,11,11,264,-7,11,18,257,-7
424,92,11,11,264,-7,11,18,257,-7
424,93,11,14,261,-2,11,16,259,-2
424,94,11,14,261,-2,11,16,259,-2
424,95,11,14,261,-2,11,16,259,-2
425,0,11,10,265,-7,11,17,258,-7
425,1,11,10,265,-7,11,17,258,-7
425,2,11,10,265,-7,11,17,258,-7
425,3,11,9,266,1,11,8,267,1
425,4,11,9,266,1,11,8,267,1
425,5,11,9,266,1,11,8,267,1
425,6,11,13,262,5,11,8,267,5
425,7,11,13,262,5,11,8,267,5
425,8,11,13,262,5,11,8,267,5
425,9,11,12,263,-3,11,15,260,-3
425,10,11,12,263,-3,11,15,260,-3
425,11,11,9,266,-3,11,12,263,-3
425,12,11,9,266,4,11,5,270,4
425,13,11,9,266,4,11,5,270,4
425,14,11,9,266,4,11,5,270,4
425,15,11,7,268,1,11,6,269,1
425,16,11,7,268,1,11,6,269,1
425,17,11,7,268,1,11,6,269,1
425,18,11,12,263,0,11,12,263,0
425,19,11,12,263,0,11,12,263,0
425,20,11,12,263,0,11,12,263,0
425,21,11,11,264,-7,11,18,257,-7
425,22,11,11,264,-7,11,18,257,-7
425,23,11,11,264,-7,11,18,257,-7
425,24,11,10,265,-10,11,20,255,-10
425,25,11,10,265,-10,11,20,255,-10
425,26,11,10,265,-10,11,20,255,-10
425,27,11,12,263,2,11,10,265,2
425,28,11,12,263,2,11,10,265,2
425,29,11,12,263,2,11,10,265,2
425,30,11,11,264,6,11,5,270,6
425,31,11,11,264,6,11,5,270,6
425,32,11,11,264,6,11,5,270,6
425,33,11,11,264,8,11,3,272,8
425,34,11,11,264,8,11,3,272,8
425,35,11,11,264,8,11,3,272,8
425,36,11,9,266,1,11,8,267,1
425,37,11,9,266,1,11,8,267,1
425,38,11,9,266,1,11,8,267,1
425,39,11,8,267,3,11,5,270,3
425,40,11,8,267,3,11,5,270,3
425,41,11,8,267,3,11,5,270,3
425,42,11,12,263,3,11,9,266,3
425,43,11,12,263,3,11,9,266,3
425,44,11,12,263,3,11,9,266,3
425,45,11,12,263,7,11,5,270,7
425,46,11,12,263,7,11,5,270,7
425,47,11,12,263,7,11,5,270,7
425,48,11,13,262,-5,11,18,257,-5
425,49,11,13,262,-5,11,18,257,-5
425,50,11,13,262,-5,11,18,257,-5
425,51,11,11,264,8,11,3,272,8
425,52,11,11,264,8,11,3,272,8
425,53,11,11,264,8,11,3,272,8
425,54,11,14,261,9,11,5,270,9
425,55,11,14,261,9,11,5,270,9
425,56,11,14,261,9,11,5,270,9
425,57,11,17,258,8,11,9,266,8
425,58,11,17,258,8,11,9,266,8
425,59,11,17,258,8,11,9,266,8
425,60,11,14,261,2,11,12,263,2
425,61,11,14,261,2,11,12,263,2
425,62,11,13,262,2,11,11,264,2
425,63,11,16,259,2,11,14,261,2
425,64,11,16,259,2,11,14,261,2
425,65,11,16,259,2,11,14,261,2
425,66,3,14,61,0,3,14,61,0
425,67,3,14,61,0,3,14,61,0
425,68,3,14,61,0,3,14,61,0
425,69,3,14,61,0,3,14,61,0
425,70,3,14,61,0,3,14,61,0
425,71,3,14,61,0,3,14,61,0
425,72,11,10,265,-8,11,18,257,-8
425,73,11,10,265,-8,11,18,257,-8
425,74,11,10,265,-8,11,18,257,-8
425,75,11,7,268,5,11,2,273,5
425,76,11,7,268,5,11,2,273,5
425,77,11,7,268,5,11,2,273,5
425,78,11,11,264,0,11,11,264,0
425,79,11,11,264,0,11,11,264,0
425,80,11,11,264,0,11,11,264,0
425,81,11,13,262,-2,11,15,260,-2
425,82,11,13,262,-2,11,15,260,-2
425,83,11,13,262,-2,11,15,260,-2
425,84,11,11,264,-9,11,20,255,-9
425,85,11,11,264,-9,11,20,255,-9
425,86,11,11,264,-9,11,20,255,-9
425,87,11,14,261,-4,11,18,257,-4
425,88,11,14,261,-4,11,18,257,-4
425,89,11,14,261,-4,11,18,257,-4
425,90,11,12,263,-10,11,22,253,-10
425,91,11,12,263,-10,11,22,253,-10
425,92,11,12,263,-10,11,22,253,-10
425,93,11,10,265,2,11,8,267,2
425,94,11,10,265,2,11,8,267,2
425,95,11,10,265,2,11,8,267,2
426,0,12,11,289,3,12,8,292,3
426,1,12,11,289,3,12,8,292,3
426,2,12,12,288,3,12,9,291,3
426,3,12,12,288,0,12,12,288,0
426,4,12,12,288,0,12,12,288,0
426,5,12,12,288,0,12,12,288,0
426,6,12,14,286,4,12,10,290,4
426,7,12,14,286,4,12,10,290,4
426,8,12,13,287,4,12,9,291,4
426,9,12,13,287,4,12,9,291,4
426,10,12,13,287,4,12,9,291,4
426,11,12,13,287,4,12,9,291,4
426,12,5,11,114,0,5,11,114,0
426,13,5,11,114,0,5,11,114,0
426,14,5,11,114,0,5,11,114,0
426,15,5,11,114,0,5,11,114,0
426,16,5,11,114,0,5,11,114,0
426,17,5,11,114,0,5,11,114,0
426,18,5,11,114,0,5,11,114,0
426,19,5,11,114,0,5,11,114,0
426,20,5,11,114,0,5,11,114,0
426,21,5,11,114,0,5,11,114,0
426,22,5,11,114,0,5,11,114,0
426,23,5,11,114,0,5,11,114,0
426,24,5,11,114,0,5,11,114,0
426,25,5,11,114,0,5,11,114,0
426,26,5,11,114,0,5,11,114,0
426,27,5,11,114,0,5,11,114,0
426,28,5,11,114,0,5,11,114,0
426,29,5,11,114,0,5,11,114,0
426,30,5,11,114,0,5,11,114,0
426,31,5,11,114,0,5,11,114,0
426,32,5,11,114,0,5,11,114,0
426,33,5,11,114,0,5,11,114,0
426,34,5,11,114,0,5,11,114,0
426,35,5,11,114,0,5,11,114,0
426,36,12,12,288,10,12,2,298,10
426,37,12,12,288,10,12,2,298,10
426,38,12,12,288,10,12,2,298,10
426,39,12,12,288,-3,12,15,285,-3
426,40,12,12,288,-3,12,15,285,-3
426,41,12,12,288,-3,12,15,285,-3
426,42,12,15,285,-8,12,23,277,-8
426,43,12,15,285,-8,12,23,277,-8
426,44,12,15,285,-8,12,23,277,-8
426,45,12,14,286,3,12,11,289,3
426,46,12,14,286,3,12,11,289,3
426,47,12,14,286,3,12,11,289,3
426,48,12,12,288,0,12,12,288,0
426,49,12,12,288,0,12,12,288,0
426,50,12,12,288,0,12,12,288,0
426,51,12,9,291,5,12,4,296,5
426,52,12,9,291,5,12,4,296,5
426,53,12,9,291,5,12,4,296,5
426,54,12,11,289,-1,12,12,288,-1
426,55,12,11,289,-1,12,12,288,-1
426,56,12,11,289,-1,12,12,288,-1
426,57,12,13,287,-10,12,23,277,-10
426,58,12,13,287,-10,12,23,277,-10
426,59,12,13,287,-10,12,23,277,-10
426,60,12,10,290,-6,12,16,284,-6
426,61,12,10,290,-6,12,16,284,-6
426,62,12,10,290,-6,12,16,284,-6
426,63,12,13,287,9,12,4,296,9
426,64,12,13,287,9,12,4,296,9
426,65,12,13,287,9,12,4,296,9
426,66,12,13,287,-4,12,17,283,-4
426,67,12,13,287,-4,12,17,283,-4
426,68,12,13,287,-4,12,17,283,-4
426,69,12,14,286,2,12,12,288,2
426,70,12,14,286,2,12,12,288,2
426,71,12,14,286,2,12,12,288,2
426,72,12,9,291,4,12,5,295,4
426,73,12,9,291,4,12,5,295,4
426,74,12,9,291,4,12,5,295,4
426,75,12,10,290,5,12,5,295,5
426,76,12,10,290,5,12,5,295,5
426,77,12,10,290,5,12,5,295,5
426,78,12,14,286,1,12,13,287,1
426,79,12,14,286,1,12,13,287,1
426,80,12,14,286,1,12,13,287,1
426,81,12,13,287,-1,12,14,286,-1
426,82,12,13,287,-1,12,14,286,-1
426,83,12,13,287,-1,12,14,286,-1
426,84,12,12,288,-1,12,13,287,-1
426,85,12,12,288,-1,12,13,287,-1
426,86,12,12,288,-1,12,13,287,-1
426,87,12,10,290,7,12,3,297,7
426,88,12,10,290,7,12,3,297,7
426,89,12,10,290,7,12,3,297,7
426,90,12,15,285,1,12,14,286,1
426,91,12,15,285,1,12,14,286,1
426,92,12,15,285,1,12,14,286,1
426,93,12,15,285,-9,12,24,276,-9
426,94,12,15,285,-9,12,24,276,-9
426,95,12,15,285,-9,12,24,276,-9
427,0,13,24,301,0,13,24,301,0
427,1,13,24,301,0,13,24,301,0
427,2,13,24,301,0,13,24,301,0
427,3,12,8,292,0,12,8,292,0
427,4,12,8,292,0,12,8,292,0
427,5,12,8,292,0,12,8,292,0
427,6,12,10,290,-9,12,19,281,-9
427,7,12,10,290,-9,12,19,281,-9
427,8,12,10,290,-9,12,19,281,-9
427,9,12,10,290,5,12,5,295,5
427,10,12,10,290,5,12,5,295,5
427,11,12,10,290,5,12,5,295,5
427,12,12,13,287,9,12,4,296,9
427,13,12,13,287,9,12,4,296,9
427,14,12,13,287,9,12,4,296,9
427,15,12,9,291,9,12,0,300,9
427,16,12,9,291,9,12,0,300,9
427,17,12,9,291,9,12,0,300,9
427,18,12,13,287,4,12,9,291,4
427,19,12,13,287,4,12,9,291,4
427,20,12,13,287,4,12,9,291,4
427,21,12,11,289,-2,12,13,287,-2
427,22,12,11,289,-2,12,13,287,-2
427,23,12,11,289,-2,12,13,287,-2
427,24,12,11,289,-6,12,17,283,-6
427,25,12,11,289,-6,12,17,283,-6
427,26,12,11,289,-6,12,17,283,-6
427,27,12,13,287,-9,12,22,278,-9
427,28,12,13,287,-9,12,22,278,-9
427,29,12,13,287,-9,12,22,278,-9
427,30,12,12,288,9,12,3,297,9
427,31,12,12,288,9,12,3,297,9
427,32,12,12,288,9,12,3,297,9
427,33,12,15,285,3,12,12,288,3
427,34,12,15,285,3,12,12,288,3
427,35,12,15,285,3,12,12,288,3
427,36,12,11,289,-4,12,15,285,-4
427,37,12,11,289,-4,12,15,285,-4
427,38,12,11,289,-4,12,15,285,-4
427,39,12,11,289,8,12,3,297,8
427,40,12,11,289,8,12,3,297,8
427,41,12,11,289,8,12,3,297,8
427,42,12,13,287,6,12,7,293,6
427,43,12,13,287,6,12,7,293,6
427,44,12,13,287,6,12,7,293,6
427,45,12,13,287,-4,12,17,283,-4
427,46,12,13,287,-4,12,17,283,-4
427,47,12,13,287,-4,12,17,283,-4
427,48,12,11,289,-4,12,15,285,-4
427,49,12,11,289,-4,12,15,285,-4
427,50,12,11,289,-4,12,15,285,-4
427,51,12,10,290,3,12,7,293,3
427,52,12,10,290,3,12,7,293,3
427,53,12,10,290,3,12,7,293,3
427,54,12,15,285,2,12,13,287,2
427,55,12,15,285,2,12,13,287,2
427,56,12,15,285,2,12,13,287,2
427,57,12,14,286,9,12,5,295,9
427,58,12,14,286,9,12,5,295,9
427,59,12,14,286,9,12,5,295,9
427,60,4,14,86,0,4,14,86,0
427,61,4,14,86,0,4,14,86,0
427,62,4,14,86,0,4,14,86,0
427,63,4,14,86,0,4,14,86,0
427,64,4,14,86,0,4,14,86,0
427,65,4,14,86,0,4,14,86,0
427,66,12,15,285,-8,12,23,277,-8
427,67,12,15,285,-8,12,23,277,-8
427,68,12,15,285,-8,12,23,277,-8
427,69,12,15,285,-3,12,18,282,-3
427,70,12,15,285,-3,12,18,282,-3
427,71,12,15,285,-3,12,18,282,-3
427,72,12,12,288,9,12,3,297,9
427,73,12,12,288,9,12,3,297,9
427,74,12,12,288,9,12,3,297,9
427,75,12,7,293,9,13,23,302,9
427,76,12,7,293,9,13,23,302,9
427,77,12,7,293,9,13,23,302,9
427,78,12,11,289,-10,12,21,279,-10
427,79,12,11,289,-10,12,21,279,-10
427,80,12,11,289,-10,12,21,279,-10
427,81,12,13,287,-6,12,19,281,-6
427,82,12,13,287,-6,12,19,281,-6
427,83,12,13,287,-6,12,19,281,-6
427,84,12,14,286,7,12,7,293,7
427,85,12,14,286,7,12,7,293,7
427,86,12,14,286,7,12,7,293,7
427,87,12,12,288,-5,12,17,283,-5
427,88,12,12,288,-5,12,17,283,-5
427,89,12,12,288,-5,12,17,283,-5
427,90,12,13,287,-9,12,22,278,-9
427,91,12,13,287,-9,12,22,278,-9
427,92,12,13,287,-9,12,22,278,-9
427,93,12,15,285,4,12,11,289,4
427,94,12,15,285,4,12,11,289,4
427,95,12,15,285,4,12,11,289,4
428,0,12,10,290,8,12,2,298,8
428,1,12,10,290,8,12,2,298,8
428,2,12,10,290,8,12,2,298,8
428,3,12,9,291,-3,12,12,288,-3
428,4,12,9,291,-3,12,12,288,-3
428,5,12,9,291,-3,12,12,288,-3
428,6,12,12,288,2,12,10,290,2
428,7,12,12,288,2,12,10,290,2
428,8,12,12,288,2,12,10,290,2
428,9,12,10,290,-1,12,11,289,-1
428,10,12,10,290,-1,12,11,289,-1
428,11,12,10,290,-1,12,11,289,-1
428,12,12,10,290,-3,12,13,287,-3
428,13,12,10,290,-3,12,13,287,-3
428,14,12,10,290,-3,12,13,287,-3
428,15,12,9,291,-3,12,12,288,-3
428,16,12,9,291,-3,12,12,288,-3
428,17,12,9,291,-3,12,12,288,-3
428,18,12,12,288,10,12,2,298,10
428,19,12,12,288,10,12,2,298,10
428,20,12,12,288,10,12,2,298,10
428,21,12,12,288,8,12,4,296,8
428,22,12,12,288,8,12,4,296,8
428,23,12,12,288,8,12,4,296,8
428,24,12,9,291,-9,12,18,282,-9
428,25,12,9,291,-9,12,18,282,-9
428,26,12,9,291,-9,12,18,282,-9
428,27,12,13,287,-10,12,23,277,-10
428,28,12,13,287,-10,12,23,277,-10
428,29,12,13,287,-10,12,23,277,-10
428,30,12,10,290,1,12,9,291,1
428,31,12,10,290,1,12,9,291,1
428,32,12,10,290,1,12,9,291,1
428,33,12,12,288,-7,12,19,281,-7
428,34,12,12,288,-7,12,19,281,-7
428,35,12,12,288,-7,12,19,281,-7
428,36,12,11,289,-5,12,16,284,-5
428,37,12,11,289,-5,12,16,284,-5
428,38,12,11,289,-5,12,16,284,-5
428,39,12,10,290,2,12,8,292,2
428,40,12,10,290,2,12,8,292,2
428,41,12,10,290,2,12,8,292,2
428,42,12,13,287,3,12,10,290,3
428,43,12,13,287,3,12,10,290,3
428,44,12,13,287,3,12,10,290,3
428,45,12,13,287,-3,12,16,284,-3
428,46,12,13,287,-3,12,16,284,-3
428,47,12,13,287,-3,12,16,284,-3
428,48,12,10,290,10,12,0,300,10
428,49,12,10,290,10,12,0,300,10
428,50,12,10,290,10,12,0,300,10
428,51,12,7,293,-5,12,12,288,-5
428,52,12,7,293,-5,12,12,288,-5
428,53,12,7,293,-5,12,12,288,-5
428,54,12,13,287,10,12,3,297,10
428,55,12,13,287,10,12,3,297,10
428,56,12,13,287,10,12,3,297,10
428,57,12,14,286,8,12,6,294,8
428,58,12,14,286,8,12,6,294,8
428,59,12,14,286,8,12,6,294,8
428,60,4,14,86,0,4,14,86,0
428,61,4,14,86,0,4,14,86,0
428,62,4,14,86,0,4,14,86,0
428,63,4,14,86,0,4,14,86,0
428,64,4,14,86,0,4,14,86,0
428,65,4,14,86,0,4,14,86,0
428,66,12,12,288,-1,12,13,287,-1
428,67,12,12,288,-1,12,13,287,-1
428,68,12,12,288,-1,12,13,287,-1
428,69,12,13,287,7,12,6,294,7
428,70,12,13,287,7,12,6,294,7
428,71,12,13,287,7,12,6,294,7
428,72,12,11,289,-8,12,19,281,-8
428,73,12,11,289,-8,12,19,281,-8
428,74,12,11,289,-8,12,19,281,-8
428,75,12,10,290,-6,12,16,284,-6
428,76,12,10,290,-6,12,16,284,-6
428,77,12,10,290,-6,12,16,284,-6
428,78,12,14,286,-8,12,22,278,-8
428,79,12,14,286,-8,12,22,278,-8
428,80,12,14,286,-8,12,22,278,-8
428,81,12,12,288,3,12,9,291,3
428,82,12,12,288,3,12,9,291,3
428,83,12,12,288,3,12,9,291,3
428,84,12,11,289,-9,12,20,280,-9
428,85,12,11,289,-9,12,20,280,-9
428,86,12,11,289,-9,12,20,280,-9
428,87,12,16,284,5,12,11,289,5
428,88,12,16,284,5,12,11,289,5
428,89,12,16,284,5,12,11,289,5
428,90,12,13,287,-9,12,22,278,-9
428,91,12,13,287,-9,12,22,278,-9
428,92,12,13,287,-9,12,22,278,-9
428,93,12,13,287,6,12,7,293,6
428,94,12,13,287,6,12,7,293,6
428,95,12,13,287,6,12,7,293,6
429,0,12,13,287,10,12,3,297,10
429,1,12,13,287,10,12,3,297,10
429,2,12,13,287,10,12,3,297,10
429,3,12,14,286,-10,12,24,276,-10
429,4,12,14,286,-10,12,24,276,-10
429,5,12,14,286,-10,12,24,276,-10
429,6,12,16,284,7,12,9,291,7
429,7,12,16,284,7,12,9,291,7
429,8,12,16,284,7,12,9,291,7
429,9,12,17,283,-9,11,1,274,-9
429,10,12,17,283,-9,11,1,274,-9
429,11,12,17,283,-9,11,1,274,-9
429,12,5,11,114,0,5,11,114,0
429,13,5,11,114,0,5,11,114,0
429,14,5,11,114,0,5,11,114,0
429,15,5,11,114,0,5,11,114,0
429,16,5,11,114,0,5,11,114,0
429,17,5,11,114,0,5,11,114,0
429,18,5,11,114,0,5,11,114,0
429,19,5,11,114,0,5,11,114,0
429,20,5,11,114,0,5,11,114,0
429,21,5,11,114,0,5,11,114,0
429,22,5,11,114,0,5,11,114,0
429,23,5,11,114,0,5,11,114,0
429,24,5,11,114,0,5,11,114,0
429,25,5,11,114,0,5,11,114,0
429,26,5,11,114,0,5,11,114,0
429,27,5,11,114,0,5,11,114,0
429,28,5,11,114,0,5,11,114,0
429,29,5,11,114,0,5,11,114,0
429,30,5,11,114,0,5,11,114,0
429,31,5,11,114,0,5,11,114,0
429,32,5,11,114,0,5,11,114,0
429,33,5,11,114,0,5,11,114,0
429,34,5,11,114,0,5,11,114,0
429,35,5,11,114,0,5,11,114,0
429,36,12,15,285,1,12,14,286,1
429,37,12,15,285,1,12,14,286,1
429,38,12,15,285,1,12,14,286,1
429,39,12,14,286,3,12,11,289,3
429,40,12,14,286,3,12,11,289,3
429,41,12,14,286,3,12,11,289,3
429,42,12,17,283,-2,12,19,281,-2
429,43,12,17,283,-2,12,19,281,-2
429,44,12,17,283,-2,12,19,281,-2
429,45,12,16,284,-6,12,22,278,-6
429,46,12,16,284,-6,12,22,278,-6
429,47,12,16,284,-6,12,22,278,-6
429,48,12,14,286,-4,12,18,282,-4
429,49,12,14,286,-4,12,18,282,-4
429,50,12,14,286,-4,12,18,282,-4
429,51,12,14,286,1,12,13,287,1
429,52,12,14,286,1,12,13,287,1
429,53,12,14,286,1,12,13,287,1
429,54,12,16,284,4,12,12,288,4
429,55,12,16,284,4,12,12,288,4
429,56,12,16,284,4,12,12,288,4
429,57,12,21,279,4,12,17,283,4
429,58,12,21,279,4,12,17,283,4
429,59,12,21,279,4,12,17,283,4
429,60,12,17,283,4,12,13,287,4
429,61,12,17,283,4,12,13,287,4
429,62,12,17,283,4,12,13,287,4
429,63,12,15,285,5,12,10,290,5
429,64,12,15,285,5,12,10,290,5
429,65,12,15,285,5,12,10,290,5
429,66,12,17,283,-1,12,18,282,-1
429,67,12,17,283,-1,12,18,282,-1
429,68,12,17,283,-1,12,18,282,-1
429,69,12,20,280,7,12,13,287,7
429,70,12,20,280,7,12,13,287,7
429,71,12,20,280,7,12,13,287,7
429,72,12,15,285,10,12,5,295,10
429,73,12,14,286,10,12,4,296,10
429,74,12,15,285,10,12,5,295,10
429,75,12,14,286,-5,12,19,281,-5
429,76,12,14,286,-5,12,19,281,-5
429,77,12,14,286,-5,12,19,281,-5
429,78,12,17,283,-3,12,20,280,-3
429,79,12,17,283,-3,12,20,280,-3
429,80,12,17,283,-3,12,20,280,-3
429,81,12,17,283,-2,12,19,281,-2
429,82,12,17,283,-2,12,19,281,-2
429,83,12,17,283,-2,12,19,281,-2
429,84,12,16,284,-4,12,20,280,-4
429,85,12,16,284,-4,12,20,280,-4
429,86,12,16,284,-4,12,20,280,-4
429,87,12,14,286,-7,12,21,279,-7
429,88,12,14,286,-7,12,21,279,-7
429,89,12,14,286,-7,12,21,279,-7
429,90,12,17,283,8,12,9,291,8
429,91,12,17,283,8,12,9,291,8
429,92,12,17,283,8,12,9,291,8
429,93,12,16,284,-8,12,24,276,-8
429,94,12,16,284,-8,12,24,276,-8
429,95,12,16,284,-8,12,24,276,-8
430,0,12,14,286,0,12,14,286,0
430,1,12,14,286,0,12,14,286,0
430,2,12,14,286,-1,12,15,285,-1
430,3,12,14,286,-1,12,15,285,-1
430,4,12,10,290,1,12,9,291,1
430,5,12,10,290,1,12,9,291,1
430,6,12,11,289,0,12,11,289,0
430,7,12,11,289,0,12,11,289,0
430,8,12,14,286,-6,12,20,280,-6
430,9,12,14,286,-6,12,20,280,-6
430,10,12,14,286,-8,12,22,278,-8
430,11,12,15,285,-8,12,23,277,-8
430,12,12,13,287,-6,12,19,281,-6
430,13,12,13,287,-6,12,19,281,-6
430,14,12,11,289,5,12,6,294,5
430,15,12,11,289,5,12,6,294,5
430,16,12,15,285,-9,12,24,276,-9
430,17,12,15,285,-9,12,24,276,-9
430,18,12,11,289,-1,12,12,288,-1
430,19,12,11,289,-1,12,12,288,-1
430,20,12,16,284,6,12,10,290,6
430,21,12,16,284,6,12,10,290,6
430,22,12,15,285,-1,12,16,284,-1
430,23,12,15,285,-1,12,16,284,-1
430,24,12,14,286,1,12,13,287,1
430,25,12,14,286,1,12,13,287,1
430,26,12,15,285,3,12,12,288,3
430,27,12,15,285,3,12,12,288,3
430,28,12,14,286,3,12,11,289,3
430,29,12,14,286,3,12,11,289,3
430,30,12,11,289,4,12,7,293,4
430,31,12,11,289,4,12,7,293,4
430,32,12,16,284,-1,12,17,283,-1
430,33,12,16,284,-1,12,17,283,-1
430,34,12,14,286,4,12,10,290,4
430,35,12,14,286,4,12,10,290,4
430,36,5,12,113,0,5,12,113,0
430,37,5,12,113,0,5,12,113,0
430,38,5,12,113,0,5,12,113,0
430,39,5,12,113,0,5,12,113,0
430,40,5,12,113,0,5,12,113,0
430,41,5,12,113,0,5,12,113,0
430,42,5,12,113,0,5,12,113,0
430,43,5,12,113,0,5,12,113,0
430,44,5,12,113,0,5,12,113,0
430,45,5,12,113,0,5,12,113,0
430,46,5,12,113,0,5,12,113,0
430,47,5,12,113,0,5,12,113,0
430,48,12,13,287,-4,12,17,283,-4
430,49,12,13,287,-4,12,17,283,-4
430,50,12,13,287,8,12,5,295,8
430,51,12,13,287,8,12,5,295,8
430,52,12,14,286,2,12,12,288,2
430,53,12,14,286,2,12,12,288,2
430,54,12,15,285,-6,12,21,279,-6
430,55,12,15,285,-6,12,21,279,-6
430,56,12,15,285,-2,12,17,283,-2
430,57,12,15,285,-2,12,17,283,-2
430,58,12,13,287,-4,12,17,283,-4
430,59,12,13,287,-4,12,17,283,-4
430,60,12,14,286,7,12,7,293,7
430,61,12,14,286,7,12,7,293,7
430,62,12,15,285,1,12,14,286,1
430,63,12,15,285,1,12,14,286,1
430,64,12,13,287,0,12,13,287,0
430,65,12,13,287,0,12,13,287,0
430,66,12,16,284,-10,11,1,274,-10
430,67,12,16,284,-10,11,1,274,-10
430,68,12,17,283,-9,11,1,274,-9
430,69,12,17,283,-9,11,1,274,-9
430,70,12,17,283,-10,11,2,273,-10
430,71,12,17,283,-10,11,2,273,-10
430,72,12,14,286,0,12,14,286,0
430,73,12,14,286,0,12,14,286,0
430,74,12,14,286,7,12,7,293,7
430,75,12,14,286,7,12,7,293,7
430,76,12,14,286,9,12,5,295,9
430,77,12,14,286,9,12,5,295,9
430,78,12,12,288,2,12,10,290,2
430,79,12,12,288,2,12,10,290,2
430,80,12,18,282,-1,12,19,281,-1
430,81,12,18,282,-1,12,19,281,-1
430,82,12,13,287,2,12,11,289,2
430,83,12,13,287,2,12,11,289,2
430,84,12,14,286,-4,12,18,282,-4
430,85,12,14,286,-4,12,18,282,-4
430,86,12,13,287,6,12,7,293,6
430,87,12,13,287,6,12,7,293,6
430,88,12,13,287,10,12,3,297,10
430,89,12,13,287,10,12,3,297,10
430,90,12,11,289,-8,12,19,281,-8
430,91,12,11,289,-8,12,19,281,-8
430,92,12,15,285,8,12,7,293,8
430,93,12,15,285,8,12,7,293,8
430,94,12,14,286,-4,12,18,282,-4
430,95,12,14,286,-4,12,18,282,-4
431,0,11,11,264,8,11,3,272,8
431,1,11,11,264,8,11,3,272,8
431,2,11,13,262,2,11,11,264,2
431,3,11,13,262,2,11,11,264,2
431,4,11,13,262,1,11,12,263,1
431,5,11,13,262,1,11,12,263,1
431,6,11,11,264,-1,11,12,263,-1
431,7,11,11,264,-1,11,12,263,-1
431,8,11,13,262,-10,11,23,252,-10
431,9,11,13,262,-10,11,23,252,-10
431,10,11,12,263,-9,11,21,254,-9
431,11,11,12,263,-9,11,21,254,-9
431,12,11,13,262,-8,11,21,254,-8
431,13,11,13,262,-8,11,21,254,-8
431,14,11,12,263,-5,11,17,258,-5
431,15,11,12,263,-5,11,17,258,-5
431,16,11,13,262,-8,11,21,254,-8
431,17,11,13,262,-8,11,21,254,-8
431,18,11,10,265,-8,11,18,257,-8
431,19,11,10,265,-8,11,18,257,-8
431,20,11,14,261,8,11,6,269,8
431,21,11,14,261,8,11,6,269,8
431,22,11,13,262,-3,11,16,259,-3
431,23,11,13,262,-3,11,16,259,-3
431,24,11,14,261,-7,11,21,254,-7
431,25,11,14,261,-7,11,21,254,-7
431,26,11,12,263,2,11,10,265,2
431,27,11,12,263,2,11,10,265,2
431,28,11,13,262,-10,11,23,252,-10
431,29,11,13,262,-10,11,23,252,-10
431,30,11,10,265,-5,11,15,260,-5
431,31,11,10,265,-5,11,15,260,-5
431,32,11,13,262,2,11,11,264,2
431,33,11,13,262,2,11,11,264,2
431,34,11,14,261,0,11,14,261,0
431,35,11,14,261,0,11,14,261,0
431,36,11,15,260,3,11,12,263,3
431,37,11,14,261,3,11,11,264,3
431,38,11,15,260,-2,11,17,258,-2
431,39,11,15,260,-2,11,17,258,-2
431,40,11,13,262,-10,11,23,252,-10
431,41,11,13,262,-10,11,23,252,-10
431,42,11,13,262,-10,11,23,252,-10
431,43,11,13,262,-10,11,23,252,-10
431,44,11,15,260,6,11,9,266,6
431,45,11,15,260,6,11,9,266,6
431,46,11,15,260,-7,11,22,253,-7
431,47,11,15,260,-7,11,22,253,-7
431,48,11,16,259,3,11,13,262,3
431,49,11,16,259,3,11,13,262,3
431,50,11,14,261,-1,11,15,260,-1
431,51,11,14,261,-1,11,15,260,-1
431,52,11,15,260,-8,11,23,252,-8
431,53,11,15,260,-8,11,23,252,-8
431,54,11,11,264,9,11,2,273,9
431,55,11,11,264,9,11,2,273,9
431,56,11,17,258,4,11,13,262,4
431,57,11,17,258,4,11,13,262,4
431,58,11,12,263,1,11,11,264,1
431,59,11,12,263,1,11,11,264,1
431,60,11,15,260,10,11,5,270,10
431,61,11,15,260,10,11,5,270,10
431,62,11,14,261,7,11,7,268,7
431,63,11,14,261,7,11,7,268,7
431,64,11,13,262,10,11,3,272,10
431,65,11,13,262,10,11,3,272,10
431,66,11,12,263,9,11,3,272,9
431,67,11,12,263,9,11,3,272,9
431,68,11,13,262,-5,11,18,257,-5
431,69,11,13,262,-5,11,18,257,-5
431,70,11,15,260,1,11,14,261,1
431,71,11,15,260,1,11,14,261,1
431,72,11,13,262,-4,11,17,258,-4
431,73,11,13,262,-4,11,17,258,-4
431,74,11,14,261,1,11,13,262,1
431,75,11,14,261,1,11,13,262,1
431,76,11,14,261,10,11,4,271,10
431,77,11,14,261,10,11,4,271,10
431,78,11,13,262,4,11,9,266,4
431,79,11,13,262,4,11,9,266,4
431,80,11,15,260,-3,11,18,257,-3
431,81,11,15,260,-3,11,18,257,-3
431,82,11,14,261,-7,11,21,254,-7
431,83,11,14,261,-7,11,21,254,-7
431,84,11,13,262,6,11,7,268,6
431,85,11,13,262,6,11,7,268,6
431,86,11,14,261,-3,11,17,258,-3
431,87,11,14,261,-3,11,17,258,-3
431,88,11,14,261,-4,11,18,257,-4
431,89,11,14,261,-4,11,18,257,-4
431,90,11,12,263,-8,11,20,255,-8
431,91,11,12,263,-8,11,20,255,-8
431,92,11,13,262,0,11,13,262,0
431,93,11,13,262,0,11,13,262,0
431,94,11,14,261,4,11,10,265,4
431,95,11,14,261,4,11,10,265,4
432,0,10,11,239,2,10,9,241,2
432,1,10,10,240,2,10,8,242,2
432,2,10,10,240,-8,10,18,232,-8
432,3,10,10,240,-8,10,18,232,-8
432,4,10,11,239,-3,10,14,236,-3
432,5,10,11,239,-3,10,14,236,-3
432,6,10,8,242,-9,10,17,233,-9
432,7,10,8,242,-9,10,17,233,-9
432,8,10,13,237,-10,10,23,227,-10
432,9,10,13,237,-10,10,23,227,-10
432,10,10,11,239,-6,10,17,233,-6
432,11,10,11,239,-6,10,17,233,-6
432,12,10,12,238,1,10,11,239,1
432,13,10,12,238,1,10,11,239,1
432,14,10,13,237,3,10,10,240,3
432,15,10,13,237,3,10,10,240,3
432,16,10,11,239,5,10,6,244,5
432,17,10,11,239,5,10,6,244,5
432,18,10,12,238,5,10,7,243,5
432,19,10,12,238,5,10,7,243,5
432,20,10,11,239,10,10,1,249,10
432,21,10,11,239,10,10,1,249,10
432,22,10,13,237,-8,10,21,229,-8
432,23,10,13,237,-8,10,21,229,-8
432,24,10,13,237,1,10,12,238,1
432,25,10,13,237,1,10,12,238,1
432,26,10,14,236,-1,10,15,235,-1
432,27,10,14,236,-1,10,15,235,-1
432,28,10,13,237,-10,10,23,227,-10
432,29,10,13,237,-10,10,23,227,-10
432,30,10,11,239,-3,10,14,236,-3
432,31,10,11,239,-3,10,14,236,-3
432,32,10,14,236,9,10,5,245,9
432,33,10,14,236,9,10,5,245,9
432,34,10,14,236,0,10,14,236,0
432,35,10,14,236,0,10,14,236,0
432,36,10,13,237,10,10,3,247,10
432,37,10,13,237,10,10,3,247,10
432,38,10,14,236,-1,10,15,235,-1
432,39,10,14,236,-1,10,15,235,-1
432,40,10,13,237,-9,10,22,228,-9
432,41,10,13,237,-9,10,22,228,-9
432,42,10,12,238,-1,10,13,237,-1
432,43,10,12,238,-1,10,13,237,-1
432,44,10,13,237,0,10,13,237,0
432,45,10,13,237,0,10,13,237,0
432,46,10,15,235,-2,10,17,233,-2
432,47,10,15,235,-2,10,17,233,-2
432,48,10,13,237,10,10,3,247,10
432,49,10,13,237,10,10,3,247,10
432,50,10,13,237,-10,10,23,227,-10
432,51,10,13,237,-10,10,23,227,-10
432,52,10,12,238,8,10,4,246,8
432,53,10,12,238,8,10,4,246,8
432,54,10,11,239,10,10,1,249,10
432,55,10,11,239,10,10,1,249,10
432,56,10,15,235,5,10,10,240,5
432,57,10,15,235,5,10,10,240,5
432,58,10,13,237,-1,10,14,236,-1
432,59,10,13,237,-1,10,14,236,-1
432,60,10,15,235,-3,10,18,232,-3
432,61,10,15,235,-3,10,18,232,-3
432,62,10,16,234,-1,10,17,233,-1
432,63,10,16,234,-1,10,17,233,-1
432,64,10,14,236,-8,10,22,228,-8
432,65,10,14,236,-8,10,22,228,-8
432,66,10,13,237,-4,10,17,233,-4
432,67,10,13,237,-4,10,17,233,-4
432,68,10,13,237,-4,10,17,233,-4
432,69,10,13,237,-4,10,17,233,-4
432,70,10,13,237,6,10,7,243,6
432,71,10,13,237,6,10,7,243,6
432,72,10,13,237,-1,10,14,236,-1
432,73,10,13,237,-1,10,14,236,-1
432,74,10,14,236,1,10,13,237,1
432,75,10,14,236,1,10,13,237,1
432,76,10,12,238,9,10,3,247,9
432,77,10,12,238,9,10,3,247,9
432,78,10,12,238,5,10,7,243,5
432,79,10,12,238,5,10,7,243,5
432,80,10,15,235,-4,10,19,231,-4
432,81,10,15,235,-4,10,19,231,-4
432,82,10,13,237,-1,10,14,236,-1
432,83,10,13,237,-1,10,14,236,-1
432,84,10,14,236,7,10,7,243,7
432,85,10,14,236,7,10,7,243,7
432,86,10,13,237,-4,10,17,233,-4
432,87,10,13,237,-4,10,17,233,-4
432,88,10,13,237,-10,10,23,227,-10
432,89,10,13,237,-10,10,23,227,-10
432,90,10,10,240,9,10,1,249,9
432,91,10,10,240,9,10,1,249,9
432,92,10,14,236,7,10,7,243,7
432,93,10,14,236,7,10,7,243,7
432,94,10,14,236,9,10,5,245,9
432,95,10,14,236,9,10,5,245,9
433,0,10,12,238,-7,10,19,231,-7
433,1,10,12,238,-7,10,19,231,-7
433,2,10,12,238,6,10,6,244,6
433,3,10,12,238,6,10,6,244,6
433,4,10,13,237,5,10,8,242,5
433,5,10,13,237,5,10,8,242,5
433,6,10,12,238,-2,10,14,236,-2
433,7,10,12,238,-2,10,14,236,-2
433,8,10,13,237,-3,10,16,234,-3
433,9,10,13,237,-3,10,16,234,-3
433,10,10,11,239,6,10,5,245,6
433,11,10,11,239,6,10,5,245,6
433,12,10,12,238,8,10,4,246,8
433,13,10,12,238,8,10,4,246,8
433,14,10,11,239,-8,10,19,231,-8
433,15,10,11,239,-8,10,19,231,-8
433,16,10,12,238,-4,10,16,234,-4
433,17,10,12,238,-4,10,16,234,-4
433,18,10,12,238,-9,10,21,229,-9
433,19,10,12,238,-9,10,21,229,-9
433,20,10,14,236,-3,10,17,233,-3
433,21,10,14,236,-3,10,17,233,-3
433,22,10,13,237,-1,10,14,236,-1
433,23,10,13,237,-1,10,14,236,-1
433,24,10,10,240,-5,10,15,235,-5
433,25,10,10,240,-5,10,15,235,-5
433,26,10,12,238,-5,10,17,233,-5
433,27,10,12,238,-5,10,17,233,-5
433,28,10,10,240,-9,10,19,231,-9
433,29,10,10,240,-9,10,19,231,-9
433,30,10,11,239,9,10,2,248,9
433,31,10,11,239,9,10,2,248,9
433,32,10,13,237,6,10,7,243,6
433,33,10,13,237,6,10,7,243,6
433,34,10,13,237,2,10,11,239,2
433,35,10,13,237,2,10,11,239,2
433,36,10,14,236,9,10,5,245,9
433,37,10,14,236,9,10,5,245,9
433,38,10,13,237,2,10,11,239,2
433,39,10,13,237,2,10,11,239,2
433,40,10,13,237,-10,10,23,227,-10
433,41,10,13,237,-10,10,23,227,-10
433,42,10,12,238,-6,10,18,232,-6
433,43,10,12,238,-6,10,18,232,-6
433,44,10,13,237,-2,10,15,235,-2
433,45,10,13,237,-2,10,15,235,-2
433,46,10,13,237,-4,10,17,233,-4
433,47,10,13,237,-4,10,17,233,-4
433,48,10,15,235,9,10,6,244,9
433,49,10,15,235,9,10,6,244,9
433,50,10,15,235,7,10,8,242,7
433,51,10,15,235,7,10,8,242,7
433,52,10,16,234,1,10,15,235,1
433,53,10,16,234,1,10,15,235,1
433,54,10,12,238,-2,10,14,236,-2
433,55,10,12,238,-2,10,14,236,-2
433,56,10,16,234,-10,9,1,224,-10
433,57,10,16,234,-10,9,1,224,-10
433,58,10,15,235,0,10,15,235,0
433,59,10,15,235,0,10,15,235,0
433,60,10,14,236,-9,10,23,227,-9
433,61,10,14,236,-9,10,23,227,-9
433,62,10,13,237,10,10,3,247,10
433,63,10,13,237,10,10,3,247,10
433,64,10,16,234,9,10,7,243,9
433,65,10,16,234,9,10,7,243,9
433,66,10,13,237,-1,10,14,236,-1
433,67,10,13,237,-1,10,14,236,-1
433,68,10,18,232,6,10,12,238,6
433,69,10,18,232,6,10,12,238,6
433,70,10,13,237,2,10,11,239,2
433,71,10,13,237,2,10,11,239,2
433,72,10,13,237,10,10,3,247,10
433,73,10,13,237,10,10,3,247,10
433,74,10,13,237,9,10,4,246,9
433,75,10,13,237,9,10,4,246,9
433,76,10,14,236,5,10,9,241,5
433,77,10,14,236,5,10,9,241,5
433,78,10,13,237,0,10,13,237,0
433,79,10,13,237,0,10,13,237,0
433,80,10,16,234,0,10,16,234,0
433,81,10,16,234,0,10,16,234,0
433,82,10,15,235,9,10,6,244,9
433,83,10,15,235,9,10,6,244,9
433,84,10,15,235,10,10,5,245,10
433,85,10,15,235,10,10,5,245,10
433,86,10,13,237,6,10,7,243,6
433,87,10,13,237,6,10,7,243,6
433,88,10,14,236,-10,10,24,226,-10
433,89,10,14,236,-10,10,24,226,-10
433,90,10,13,237,7,10,6,244,7
433,91,10,13,237,7,10,6,244,7
433,92,10,15,235,3,10,12,238,3
433,93,10,15,235,3,10,12,238,3
433,94,10,15,235,10,10,5,245,10
433,95,10,15,235,10,10,5,245,10
434,0,11,14,261,-4,11,18,257,-4
434,1,11,14,261,-4,11,18,257,-4
434,2,11,14,261,-2,11,16,259,-2
434,3,11,14,261,-2,11,16,259,-2
434,4,11,12,263,0,11,12,263,0
434,5,11,12,263,0,11,12,263,0
434,6,11,10,265,-7,11,17,258,-7
434,7,11,10,265,-7,11,17,258,-7
434,8,11,13,262,-2,11,15,260,-2
434,9,11,13,262,-2,11,15,260,-2
434,10,11,13,262,3,11,10,265,3
434,11,11,13,262,3,11,10,265,3
434,12,11,15,260,-8,11,23,252,-8
434,13,11,15,260,-8,11,23,252,-8
434,14,12,23,277,0,12,23,277,0
434,15,11,17,258,-4,11,21,254,-4
434,16,11,13,262,4,11,9,266,4
434,17,11,13,262,4,11,9,266,4
434,18,11,14,261,9,11,5,270,9
434,19,11,14,261,9,11,5,270,9
434,20,11,15,260,-9,11,24,251,-9
434,21,11,15,260,-9,11,24,251,-9
434,22,11,15,260,9,11,6,269,9
434,23,11,15,260,9,11,6,269,9
434,24,11,14,261,6,11,8,267,6
434,25,11,14,261,6,11,8,267,6
434,26,11,14,261,-1,11,15,260,-1
434,27,11,14,261,-1,11,15,260,-1
434,28,11,15,260,1,11,14,261,1
434,29,11,15,260,1,11,14,261,1
434,30,11,12,263,1,11,11,264,1
434,31,11,12,263,1,11,11,264,1
434,32,11,15,260,-5,11,20,255,-5
434,33,11,15,260,-5,11,20,255,-5
434,34,11,15,260,6,11,9,266,6
434,35,11,15,260,6,11,9,266,6
434,36,11,15,260,-2,11,17,258,-2
434,37,11,15,260,-2,11,17,258,-2
434,38,11,17,258,3,11,14,261,3
434,39,11,17,258,3,11,14,261,3
434,40,11,15,260,2,11,13,262,2
434,41,11,15,260,2,11,13,262,2
434,42,11,12,263,8,11,4,271,8
434,43,11,12,263,8,11,4,271,8
434,44,11,19,256,3,11,16,259,3
434,45,11,19,256,3,11,16,259,3
434,46,11,16,259,-3,11,19,256,-3
434,47,11,16,259,-3,11,19,256,-3
434,48,11,13,262,0,11,13,262,0
434,49,11,12,263,0,11,12,263,0
434,50,11,15,260,0,11,15,260,0
434,51,11,15,260,0,11,15,260,0
434,52,11,14,261,0,11,14,261,0
434,53,11,14,261,0,11,14,261,0
434,54,11,13,262,0,11,13,262,0
434,55,11,13,262,0,11,13,262,0
434,56,11,14,261,0,11,14,261,0
434,57,11,14,261,0,11,14,261,0
434,58,11,15,260,0,11,15,260,0
434,59,11,15,260,0,11,15,260,0
434,60,11,15,260,4,11,11,264,4
434,61,11,15,260,4,11,11,264,4
434,62,11,14,261,-10,11,24,251,-10
434,63,11,14,261,-10,11,24,251,-10
434,64,11,14,261,7,11,7,268,7
434,65,11,14,261,7,11,7,268,7
434,66,11,11,264,0,11,11,264,0
434,67,11,11,264,0,11,11,264,0
434,68,11,15,260,7,11,8,267,7
434,69,11,15,260,7,11,8,267,7
434,70,11,15,260,-4,11,19,256,-4
434,71,11,15,260,-4,11,19,256,-4
434,72,11,12,263,-8,11,20,255,-8
434,73,11,12,263,-8,11,20,255,-8
434,74,11,14,261,-1,11,15,260,-1
434,75,11,14,261,-1,11,15,260,-1
434,76,11,15,260,-4,11,19,256,-4
434,77,11,15,260,-4,11,19,256,-4
434,78,11,11,264,-3,11,14,261,-3
434,79,11,11,264,-3,11,14,261,-3
434,80,11,15,260,2,11,13,262,2
434,81,11,15,260,2,11,13,262,2
434,82,11,13,262,2,11,11,264,2
434,83,11,14,261,2,11,12,263,2
434,84,11,15,260,0,11,15,260,0
434,85,11,15,260,0,11,15,260,0
434,86,11,12,263,-3,11,15,260,-3
434,87,11,12,263,-3,11,15,260,-3
434,88,11,14,261,-4,11,18,257,-4
434,89,11,14,261,-4,11,18,257,-4
434,90,11,13,262,1,11,12,263,1
434,91,11,13,262,1,11,12,263,1
434,92,11,16,259,9,11,7,268,9
434,93,11,16,259,9,11,7,268,9
434,94,11,16,259,1,11,15,260,1
434,95,11,16,259,1,11,15,260,1
435,0,11,13,262,5,11,8,267,5
435,1,11,13,262,5,11,8,267,5
435,2,11,10,265,-10,11,20,255,-10
435,3,11,10,265,-10,11,20,255,-10
435,4,11,11,264,-2,11,13,262,-2
435,5,11,11,264,-2,11,13,262,-2
435,6,11,9,266,8,11,1,274,8
435,7,11,9,266,8,11,1,274,8
435,8,11,12,263,5,11,7,268,5
435,9,11,12,263,5,11,7,268,5
435,10,11,12,263,7,11,5,270,7
435,11,11,12,263,7,11,5,270,7
435,12,11,12,263,4,11,8,267,4
435,13,11,12,263,4,11,8,267,4
435,14,11,14,261,-3,11,17,258,-3
435,15,11,14,261,-3,11,17,258,-3
435,16,11,13,262,-3,11,16,259,-3
435,17,11,13,262,-3,11,16,259,-3
435,18,11,11,264,-7,11,18,257,-7
435,19,11,11,264,-7,11,18,257,-7
435,20,11,13,262,3,11,10,265,3
435,21,11,13,262,3,11,10,265,3
435,22,11,14,261,2,11,12,263,2
435,23,11,14,261,2,11,12,263,2
435,24,11,13,262,-5,11,18,257,-5
435,25,11,13,262,-5,11,18,257,-5
435,26,11,14,261,10,11,4,271,10
435,27,11,14,261,10,11,4,271,10
435,28,11,13,262,10,11,3,272,10
435,29,11,13,262,10,11,3,272,10
435,30,11,12,263,5,11,7,268,5
435,31,11,12,263,5,11,7,268,5
435,32,11,13,262,-7,11,20,255,-7
435,33,11,13,262,-7,11,20,255,-7
435,34,11,17,258,-2,11,19,256,-2
435,35,11,17,258,-2,11,19,256,-2
435,36,11,16,259,4,11,12,263,4
435,37,11,16,259,4,11,12,263,4
435,38,11,15,260,7,11,8,267,7
435,39,11,15,260,7,11,8,267,7
435,40,11,13,262,10,11,3,272,10
435,41,11,13,262,10,11,3,272,10
435,42,11,14,261,10,11,4,271,10
435,43,11,13,262,10,11,3,272,10
435,44,11,17,258,6,11,11,264,6
435,45,11,16,259,6,11,10,265,6
435,46,11,17,258,0,11,17,258,0
435,47,11,17,258,0,11,17,258,0
435,48,11,12,263,9,11,3,272,9
435,49,11,12,263,9,11,3,272,9
435,50,11,13,262,-1,11,14,261,-1
435,51,11,13,262,-1,11,14,261,-1
435,52,11,13,262,-2,11,15,260,-2
435,53,11,13,262,-2,11,15,260,-2
435,54,11,11,264,6,11,5,270,6
435,55,11,11,264,6,11,5,270,6
435,56,11,14,261,-4,11,18,257,-4
435,57,11,14,261,-4,11,18,257,-4
435,58,11,13,262,7,11,6,269,7
435,59,11,13,262,7,11,6,269,7
435,60,11,14,261,-2,11,16,259,-2
435,61,11,14,261,-2,11,16,259,-2
435,62,11,12,263,-6,11,18,257,-6
435,63,11,12,263,-6,11,18,257,-6
435,64,11,14,261,-10,11,24,251,-10
435,65,11,14,261,-10,11,24,251,-10
435,66,11,11,264,-2,11,13,262,-2
435,67,11,11,264,-2,11,13,262,-2
435,68,11,15,260,-1,11,16,259,-1
435,69,11,15,260,-1,11,16,259,-1
435,70,11,16,259,9,11,7,268,9
435,71,11,16,259,9,11,7,268,9
435,72,11,15,260,8,11,7,268,8
435,73,11,15,260,8,11,7,268,8
435,74,11,14,261,-3,11,17,258,-3
435,75,11,14,261,-3,11,17,258,-3
435,76,11,14,261,3,11,11,264,3
435,77,11,14,261,3,11,11,264,3
435,78,11,11,264,-4,11,15,260,-4
435,79,11,11,264,-4,11,15,260,-4
435,80,11,13,262,-4,11,17,258,-4
435,81,11,12,263,-4,11,16,259,-4
435,82,11,14,261,-3,11,17,258,-3
435,83,11,14,261,-3,11,17,258,-3
435,84,11,13,262,5,11,8,267,5
435,85,11,13,262,5,11,8,267,5
435,86,11,12,263,9,11,3,272,9
435,87,11,12,263,9,11,3,272,9
435,88,11,12,263,2,11,10,265,2
435,89,11,12,263,2,11,10,265,2
435,90,11,13,262,2,11,11,264,2
435,91,11,13,262,2,11,11,264,2
435,92,11,14,261,5,11,9,266,5
435,93,11,14,261,5,11,9,266,5
435,94,11,18,257,-2,11,20,255,-2
435,95,11,18,257,-2,11,20,255,-2
436,0,12,11,289,2,12,9,291,2
436,1,12,11,289,2,12,9,291,2
436,2,12,12,288,-6,12,18,282,-6
436,3,12,12,288,-6,12,18,282,-6
436,4,12,13,287,7,12,6,294,7
436,5,12,13,287,7,12,6,294,7
436,6,12,11,289,-9,12,20,280,-9
436,7,12,11,289,-9,12,20,280,-9
436,8,12,13,287,-8,12,21,279,-8
436,9,12,13,287,-8,12,21,279,-8
436,10,12,15,285,-10,11,0,275,-10
436,11,12,16,284,-10,11,1,274,-10
436,12,12,13,287,-9,12,22,278,-9
436,13,12,13,287,-9,12,22,278,-9
436,14,12,12,288,-10,12,22,278,-10
436,15,12,12,288,-10,12,22,278,-10
436,16,12,13,287,8,12,5,295,8
436,17,12,13,287,8,12,5,295,8
436,18,12,10,290,-6,12,16,284,-6
436,19,12,10,290,-6,12,16,284,-6
436,20,12,11,289,2,12,9,291,2
436,21,12,11,289,2,12,9,291,2
436,22,12,12,288,-5,12,17,283,-5
436,23,12,12,288,-5,12,17,283,-5
436,24,12,12,288,8,12,4,296,8
436,25,12,12,288,8,12,4,296,8
436,26,12,11,289,9,12,2,298,9
436,27,12,11,289,9,12,2,298,9
436,28,12,13,287,5,12,8,292,5
436,29,12,13,287,5,12,8,292,5
436,30,12,10,290,-5,12,15,285,-5
436,31,12,10,290,-5,12,15,285,-5
436,32,12,16,284,-9,11,0,275,-9
436,33,12,16,284,-9,11,0,275,-9
436,34,12,15,285,7,12,8,292,7
436,35,12,15,285,7,12,8,292,7
436,36,5,11,114,0,5,11,114,0
436,37,5,11,114,0,5,11,114,0
436,38,5,11,114,0,5,11,114,0
436,39,5,11,114,0,5,11,114,0
436,40,5,11,114,0,5,11,114,0
436,41,5,11,114,0,5,11,114,0
436,42,5,11,114,0,5,11,114,0
436,43,5,11,114,0,5,11,114,0
436,44,5,11,114,0,5,11,114,0
436,45,5,11,114,0,5,11,114,0
436,46,5,11,114,0,5,11,114,0
436,47,5,11,114,0,5,11,114,0
436,48,12,15,285,-10,11,0,275,-10
436,49,12,15,285,-10,11,0,275,-10
436,50,12,15,285,-1,12,16,284,-1
436,51,12,15,285,-1,12,16,284,-1
436,52,12,13,287,2,12,11,289,2
436,53,12,13,287,2,12,11,289,2
436,54,12,12,288,6,12,6,294,6
436,55,12,12,288,6,12,6,294,6
436,56,12,16,284,-5,12,21,279,-5
436,57,12,16,284,-5,12,21,279,-5
436,58,12,15,285,-6,12,21,279,-6
436,59,12,15,285,-6,12,21,279,-6
436,60,12,12,288,8,12,4,296,8
436,61,12,12,288,8,12,4,296,8
436,62,12,15,285,-9,12,24,276,-9
436,63,12,15,285,-9,12,24,276,-9
436,64,12,14,286,5,12,9,291,5
436,65,12,14,286,5,12,9,291,5
436,66,12,13,287,10,12,3,297,10
436,67,12,13,287,10,12,3,297,10
436,68,12,16,284,-1,12,17,283,-1
436,69,12,16,284,-1,12,17,283,-1
436,70,12,14,286,-9,12,23,277,-9
436,71,12,14,286,-9,12,23,277,-9
436,72,12,14,286,-1,12,15,285,-1
436,73,12,14,286,-1,12,15,285,-1
436,74,12,14,286,6,12,8,292,6
436,75,12,14,286,6,12,8,292,6
436,76,12,14,286,1,12,13,287,1
436,77,12,14,286,1,12,13,287,1
436,78,12,13,287,-2,12,15,285,-2
436,79,12,13,287,-2,12,15,285,-2
436,80,12,15,285,2,12,13,287,2
436,81,12,15,285,2,12,13,287,2
436,82,12,15,285,8,12,7,293,8
436,83,12,15,285,8,12,7,293,8
436,84,12,14,286,5,12,9,291,5
436,85,12,14,286,5,12,9,291,5
436,86,12,13,287,-3,12,16,284,-3
436,87,12,13,287,-3,12,16,284,-3
436,88,12,13,287,6,12,7,293,6
436,89,12,13,287,6,12,7,293,6
436,90,12,12,288,-2,12,14,286,-2
436,91,12,12,288,-2,12,14,286,-2
436,92,12,14,286,-2,12,16,284,-2
436,93,12,14,286,-2,12,16,284,-2
436,94,12,13,287,5,12,8,292,5
436,95,12,13,287,5,12,8,292,5
437,0,12,16,284,4,12,12,288,4
437,1,12,16,284,4,12,12,288,4
437,2,12,16,284,-3,12,19,281,-3
437,3,12,16,284,-3,12,19,281,-3
437,4,12,15,285,7,12,8,292,7
437,5,12,15,285,7,12,8,292,7
437,6,12,13,287,10,12,3,297,10
437,7,12,13,287,10,12,3,297,10
437,8,12,16,284,-2,12,18,282,-2
437,9,12,16,284,-2,12,18,282,-2
437,10,12,15,285,8,12,7,293,8
437,11,12,15,285,8,12,7,293,8
437,12,12,19,281,9,12,10,290,9
437,13,12,19,281,9,12,10,290,9
437,14,12,15,285,-10,11,0,275,-10
437,15,12,15,285,-10,11,0,275,-10
437,16,12,15,285,-2,12,17,283,-2
437,17,12,15,285,-2,12,17,283,-2
437,18,12,13,287,-7,12,20,280,-7
437,19,12,13,287,-7,12,20,280,-7
437,20,12,16,284,4,12,12,288,4
437,21,12,16,284,4,12,12,288,4
437,22,12,17,283,1,12,16,284,1
437,23,12,17,283,1,12,16,284,1
437,24,12,18,282,10,12,8,292,10
437,25,12,18,282,10,12,8,292,10
437,26,12,15,285,-7,12,22,278,-7
437,27,12,15,285,-7,12,22,278,-7
437,28,12,16,284,-4,12,20,280,-4
437,29,12,16,284,-4,12,20,280,-4
437,30,12,14,286,-6,12,20,280,-6
437,31,12,14,286,-6,12,20,280,-6
437,32,12,19,281,8,12,11,289,8
437,33,12,19,281,8,12,11,289,8
437,34,12,17,283,6,12,11,289,6
437,35,12,16,284,6,12,10,290,6
437,36,5,12,113,0,5,12,113,0
437,37,5,12,113,0,5,12,113,0
437,38,5,12,113,0,5,12,113,0
437,39,5,12,113,0,5,12,113,0
437,40,5,12,113,0,5,12,113,0
437,41,5,12,113,0,5,12,113,0
437,42,5,12,113,0,5,12,113,0
437,43,5,12,113,0,5,12,113,0
437,44,5,12,113,0,5,12,113,0
437,45,5,12,113,0,5,12,113,0
437,46,5,12,113,0,5,12,113,0
437,47,5,12,113,0,5,12,113,0
437,48,12,13,287,0,12,13,287,0
437,49,12,13,287,0,12,13,287,0
437,50,12,15,285,-5,12,20,280,-5
437,51,12,15,285,-5,12,20,280,-5
437,52,12,16,284,8,12,8,292,8
437,53,12,16,284,8,12,8,292,8
437,54,12,13,287,0,12,13,287,0
437,55,12,13,287,0,12,13,287,0
437,56,12,14,286,0,12,14,286,0
437,57,12,14,286,0,12,14,286,0
437,58,12,15,285,-7,12,22,278,-7
437,59,12,15,285,-7,12,22,278,-7
437,60,12,4,296,0,12,4,296,0
437,61,12,4,296,0,12,4,296,0
437,62,12,5,295,0,12,5,295,0
437,63,12,5,295,0,12,5,295,0
437,64,12,3,297,0,12,3,297,0
437,65,12,3,297,0,12,3,297,0
437,66,12,3,297,0,12,3,297,0
437,67,12,3,297,0,12,3,297,0
437,68,12,4,296,0,12,4,296,0
437,69,12,4,296,0,12,4,296,0
437,70,12,4,296,0,12,4,296,0
437,71,12,4,296,0,12,4,296,0
437,72,12,15,285,-6,12,21,279,-6
437,73,12,15,285,-6,12,21,279,-6
437,74,12,16,284,4,12,12,288,4
437,75,12,16,284,4,12,12,288,4
437,76,12,16,284,-5,12,21,279,-5
437,77,12,16,284,-5,12,21,279,-5
437,78,12,12,288,2,12,10,290,2
437,79,12,12,288,2,12,10,290,2
437,80,12,18,282,-8,11,1,274,-8
437,81,12,18,282,-8,11,1,274,-8
437,82,12,19,281,-9,11,3,272,-9
437,83,12,19,281,-9,11,3,272,-9
437,84,12,16,284,-1,12,17,283,-1
437,85,12,16,284,-1,12,17,283,-1
437,86,12,15,285,-9,12,24,276,-9
437,87,12,15,285,-9,12,24,276,-9
437,88,12,17,283,1,12,16,284,1
437,89,12,17,283,1,12,16,284,1
437,90,12,13,287,-5,12,18,282,-5
437,91,12,13,287,-5,12,18,282,-5
437,92,12,16,284,-6,12,22,278,-6
437,93,12,16,284,-6,12,22,278,-6
437,94,12,16,284,-7,12,23,277,-7
437,95,12,16,284,-7,12,23,277,-7
438,0,12,12,288,7,12,5,295,7
438,1,12,12,288,7,12,5,295,7
438,2,12,11,289,-2,12,13,287,-2
438,3,12,11,289,-2,12,13,287,-2
438,4,12,10,290,-7,12,17,283,-7
438,5,12,10,290,-7,12,17,283,-7
438,6,12,10,290,7,12,3,297,7
438,7,12,10,290,7,12,3,297,7
438,8,12,12,288,-8,12,20,280,-8
438,9,12,12,288,-8,12,20,280,-8
438,10,12,13,287,7,12,6,294,7
438,11,12,13,287,7,12,6,294,7
438,12,12,11,289,-10,12,21,279,-10
438,13,12,11,289,-10,12,21,279,-10
438,14,12,12,288,-9,12,21,279,-9
438,15,12,12,288,-9,12,21,279,-9
438,16,12,11,289,2,12,9,291,2
438,17,12,11,289,2,12,9,291,2
438,18,12,10,290,2,12,8,292,2
438,19,12,10,290,2,12,8,292,2
438,20,12,11,289,-2,12,13,287,-2
438,21,12,11,289,-2,12,13,287,-2
438,22,12,12,288,-5,12,17,283,-5
438,23,12,12,288,-5,12,17,283,-5
438,24,12,14,286,4,12,10,290,4
438,25,12,14,286,4,12,10,290,4
438,26,12,14,286,-5,12,19,281,-5
438,27,12,14,286,-5,12,19,281,-5
438,28,12,13,287,3,12,10,290,3
438,29,12,13,287,3,12,10,290,3
438,30,12,12,288,2,12,10,290,2
438,31,12,12,288,2,12,10,290,2
438,32,12,15,285,7,12,8,292,7
438,33,12,15,285,7,12,8,292,7
438,34,12,13,287,4,12,9,291,4
438,35,12,13,287,4,12,9,291,4
438,36,12,13,287,-2,12,15,285,-2
438,37,12,13,287,-2,12,15,285,-2
438,38,12,14,286,0,12,14,286,0
438,39,12,14,286,0,12,14,286,0
438,40,12,16,284,-2,12,18,282,-2
438,41,12,16,284,-2,12,18,282,-2
438,42,12,11,289,-9,12,20,280,-9
438,43,12,11,289,-9,12,20,280,-9
438,44,12,14,286,1,12,13,287,1
438,45,4,17,83,0,4,17,83,0
438,46,12,14,286,8,12,6,294,8
438,47,12,14,286,8,12,6,294,8
438,48,12,13,287,-1,12,14,286,-1
438,49,12,13,287,-1,12,14,286,-1
438,50,12,15,285,-8,12,23,277,-8
438,51,12,15,285,-8,12,23,277,-8
438,52,12,15,285,8,12,7,293,8
438,53,12,15,285,8,12,7,293,8
438,54,12,14,286,8,12,6,294,8
438,55,12,14,286,8,12,6,294,8
438,56,12,14,286,-9,12,23,277,-9
438,57,12,14,286,-9,12,23,277,-9
438,58,12,15,285,-4,12,19,281,-4
438,59,12,15,285,-4,12,19,281,-4
438,60,12,12,288,0,12,12,288,0
438,61,12,12,288,0,12,12,288,0
438,62,12,13,287,1,12,12,288,1
438,63,12,13,287,1,12,12,288,1
438,64,12,14,286,-1,12,15,285,-1
438,65,12,14,286,-1,12,15,285,-1
438,66,12,13,287,4,12,9,291,4
438,67,12,14,286,4,12,10,290,4
438,68,12,15,285,-5,12,20,280,-5
438,69,12,15,285,-5,12,20,280,-5
438,70,12,14,286,-4,12,18,282,-4
438,71,12,14,286,-4,12,18,282,-4
438,72,12,13,287,-9,12,22,278,-9
438,73,12,13,287,-9,12,22,278,-9
438,74,12,14,286,7,12,7,293,7
438,75,12,14,286,7,12,7,293,7
438,76,12,16,284,5,12,11,289,5
438,77,12,16,284,5,12,11,289,5
438,78,12,11,289,6,12,5,295,6
438,79,12,11,289,6,12,5,295,6
438,80,12,15,285,4,12,11,289,4
438,81,12,15,285,4,12,11,289,4
438,82,12,17,283,-10,11,2,273,-10
438,83,12,17,283,-10,11,2,273,-10
438,84,12,14,286,10,12,4,296,10
438,85,12,14,286,10,12,4,296,10
438,86,12,14,286,7,12,7,293,7
438,87,12,14,286,7,12,7,293,7
438,88,12,10,290,-8,12,18,282,-8
438,89,12,10,290,-8,12,18,282,-8
438,90,12,12,288,-10,12,22,278,-10
438,91,12,12,288,-10,12,22,278,-10
438,92,12,13,287,8,12,5,295,8
438,93,12,13,287,8,12,5,295,8
438,94,12,13,287,-6,12,19,281,-6
438,95,12,13,287,-6,12,19,281,-6
439,0,12,11,289,0,12,11,289,0
439,1,12,11,289,0,12,11,289,0
439,2,12,14,286,0,12,14,286,0
439,3,12,14,286,0,12,14,286,0
439,4,12,12,288,0,12,12,288,0
439,5,12,12,288,0,12,12,288,0
439,6,12,9,291,0,12,9,291,0
439,7,12,9,291,0,12,9,291,0
439,8,12,13,287,0,12,13,287,0
439,9,12,13,287,0,12,13,287,0
439,10,12,14,286,0,12,14,286,0
439,11,12,14,286,0,12,14,286,0
439,12,13,24,301,0,13,24,301,0
439,13,13,24,301,0,13,24,301,0
439,14,13,23,302,0,13,23,302,0
439,15,13,23,302,0,13,23,302,0
439,16,12,18,282,6,12,12,288,6
439,17,12,18,282,6,12,12,288,6
439,18,12,14,286,10,12,4,296,10
439,19,12,14,286,10,12,4,296,10
439,20,13,23,302,0,13,23,302,0
439,21,13,23,302,0,13,23,302,0
439,22,12,17,283,-2,12,19,281,-2
439,23,12,17,283,-2,12,19,281,-2
439,24,12,17,283,-9,11,1,274,-9
439,25,12,17,283,-9,11,1,274,-9
439,26,12,17,283,0,12,17,283,0
439,27,12,17,283,0,12,17,283,0
439,28,12,17,283,6,12,11,289,6
439,29,12,17,283,6,12,11,289,6
439,30,12,12,288,-7,12,19,281,-7
439,31,12,12,288,-7,12,19,281,-7
439,32,12,18,282,10,12,8,292,10
439,33,12,18,282,10,12,8,292,10
439,34,12,16,284,9,12,7,293,9
439,35,12,16,284,9,12,7,293,9
439,36,12,18,282,-1,12,19,281,-1
439,37,12,18,282,-1,12,19,281,-1
439,38,12,17,283,-10,11,2,273,-10
439,39,12,17,283,-10,11,2,273,-10
439,40,12,16,284,9,12,7,293,9
439,41,12,16,284,9,12,7,293,9
439,42,12,15,285,2,12,13,287,2
439,43,12,15,285,2,12,13,287,2
439,44,12,18,282,-7,11,0,275,-7
439,45,12,18,282,-7,11,0,275,-7
439,46,12,16,284,2,12,14,286,2
439,47,12,5,295,0,12,5,295,0
439,48,12,5,295,0,12,5,295,0
439,49,12,15,285,10,12,5,295,10
439,50,12,14,286,6,12,8,292,6
439,51,12,14,286,6,12,8,292,6
439,52,12,14,286,7,12,7,293,7
439,53,12,14,286,7,12,7,293,7
439,54,12,12,288,-3,12,15,285,-3
439,55,12,12,288,-3,12,15,285,-3
439,56,12,16,284,8,12,8,292,8
439,57,12,16,284,8,12,8,292,8
439,58,12,15,285,-7,12,22,278,-7
439,59,12,15,285,-7,12,22,278,-7
439,60,12,16,284,-7,12,23,277,-7
439,61,12,16,284,-7,12,23,277,-7
439,62,12,15,285,-10,11,0,275,-10
439,63,12,15,285,-10,11,0,275,-10
439,64,12,16,284,-9,11,0,275,-9
439,65,12,16,284,-9,11,0,275,-9
439,66,12,12,288,-7,12,19,281,-7
439,67,12,12,288,-7,12,19,281,-7
439,68,12,19,281,-10,11,4,271,-10
439,69,12,19,281,-10,11,4,271,-10
439,70,12,15,285,5,12,10,290,5
439,71,12,15,285,5,12,10,290,5
439,72,12,15,285,7,12,8,292,7
439,73,12,15,285,7,12,8,292,7
439,74,12,13,287,4,12,9,291,4
439,75,12,13,287,4,12,9,291,4
439,76,12,12,288,-7,12,19,281,-7
439,77,12,12,288,-7,12,19,281,-7
439,78,12,15,285,-9,12,24,276,-9
439,79,12,15,285,-9,12,24,276,-9
439,80,12,16,284,-4,12,20,280,-4
439,81,12,16,284,-4,12,20,280,-4
439,82,12,14,286,8,12,6,294,8
439,83,12,5,295,0,12,5,295,0
439,84,12,17,283,9,12,8,292,9
439,85,12,17,283,9,12,8,292,9
439,86,12,14,286,4,12,10,290,4
439,87,12,14,286,4,12,10,290,4
439,88,12,12,288,-7,12,19,281,-7
439,89,12,12,288,-7,12,19,281,-7
439,90,12,12,288,2,12,10,290,2
439,91,12,12,288,2,12,10,290,2
439,92,12,18,282,2,12,16,284,2
439,93,12,18,282,2,12,16,284,2
439,94,12,14,286,0,12,14,286,0
439,95,12,14,286,0,12,14,286,0
440,0,11,13,262,-3,11,16,259,-3
440,1,11,13,262,-3,11,16,259,-3
440,2,11,11,264,-7,11,18,257,-7
440,3,11,11,264,-7,11,18,257,-7
440,4,11,12,263,-5,11,17,258,-5
440,5,11,12,263,-5,11,17,258,-5
440,6,11,11,264,-1,11,12,263,-1
440,7,11,11,264,-1,11,12,263,-1
440,8,11,12,263,4,11,8,267,4
440,9,11,12,263,4,11,8,267,4
440,10,11,12,263,-2,11,14,261,-2
440,11,11,12,263,-2,11,14,261,-2
440,12,11,13,262,6,11,7,268,6
440,13,11,13,262,6,11,7,268,6
440,14,11,16,259,8,11,8,267,8
440,15,11,16,259,8,11,8,267,8
440,16,11,13,262,-1,11,14,261,-1
440,17,11,13,262,-1,11,14,261,-1
440,18,11,11,264,8,11,3,272,8
440,19,11,11,264,8,11,3,272,8
440,20,11,15,260,0,11,15,260,0
440,21,11,15,260,0,11,15,260,0
440,22,11,16,259,10,11,6,269,10
440,23,11,16,259,10,11,6,269,10
440,24,11,14,261,-3,11,17,258,-3
440,25,11,14,261,-3,11,17,258,-3
440,26,11,13,262,3,11,10,265,3
440,27,11,13,262,3,11,10,265,3
440,28,11,12,263,6,11,6,269,6
440,29,11,12,263,6,11,6,269,6
440,30,11,11,264,-2,11,13,262,-2
440,31,11,11,264,-2,11,13,262,-2
440,32,11,13,262,8,11,5,270,8
440,33,11,13,262,8,11,5,270,8
440,34,11,13,262,-9,11,22,253,-9
440,35,11,13,262,-9,11,22,253,-9
440,36,11,15,260,-8,11,23,252,-8
440,37,11,15,260,-8,11,23,252,-8
440,38,11,15,260,10,11,5,270,10
440,39,11,15,260,10,11,5,270,10
440,40,11,14,261,-1,11,15,260,-1
440,41,11,14,261,-1,11,15,260,-1
440,42,11,13,262,4,11,9,266,4
440,43,11,13,262,4,11,9,266,4
440,44,11,15,260,-4,11,19,256,-4
440,45,11,15,260,-4,11,19,256,-4
440,46,11,16,259,-3,11,19,256,-3
440,47,11,16,259,-3,11,19,256,-3
440,48,11,17,258,-6,11,23,252,-6
440,49,11,17,258,-6,11,23,252,-6
440,50,11,15,260,-1,11,16,259,-1
440,51,11,15,260,-1,11,16,259,-1
440,52,11,16,259,0,11,16,259,0
440,53,11,16,259,0,11,16,259,0
440,54,11,15,260,-2,11,17,258,-2
440,55,11,15,260,-2,11,17,258,-2
440,56,11,16,259,3,11,13,262,3
440,57,11,16,259,3,11,13,262,3
440,58,11,17,258,4,11,13,262,4
440,59,11,17,258,4,11,13,262,4
440,60,11,15,260,-9,11,24,251,-9
440,61,11,15,260,-9,11,24,251,-9
440,62,11,17,258,-8,10,0,250,-8
440,63,11,17,258,-8,10,0,250,-8
440,64,11,16,259,-9,10,0,250,-9
440,65,11,16,259,-9,10,0,250,-9
440,66,11,14,261,10,11,4,271,10
440,67,11,14,261,10,11,4,271,10
440,68,11,15,260,2,11,13,262,2
440,69,11,15,260,2,11,13,262,2
440,70,11,17,258,7,11,10,265,7
440,71,11,17,258,7,11,10,265,7
440,72,11,16,259,9,11,7,268,9
440,73,11,16,259,9,11,7,268,9
440,74,11,14,261,5,11,9,266,5
440,75,11,14,261,5,11,9,266,5
440,76,11,12,263,4,11,8,267,4
440,77,11,12,263,4,11,8,267,4
440,78,11,13,262,7,11,6,269,7
440,79,11,13,262,7,11,6,269,7
440,80,11,18,257,-10,10,3,247,-10
440,81,11,18,257,-10,10,3,247,-10
440,82,11,14,261,0,11,14,261,0
440,83,11,14,261,0,11,14,261,0
440,84,11,16,259,-3,11,19,256,-3
440,85,11,16,259,-3,11,19,256,-3
440,86,11,15,260,-5,11,20,255,-5
440,87,11,15,260,-5,11,20,255,-5
440,88,11,15,260,10,11,5,270,10
440,89,11,15,260,10,11,5,270,10
440,90,11,14,261,-2,11,16,259,-2
440,91,11,14,261,-2,11,16,259,-2
440,92,11,16,259,10,11,6,269,10
440,93,11,16,259,10,11,6,269,10
440,94,11,18,257,8,11,10,265,8
440,95,11,18,257,8,11,10,265,8
441,0,11,13,262,2,11,11,264,2
441,1,11,13,262,2,11,11,264,2
441,2,11,14,261,8,11,6,269,8
441,3,11,14,261,8,11,6,269,8
441,4,11,11,264,8,11,3,272,8
441,5,12,22,278,0,12,22,278,0
441,6,11,9,266,-9,11,18,257,-9
441,7,11,9,266,-9,11,18,257,-9
441,8,11,12,263,-10,11,22,253,-10
441,9,11,12,263,-10,11,22,253,-10
441,10,11,13,262,-7,11,20,255,-7
441,11,11,13,262,-7,11,20,255,-7
441,12,11,13,262,-8,11,21,254,-8
441,13,11,13,262,-8,11,21,254,-8
441,14,11,14,261,-4,11,18,257,-4
441,15,11,14,261,-4,11,18,257,-4
441,16,11,14,261,-7,11,21,254,-7
441,17,11,14,261,-7,11,21,254,-7
441,18,11,12,263,-8,11,20,255,-8
441,19,11,12,263,-8,11,20,255,-8
441,20,11,15,260,10,11,5,270,10
441,21,11,15,260,10,11,5,270,10
441,22,11,15,260,6,11,9,266,6
441,23,11,15,260,6,11,9,266,6
441,24,11,14,261,-2,11,16,259,-2
441,25,11,14,261,-2,11,16,259,-2
441,26,11,14,261,6,11,8,267,6
441,27,11,14,261,6,11,8,267,6
441,28,11,15,260,6,11,9,266,6
441,29,11,15,260,6,11,9,266,6
441,30,11,11,264,6,11,5,270,6
441,31,11,11,264,6,11,5,270,6
441,32,11,15,260,10,11,5,270,10
441,33,11,15,260,10,11,5,270,10
441,34,11,15,260,0,11,15,260,0
441,35,11,15,260,0,11,15,260,0
441,36,11,16,259,6,11,10,265,6
441,37,11,16,259,6,11,10,265,6
441,38,11,15,260,-2,11,17,258,-2
441,39,11,15,260,-2,11,17,258,-2
441,40,11,16,259,-9,10,0,250,-9
441,41,11,16,259,-9,10,0,250,-9
441,42,11,13,262,2,11,11,264,2
441,43,3,18,57,0,3,18,57,0
441,44,11,16,259,9,11,7,268,9
441,45,11,16,259,9,11,7,268,9
441,46,11,19,256,-3,11,22,253,-3
441,47,11,19,256,-3,11,22,253,-3
441,48,11,12,263,-4,11,16,259,-4
441,49,11,12,263,-4,11,16,259,-4
441,50,11,13,262,4,11,9,266,4
441,51,11,13,262,4,11,9,266,4
441,52,11,13,262,-2,11,15,260,-2
441,53,11,13,262,-2,11,15,260,-2
441,54,11,11,264,-5,11,16,259,-5
441,55,11,11,264,-5,11,16,259,-5
441,56,11,14,261,-3,11,17,258,-3
441,57,11,14,261,-3,11,17,258,-3
441,58,11,13,262,-5,11,18,257,-5
441,59,11,13,262,-5,11,18,257,-5
441,60,11,14,261,-4,11,18,257,-4
441,61,11,14,261,-4,11,18,257,-4
441,62,11,13,262,8,11,5,270,8
441,63,11,13,262,8,11,5,270,8
441,64,11,14,261,7,11,7,268,7
441,65,11,14,261,7,11,7,268,7
441,66,11,12,263,-4,11,16,259,-4
441,67,11,12,263,-4,11,16,259,-4
441,68,11,14,261,6,11,8,267,6
441,69,11,14,261,6,11,8,267,6
441,70,11,13,262,-7,11,20,255,-7
441,71,11,13,262,-7,11,20,255,-7
441,72,11,12,263,-1,11,13,262,-1
441,73,11,12,263,-1,11,13,262,-1
441,74,11,11,264,-6,11,17,258,-6
441,75,11,11,264,-6,11,17,258,-6
441,76,11,11,264,6,11,5,270,6
441,77,11,11,264,6,11,5,270,6
441,78,11,11,264,-7,11,18,257,-7
441,79,11,11,264,-7,11,18,257,-7
441,80,11,14,261,9,11,5,270,9
441,81,11,14,261,9,11,5,270,9
441,82,11,12,263,-9,11,21,254,-9
441,83,11,12,263,-9,11,21,254,-9
441,84,11,13,262,-1,11,14,261,-1
441,85,11,13,262,-1,11,14,261,-1
441,86,11,14,261,5,11,9,266,5
441,87,11,14,261,5,11,9,266,5
441,88,12,24,276,0,12,24,276,0
441,89,12,24,276,0,12,24,276,0
441,90,12,23,277,0,12,23,277,0
441,91,12,23,277,0,12,23,277,0
441,92,11,14,261,-10,11,24,251,-10
441,93,11,14,261,-10,11,24,251,-10
441,94,12,24,276,0,12,24,276,0
441,95,12,24,276,0,12,24,276,0
442,0,12,11,289,-9,12,20,280,-9
442,1,12,11,289,-9,12,20,280,-9
442,2,13,22,303,0,13,22,303,0
442,3,12,11,289,-10,12,21,279,-10
442,4,12,10,290,-4,12,14,286,-4
442,5,12,10,290,-4,12,14,286,-4
442,6,12,9,291,4,12,5,295,4
442,7,12,9,291,4,12,5,295,4
442,8,12,12,288,-4,12,16,284,-4
442,9,12,12,288,-4,12,16,284,-4
442,10,12,13,287,4,12,9,291,4
442,11,12,13,287,4,12,9,291,4
442,12,12,13,287,-7,12,20,280,-7
442,13,12,12,288,-7,12,19,281,-7
442,14,12,11,289,10,12,1,299,10
442,15,12,11,289,10,12,1,299,10
442,16,12,12,288,-7,12,19,281,-7
442,17,12,12,288,-7,12,19,281,-7
442,18,12,13,287,10,12,3,297,10
442,19,12,13,287,10,12,3,297,10
442,20,12,13,287,-7,12,20,280,-7
442,21,12,13,287,-7,12,20,280,-7
442,22,12,12,288,-4,12,16,284,-4
442,23,12,12,288,-4,12,16,284,-4
442,24,12,16,284,0,12,16,284,0
442,25,12,16,284,0,12,16,284,0
442,26,12,13,287,4,12,9,291,4
442,27,12,13,287,4,12,9,291,4
442,28,12,14,286,-4,12,18,282,-4
442,29,12,14,286,-4,12,18,282,-4
442,30,12,12,288,-3,12,15,285,-3
442,31,12,12,288,-3,12,15,285,-3
442,32,12,14,286,-4,12,18,282,-4
442,33,12,14,286,-4,12,18,282,-4
442,34,12,12,288,2,12,10,290,2
442,35,12,12,288,2,12,10,290,2
442,36,12,15,285,-10,11,0,275,-10
442,37,12,15,285,-10,11,0,275,-10
442,38,12,15,285,0,12,15,285,0
442,39,12,15,285,0,12,15,285,0
442,40,12,15,285,-5,12,20,280,-5
442,41,12,15,285,-5,12,20,280,-5
442,42,12,14,286,6,12,8,292,6
442,43,12,14,286,6,12,8,292,6
442,44,12,17,283,7,12,10,290,7
442,45,12,17,283,7,12,10,290,7
442,46,12,16,284,0,12,16,284,0
442,47,12,16,284,0,12,16,284,0
442,48,12,13,287,-4,12,17,283,-4
442,49,12,13,287,-4,12,17,283,-4
442,50,12,13,287,-8,12,21,279,-8
442,51,12,13,287,-8,12,21,279,-8
442,52,12,14,286,-4,12,18,282,-4
442,53,12,14,286,-4,12,18,282,-4
442,54,12,10,290,8,12,2,298,8
442,55,12,10,290,8,12,2,298,8
442,56,12,14,286,3,12,11,289,3
442,57,12,14,286,3,12,11,289,3
442,58,12,14,286,2,12,12,288,2
442,59,12,14,286,2,12,12,288,2
442,60,12,12,288,-1,12,13,287,-1
442,61,12,12,288,-1,12,13,287,-1
442,62,12,15,285,8,12,7,293,8
442,63,12,15,285,8,12,7,293,8
442,64,12,14,286,-10,12,24,276,-10
442,65,12,14,286,-10,12,24,276,-10
442,66,12,12,288,4,12,8,292,4
442,67,12,12,288,4,12,8,292,4
442,68,12,16,284,-8,12,24,276,-8
442,69,12,16,284,-8,12,24,276,-8
442,70,12,15,285,-8,12,23,277,-8
442,71,12,15,285,-8,12,23,277,-8
442,72,12,15,285,4,12,11,289,4
442,73,12,15,285,4,12,11,289,4
442,74,12,15,285,-9,12,24,276,-9
442,75,12,15,285,-9,12,24,276,-9
442,76,12,11,289,1,12,10,290,1
442,77,12,11,289,1,12,10,290,1
442,78,12,11,289,9,12,2,298,9
442,79,12,11,289,9,12,2,298,9
442,80,12,13,287,-10,12,23,277,-10
442,81,12,13,287,-10,12,23,277,-10
442,82,12,13,287,-8,12,21,279,-8
442,83,12,13,287,-8,12,21,279,-8
442,84,12,12,288,2,12,10,290,2
442,85,12,12,288,2,12,10,290,2
442,86,12,15,285,6,12,9,291,6
442,87,12,15,285,6,12,9,291,6
442,88,12,11,289,-10,12,21,279,-10
442,89,12,11,289,-10,12,21,279,-10
442,90,12,14,286,0,12,14,286,0
442,91,12,14,286,0,12,14,286,0
442,92,12,15,285,8,12,7,293,8
442,93,12,15,285,8,12,7,293,8
442,94,12,16,284,-7,12,23,277,-7
442,95,12,16,284,-7,12,23,277,-7
443,0,11,14,261,-2,11,16,259,-2
443,1,11,14,261,-2,11,16,259,-2
443,2,11,13,262,-10,11,23,252,-10
443,3,11,13,262,-10,11,23,252,-10
443,4,11,11,264,-3,11,14,261,-3
443,5,11,11,264,-3,11,14,261,-3
443,6,11,11,264,-7,11,18,257,-7
443,7,11,11,264,-7,11,18,257,-7
443,8,11,13,262,-7,11,20,255,-7
443,9,11,13,262,-7,11,20,255,-7
443,10,11,13,262,7,11,6,269,7
443,11,11,13,262,7,11,6,269,7
443,12,11,13,262,-1,11,14,261,-1
443,13,11,13,262,-1,11,14,261,-1
443,14,11,14,261,2,11,12,263,2
443,15,11,14,261,2,11,12,263,2
443,16,11,13,262,5,11,8,267,5
443,17,11,13,262,5,11,8,267,5
443,18,11,11,264,10,11,1,274,10
443,19,11,11,264,10,11,1,274,10
443,20,11,13,262,5,11,8,267,5
443,21,11,13,262,5,11,8,267,5
443,22,11,15,260,-2,11,17,258,-2
443,23,11,15,260,-2,11,17,258,-2
443,24,11,15,260,9,11,6,269,9
443,25,11,14,261,9,11,5,270,9
443,26,11,13,262,0,11,13,262,0
443,27,11,13,262,0,11,13,262,0
443,28,11,18,257,2,11,16,259,2
443,29,11,18,257,2,11,16,259,2
443,30,11,12,263,3,11,9,266,3
443,31,11,12,263,3,11,9,266,3
443,32,11,14,261,-9,11,23,252,-9
443,33,11,14,261,-9,11,23,252,-9
443,34,11,16,259,-4,11,20,255,-4
443,35,11,16,259,-4,11,20,255,-4
443,36,4,11,89,0,4,11,89,0
443,37,4,11,89,0,4,11,89,0
443,38,4,11,89,0,4,11,89,0
443,39,4,11,89,0,4,11,89,0
443,40,4,11,89,0,4,11,89,0
443,41,4,11,89,0,4,11,89,0
443,42,4,11,89,0,4,11,89,0
443,43,4,11,89,0,4,11,89,0
443,44,4,11,89,0,4,11,89,0
443,45,4,11,89,0,4,11,89,0
443,46,4,11,89,0,4,11,89,0
443,47,4,11,89,0,4,11,89,0
443,48,11,14,261,-4,11,18,257,-4
443,49,11,14,261,-4,11,18,257,-4
443,50,11,14,261,8,11,6,269,8
443,51,11,14,261,8,11,6,269,8
443,52,11,17,258,0,11,17,258,0
443,53,11,17,258,0,11,17,258,0
443,54,11,14,261,3,11,11,264,3
443,55,11,14,261,3,11,11,264,3
443,56,11,16,259,4,11,12,263,4
443,57,11,16,259,4,11,12,263,4
443,58,11,16,259,-1,11,17,258,-1
443,59,11,16,259,-1,11,17,258,-1
443,60,11,13,262,-4,11,17,258,-4
443,61,11,13,262,-4,11,17,258,-4
443,62,11,16,259,-7,11,23,252,-7
443,63,11,16,259,-7,11,23,252,-7
443,64,11,13,262,-3,11,16,259,-3
443,65,11,13,262,-3,11,16,259,-3
443,66,11,15,260,-5,11,20,255,-5
443,67,11,15,260,-5,11,20,255,-5
443,68,11,15,260,-5,11,20,255,-5
443,69,11,15,260,-5,11,20,255,-5
443,70,11,18,257,-1,11,19,256,-1
443,71,11,18,257,-1,11,19,256,-1
443,72,11,15,260,-8,11,23,252,-8
443,73,11,15,260,-8,11,23,252,-8
443,74,11,15,260,-9,11,24,251,-9
443,75,11,15,260,-9,11,24,251,-9
443,76,11,14,261,10,11,4,271,10
443,77,11,14,261,10,11,4,271,10
443,78,11,13,262,-2,11,15,260,-2
443,79,11,13,262,-2,11,15,260,-2
443,80,11,15,260,-3,11,18,257,-3
443,81,11,15,260,-3,11,18,257,-3
443,82,11,15,260,-8,11,23,252,-8
443,83,11,15,260,-8,11,23,252,-8
443,84,11,15,260,-5,11,20,255,-5
443,85,11,15,260,-5,11,20,255,-5
443,86,11,14,261,7,11,7,268,7
443,87,11,14,261,7,11,7,268,7
443,88,11,15,260,6,11,9,266,6
443,89,11,15,260,6,11,9,266,6
443,90,11,13,262,-1,11,14,261,-1
443,91,11,13,262,-1,11,14,261,-1
443,92,11,16,259,2,11,14,261,2
443,93,11,16,259,2,11,14,261,2
443,94,11,17,258,2,11,15,260,2
443,95,11,17,258,2,11,15,260,2
444,0,12,15,285,-3,12,18,282,-3
444,1,12,15,285,-3,12,18,282,-3
444,2,12,15,285,0,12,15,285,0
444,3,12,15,285,0,12,15,285,0
444,4,12,14,286,1,12,13,287,1
444,5,12,14,286,1,12,13,287,1
444,6,12,15,285,3,12,12,288,3
444,7,12,15,285,3,12,12,288,3
444,8,12,18,282,8,12,10,290,8
444,9,12,18,282,8,12,10,290,8
444,10,12,16,284,9,12,7,293,9
444,11,12,16,284,9,12,7,293,9
444,12,12,17,283,-2,12,19,281,-2
444,13,12,17,283,-2,12,19,281,-2
444,14,12,15,285,6,12,9,291,6
444,15,12,15,285,6,12,9,291,6
444,16,12,16,284,-2,12,18,282,-2
444,17,12,16,284,-2,12,18,282,-2
444,18,12,14,286,-10,12,24,276,-10
444,19,12,14,286,-10,12,24,276,-10
444,20,12,18,282,-7,11,0,275,-7
444,21,12,18,282,-7,11,0,275,-7
444,22,12,19,281,-7,11,1,274,-7
444,23,12,19,281,-7,11,1,274,-7
444,24,12,18,282,2,12,16,284,2
444,25,12,18,282,2,12,16,284,2
444,26,12,17,283,6,12,11,289,6
444,27,12,17,283,6,12,11,289,6
444,28,12,19,281,-7,11,1,274,-7
444,29,12,19,281,-7,11,1,274,-7
444,30,12,17,283,4,12,13,287,4
444,31,12,17,283,4,12,13,287,4
444,32,12,16,284,7,12,9,291,7
444,33,12,16,284,7,12,9,291,7
444,34,12,20,280,2,12,18,282,2
444,35,12,20,280,2,12,18,282,2
444,36,12,15,285,-6,12,21,279,-6
444,37,12,15,285,-6,12,21,279,-6
444,38,12,19,281,4,12,15,285,4
444,39,12,19,281,4,12,15,285,4
444,40,12,21,279,-10,11,6,269,-10
444,41,12,21,279,-10,11,6,269,-10
444,42,12,17,283,9,12,8,292,9
444,43,12,17,283,9,12,8,292,9
444,44,12,18,282,6,12,12,288,6
444,45,12,18,282,6,12,12,288,6
444,46,12,17,283,-1,12,18,282,-1
444,47,12,17,283,-1,12,18,282,-1
444,48,12,14,286,4,12,10,290,4
444,49,12,14,286,4,12,10,290,4
444,50,12,16,284,7,12,9,291,7
444,51,12,16,284,7,12,9,291,7
444,52,12,16,284,6,12,10,290,6
444,53,12,16,284,6,12,10,290,6
444,54,12,14,286,0,12,14,286,0
444,55,12,14,286,0,12,14,286,0
444,56,12,15,285,-2,12,17,283,-2
444,57,12,15,285,-2,12,17,283,-2
444,58,12,19,281,-8,11,2,273,-8
444,59,12,19,281,-8,11,2,273,-8
444,60,12,15,285,10,12,5,295,10
444,61,12,15,285,10,12,5,295,10
444,62,12,14,286,4,12,10,290,4
444,63,12,13,287,4,12,9,291,4
444,64,12,17,283,-8,11,0,275,-8
444,65,12,17,283,-8,11,0,275,-8
444,66,12,12,288,-4,12,16,284,-4
444,67,12,12,288,-4,12,16,284,-4
444,68,12,15,285,-8,12,23,277,-8
444,69,12,15,285,-8,12,23,277,-8
444,70,12,18,282,9,12,9,291,9
444,71,12,18,282,9,12,9,291,9
444,72,12,16,284,-5,12,21,279,-5
444,73,12,16,284,-5,12,21,279,-5
444,74,12,16,284,-4,12,20,280,-4
444,75,12,16,284,-4,12,20,280,-4
444,76,12,15,285,5,12,10,290,5
444,77,12,15,285,5,12,10,290,5
444,78,12,15,285,-6,12,21,279,-6
444,79,12,15,285,-6,12,21,279,-6
444,80,12,16,284,5,12,11,289,5
444,81,12,16,284,5,12,11,289,5
444,82,12,18,282,6,12,12,288,6
444,83,12,18,282,6,12,12,288,6
444,84,12,14,286,6,12,8,292,6
444,85,12,14,286,6,12,8,292,6
444,86,12,16,284,-10,11,1,274,-10
444,87,12,16,284,-10,11,1,274,-10
444,88,12,15,285,10,12,5,295,10
444,89,12,15,285,10,12,5,295,10
444,90,12,15,285,7,12,8,292,7
444,91,12,15,285,7,12,8,292,7
444,92,12,19,281,-3,12,22,278,-3
444,93,12,19,281,-3,12,22,278,-3
444,94,12,18,282,1,12,17,283,1
444,95,12,18,282,1,12,17,283,1
445,0,12,17,283,10,12,7,293,10
445,1,12,17,283,10,12,7,293,10
445,2,12,18,282,10,12,8,292,10
445,3,12,18,282,10,12,8,292,10
445,4,12,15,285,-1,12,16,284,-1
445,5,13,24,301,0,13,24,301,0
445,6,12,13,287,10,12,3,297,10
445,7,12,13,287,10,12,3,297,10
445,8,12,17,283,10,12,7,293,10
445,9,12,17,283,10,12,7,293,10
445,10,12,17,283,-2,12,19,281,-2
445,11,12,17,283,-2,12,19,281,-2
445,12,12,17,283,4,12,13,287,4
445,13,12,17,283,4,12,13,287,4
445,14,12,16,284,7,12,9,291,7
445,15,12,16,284,7,12,9,291,7
445,16,12,16,284,0,12,16,284,0
445,17,12,16,284,0,12,16,284,0
445,18,12,15,285,10,12,5,295,10
445,19,12,15,285,10,12,5,295,10
445,20,12,17,283,-6,12,23,277,-6
445,21,12,17,283,-6,12,23,277,-6
445,22,12,19,281,9,12,10,290,9
445,23,12,19,281,9,12,10,290,9
445,24,12,18,282,-5,12,23,277,-5
445,25,12,18,282,-5,12,23,277,-5
445,26,12,19,281,6,12,13,287,6
445,27,12,19,281,6,12,13,287,6
445,28,12,16,284,-3,12,19,281,-3
445,29,12,16,284,-3,12,19,281,-3
445,30,12,17,283,10,12,7,293,10
445,31,12,17,283,10,12,7,293,10
445,32,12,16,284,6,12,10,290,6
445,33,12,15,285,6,12,9,291,6
445,34,12,19,281,2,12,17,283,2
445,35,12,19,281,2,12,17,283,2
445,36,12,16,284,8,12,8,292,8
445,37,12,16,284,8,12,8,292,8
445,38,12,17,283,6,12,11,289,6
445,39,12,17,283,6,12,11,289,6
445,40,12,18,282,3,12,15,285,3
445,41,12,18,282,3,12,15,285,3
445,42,12,15,285,-10,11,0,275,-10
445,43,12,15,285,-10,11,0,275,-10
445,44,12,18,282,-9,11,2,273,-9
445,45,12,18,282,-9,11,2,273,-9
445,46,12,18,282,-3,12,21,279,-3
445,47,12,18,282,-3,12,21,279,-3
445,48,12,14,286,6,12,8,292,6
445,49,12,14,286,6,12,8,292,6
445,50,12,15,285,-9,12,24,276,-9
445,51,12,15,285,-9,12,24,276,-9
445,52,12,16,284,-3,12,19,281,-3
445,53,12,16,284,-3,12,19,281,-3
445,54,12,15,285,-4,12,19,281,-4
445,55,12,15,285,-4,12,19,281,-4
445,56,12,17,283,10,12,7,293,10
445,57,12,17,283,10,12,7,293,10
445,58,12,18,282,-1,12,19,281,-1
445,59,12,18,282,-1,12,19,281,-1
445,60,12,15,285,8,12,7,293,8
445,61,12,15,285,8,12,7,293,8
445,62,12,17,283,7,12,10,290,7
445,63,12,17,283,7,12,10,290,7
445,64,12,17,283,3,12,14,286,3
445,65,12,17,283,3,12,14,286,3
445,66,12,14,286,2,12,12,288,2
445,67,12,14,286,2,12,12,288,2
445,68,12,17,283,-8,11,0,275,-8
445,69,12,17,283,-8,11,0,275,-8
445,70,12,17,283,-2,12,19,281,-2
445,71,12,17,283,-2,12,19,281,-2
445,72,12,16,284,9,12,7,293,9
445,73,12,16,284,9,12,7,293,9
445,74,12,16,284,0,12,16,284,0
445,75,12,16,284,0,12,16,284,0
445,76,12,16,284,8,12,8,292,8
445,77,12,16,284,8,12,8,292,8
445,78,12,14,286,4,12,10,290,4
445,79,12,14,286,4,12,10,290,4
445,80,12,17,283,5,12,12,288,5
445,81,12,17,283,5,12,12,288,5
445,82,12,16,284,7,12,9,291,7
445,83,12,16,284,7,12,9,291,7
445,84,12,19,281,-10,11,4,271,-10
445,85,12,19,281,-10,11,4,271,-10
445,86,12,15,285,-6,12,21,279,-6
445,87,12,15,285,-6,12,21,279,-6
445,88,12,16,284,-7,12,23,277,-7
445,89,12,16,284,-7,12,23,277,-7
445,90,12,16,284,-5,12,21,279,-5
445,91,12,16,284,-5,12,21,279,-5
445,92,12,18,282,-2,12,20,280,-2
445,93,12,18,282,-2,12,20,280,-2
445,94,12,17,283,-3,12,20,280,-3
445,95,12,17,283,-3,12,20,280,-3
446,0,12,14,286,7,12,7,293,7
446,1,12,14,286,7,12,7,293,7
446,2,12,13,287,-1,12,14,286,-1
446,3,12,13,287,-1,12,14,286,-1
446,4,12,14,286,-1,12,15,285,-1
446,5,12,14,286,-1,12,15,285,-1
446,6,12,13,287,10,12,3,297,10
446,7,12,13,287,10,12,3,297,10
446,8,12,14,286,-1,12,15,285,-1
446,9,12,14,286,-1,12,15,285,-1
446,10,12,13,287,-7,12,20,280,-7
446,11,12,13,287,-7,12,20,280,-7
446,12,12,14,286,3,12,11,289,3
446,13,12,14,286,3,12,11,289,3
446,14,12,11,289,-7,12,18,282,-7
446,15,12,11,289,-7,12,18,282,-7
446,16,12,14,286,4,12,10,290,4
446,17,12,14,286,4,12,10,290,4
446,18,12,12,288,3,12,9,291,3
446,19,12,12,288,3,12,9,291,3
446,20,12,14,286,-7,12,21,279,-7
446,21,12,14,286,-7,12,21,279,-7
446,22,12,13,287,-1,12,14,286,-1
446,23,12,13,287,-1,12,14,286,-1
446,24,12,14,286,2,12,12,288,2
446,25,12,14,286,2,12,12,288,2
446,26,12,15,285,-2,12,17,283,-2
446,27,12,15,285,-2,12,17,283,-2
446,28,12,12,288,0,12,12,288,0
446,29,12,12,288,0,12,12,288,0
446,30,12,14,286,-9,12,23,277,-9
446,31,12,14,286,-9,12,23,277,-9
446,32,12,16,284,2,12,14,286,2
446,33,12,16,284,2,12,14,286,2
446,34,12,14,286,6,12,8,292,6
446,35,12,14,286,6,12,8,292,6
446,36,12,16,284,5,12,11,289,5
446,37,12,16,284,5,12,11,289,5
446,38,12,13,287,2,12,11,289,2
446,39,12,13,287,2,12,11,289,2
446,40,12,16,284,8,12,8,292,8
446,41,12,16,284,8,12,8,292,8
446,42,12,15,285,-5,12,20,280,-5
446,43,12,15,285,-5,12,20,280,-5
446,44,12,16,284,10,12,6,294,10
446,45,12,16,284,10,12,6,294,10
446,46,12,15,285,-9,12,24,276,-9
446,47,12,15,285,-9,12,24,276,-9
446,48,12,13,287,2,12,11,289,2
446,49,12,13,287,2,12,11,289,2
446,50,12,14,286,-6,12,20,280,-6
446,51,12,14,286,-6,12,20,280,-6
446,52,12,14,286,-10,12,24,276,-10
446,53,12,14,286,-10,12,24,276,-10
446,54,12,13,287,-3,12,16,284,-3
446,55,12,13,287,-3,12,16,284,-3
446,56,12,14,286,7,12,7,293,7
446,57,12,14,286,7,12,7,293,7
446,58,12,18,282,2,12,16,284,2
446,59,12,18,282,2,12,16,284,2
446,60,12,14,286,9,12,5,295,9
446,61,12,14,286,9,12,5,295,9
446,62,12,12,288,8,12,4,296,8
446,63,12,12,288,8,12,4,296,8
446,64,12,15,285,9,12,6,294,9
446,65,12,15,285,9,12,6,294,9
446,66,12,13,287,1,12,12,288,1
446,67,12,13,287,1,12,12,288,1
446,68,12,14,286,4,12,10,290,4
446,69,12,15,285,4,12,11,289,4
446,70,12,14,286,3,12,11,289,3
446,71,12,14,286,3,12,11,289,3
446,72,12,13,287,-9,12,22,278,-9
446,73,12,13,287,-9,12,22,278,-9
446,74,12,14,286,5,12,9,291,5
446,75,12,14,286,5,12,9,291,5
446,76,12,16,284,7,12,9,291,7
446,77,12,16,284,7,12,9,291,7
446,78,12,15,285,-1,12,16,284,-1
446,79,12,15,285,-1,12,16,284,-1
446,80,12,14,286,3,12,11,289,3
446,81,12,14,286,3,12,11,289,3
446,82,12,16,284,-2,12,18,282,-2
446,83,12,16,284,-2,12,18,282,-2
446,84,12,12,288,2,12,10,290,2
446,85,12,12,288,2,12,10,290,2
446,86,12,15,285,10,12,5,295,10
446,87,12,15,285,10,12,5,295,10
446,88,12,14,286,9,12,5,295,9
446,89,12,14,286,9,12,5,295,9
446,90,12,13,287,-3,12,16,284,-3
446,91,12,13,287,-3,12,16,284,-3
446,92,12,16,284,4,12,12,288,4
446,93,12,16,284,4,12,12,288,4
446,94,12,16,284,9,12,7,293,9
446,95,12,16,284,9,12,7,293,9
447,0,12,15,285,0,12,15,285,0
447,1,12,15,285,0,12,15,285,0
447,2,12,15,285,6,12,9,291,6
447,3,12,15,285,6,12,9,291,6
447,4,12,16,284,-9,11,0,275,-9
447,5,12,16,284,-9,11,0,275,-9
447,6,12,13,287,6,12,7,293,6
447,7,12,13,287,6,12,7,293,6
447,8,12,15,285,6,12,9,291,6
447,9,12,15,285,6,12,9,291,6
447,10,12,18,282,-8,11,1,274,-8
447,11,12,18,282,-8,11,1,274,-8
447,12,12,15,285,1,12,14,286,1
447,13,12,15,285,1,12,14,286,1
447,14,12,14,286,6,12,8,292,6
447,15,12,14,286,6,12,8,292,6
447,16,12,15,285,8,12,7,293,8
447,17,12,15,285,8,12,7,293,8
447,18,12,13,287,5,12,8,292,5
447,19,12,13,287,5,12,8,292,5
447,20,12,16,284,-2,12,18,282,-2
447,21,12,16,284,-2,12,18,282,-2
447,22,12,16,284,4,12,12,288,4
447,23,12,16,284,4,12,12,288,4
447,24,12,14,286,-10,12,24,276,-10
447,25,12,14,286,-10,12,24,276,-10
447,26,12,17,283,-5,12,22,278,-5
447,27,12,17,283,-5,12,22,278,-5
447,28,12,15,285,9,12,6,294,9
447,29,12,15,285,9,12,6,294,9
447,30,12,15,285,-4,12,19,281,-4
447,31,12,15,285,-4,12,19,281,-4
447,32,12,13,287,6,12,7,293,6
447,33,12,13,287,6,12,7,293,6
447,34,12,17,283,-10,11,2,273,-10
447,35,12,17,283,-10,11,2,273,-10
447,36,12,15,285,1,12,14,286,1
447,37,12,15,285,1,12,14,286,1
447,38,12,15,285,-8,12,23,277,-8
447,39,12,15,285,-8,12,23,277,-8
447,40,12,16,284,4,12,12,288,4
447,41,12,16,284,4,12,12,288,4
447,42,12,15,285,-7,12,22,278,-7
447,43,12,15,285,-7,12,22,278,-7
447,44,12,17,283,-1,12,18,282,-1
447,45,12,17,283,-1,12,18,282,-1
447,46,12,17,283,-4,12,21,279,-4
447,47,12,17,283,-4,12,21,279,-4
447,48,12,13,287,-5,12,18,282,-5
447,49,12,13,287,-5,12,18,282,-5
447,50,12,15,285,8,12,7,293,8
447,51,12,15,285,8,12,7,293,8
447,52,12,14,286,-3,12,17,283,-3
447,53,12,14,286,-3,12,17,283,-3
447,54,12,14,286,9,12,5,295,9
447,55,12,14,286,9,12,5,295,9
447,56,12,14,286,-10,12,24,276,-10
447,57,12,14,286,-10,12,24,276,-10
447,58,12,15,285,-9,12,24,276,-9
447,59,12,15,285,-9,12,24,276,-9
447,60,12,12,288,-8,12,20,280,-8
447,61,12,12,288,-8,12,20,280,-8
447,62,12,15,285,-10,11,0,275,-10
447,63,12,15,285,-10,11,0,275,-10
447,64,12,15,285,-1,12,16,284,-1
447,65,12,15,285,-1,12,16,284,-1
447,66,12,14,286,-7,12,21,279,-7
447,67,12,14,286,-7,12,21,279,-7
447,68,12,15,285,3,12,12,288,3
447,69,12,15,285,3,12,12,288,3
447,70,12,16,284,3,12,13,287,3
447,71,12,16,284,3,12,13,287,3
447,72,12,13,287,0,12,13,287,0
447,73,12,13,287,0,12,13,287,0
447,74,12,14,286,-8,12,22,278,-8
447,75,12,14,286,-8,12,22,278,-8
447,76,12,15,285,5,12,10,290,5
447,77,12,15,285,5,12,10,290,5
447,78,12,13,287,-2,12,15,285,-2
447,79,12,13,287,-2,12,15,285,-2
447,80,12,15,285,-10,11,0,275,-10
447,81,12,15,285,-10,11,0,275,-10
447,82,12,16,284,-3,12,19,281,-3
447,83,12,16,284,-3,12,19,281,-3
447,84,12,13,287,-2,12,15,285,-2
447,85,12,13,287,-2,12,15,285,-2
447,86,12,13,287,-10,12,23,277,-10
447,87,12,13,287,-10,12,23,277,-10
447,88,12,15,285,3,12,12,288,3
447,89,12,15,285,3,12,12,288,3
447,90,12,13,287,-2,12,15,285,-2
447,91,12,13,287,-2,12,15,285,-2
447,92,12,18,282,9,12,9,291,9
447,93,12,18,282,9,12,9,291,9
447,94,12,15,285,2,12,13,287,2
447,95,12,15,285,2,12,13,287,2
448,0,12,15,285,0,12,15,285,0
448,1,12,15,285,0,12,15,285,0
448,2,12,13,287,0,12,13,287,0
448,3,12,13,287,0,12,13,287,0
448,4,12,15,285,0,12,15,285,0
448,5,12,15,285,0,12,15,285,0
448,6,12,16,284,0,12,16,284,0
448,7,12,16,284,0,12,16,284,0
448,8,12,17,283,0,12,17,283,0
448,9,12,17,283,0,12,17,283,0
448,10,12,16,284,0,12,16,284,0
448,11,12,16,284,0,12,16,284,0
448,12,12,15,285,0,12,15,285,0
448,13,12,15,285,0,12,15,285,0
448,14,12,16,284,0,12,16,284,0
448,15,12,16,284,0,12,16,284,0
448,16,12,16,284,0,12,16,284,0
448,17,12,16,284,0,12,16,284,0
448,18,12,16,284,0,12,16,284,0
448,19,4,18,82,0,4,18,82,0
448,20,12,17,283,0,12,17,283,0
448,21,12,17,283,0,12,17,283,0
448,22,12,16,284,0,12,16,284,0
448,23,12,16,284,0,12,16,284,0
448,24,12,17,283,-10,11,2,273,-10
448,25,12,17,283,-10,11,2,273,-10
448,26,12,18,282,-1,12,19,281,-1
448,27,12,18,282,-1,12,19,281,-1
448,28,12,21,279,10,12,11,289,10
448,29,12,21,279,10,12,11,289,10
448,30,12,17,283,-1,12,18,282,-1
448,31,12,17,283,-1,12,18,282,-1
448,32,12,19,281,-4,12,23,277,-4
448,33,12,19,281,-4,12,23,277,-4
448,34,12,18,282,7,12,11,289,7
448,35,12,18,282,7,12,11,289,7
448,36,12,19,281,-3,12,22,278,-3
448,37,12,19,281,-3,12,22,278,-3
448,38,12,18,282,-5,12,23,277,-5
448,39,12,18,282,-5,12,23,277,-5
448,40,12,20,280,10,12,10,290,10
448,41,12,20,280,10,12,10,290,10
448,42,12,15,285,10,12,5,295,10
448,43,12,15,285,10,12,5,295,10
448,44,12,22,278,-9,11,6,269,-9
448,45,12,22,278,-9,11,6,269,-9
448,46,12,18,282,9,12,9,291,9
448,47,12,18,282,9,12,9,291,9
448,48,12,4,296,0,12,4,296,0
448,49,12,4,296,0,12,4,296,0
448,50,12,4,296,0,12,4,296,0
448,51,12,4,296,0,12,4,296,0
448,52,12,4,296,0,12,4,296,0
448,53,12,4,296,0,12,4,296,0
448,54,12,4,296,0,12,4,296,0
448,55,12,4,296,0,12,4,296,0
448,56,12,6,294,0,12,6,294,0
448,57,12,6,294,0,12,6,294,0
448,58,12,7,293,0,12,7,293,0
448,59,12,6,294,0,12,6,294,0
448,60,12,4,296,0,12,4,296,0
448,61,12,4,296,0,12,4,296,0
448,62,12,4,296,0,12,4,296,0
448,63,12,4,296,0,12,4,296,0
448,64,12,4,296,0,12,4,296,0
448,65,12,4,296,0,12,4,296,0
448,66,12,4,296,0,12,4,296,0
448,67,12,4,296,0,12,4,296,0
448,68,12,6,294,0,12,6,294,0
448,69,12,6,294,0,12,6,294,0
448,70,12,7,293,0,12,7,293,0
448,71,12,7,293,0,12,7,293,0
448,72,12,17,283,6,12,11,289,6
448,73,12,17,283,6,12,11,289,6
448,74,12,16,284,-9,11,0,275,-9
448,75,12,16,284,-9,11,0,275,-9
448,76,12,15,285,9,12,6,294,9
448,77,12,15,285,9,12,6,294,9
448,78,12,16,284,10,12,6,294,10
448,79,12,16,284,10,12,6,294,10
448,80,12,17,283,4,12,13,287,4
448,81,12,17,283,4,12,13,287,4
448,82,12,16,284,-2,12,18,282,-2
448,83,12,16,284,-2,12,18,282,-2
448,84,12,14,286,0,12,14,286,0
448,85,12,14,286,0,12,14,286,0
448,86,12,16,284,9,12,7,293,9
448,87,12,16,284,9,12,7,293,9
448,88,12,17,283,7,12,10,290,7
448,89,12,17,283,7,12,10,290,7
448,90,12,16,284,-1,12,17,283,-1
448,91,12,16,284,-1,12,17,283,-1
448,92,12,17,283,-5,12,22,278,-5
448,93,12,17,283,-5,12,22,278,-5
448,94,12,17,283,8,12,9,291,8
448,95,12,17,283,8,12,9,291,8
449,0,12,19,281,4,12,15,285,4
449,1,12,19,281,4,12,15,285,4
449,2,12,15,285,6,12,9,291,6
449,3,12,15,285,6,12,9,291,6
449,4,12,17,283,0,12,17,283,0
449,5,12,17,283,0,12,17,283,0
449,6,12,14,286,-8,12,22,278,-8
449,7,12,14,286,-8,12,22,278,-8
449,8,12,16,284,-8,12,24,276,-8
449,9,12,16,284,-8,12,24,276,-8
449,10,12,19,281,9,12,10,290,9
449,11,12,19,281,9,12,10,290,9
449,12,12,18,282,9,12,9,291,9
449,13,12,18,282,9,12,9,291,9
449,14,12,16,284,-7,12,23,277,-7
449,15,12,16,284,-7,12,23,277,-7
449,16,12,17,283,-4,12,21,279,-4
449,17,12,17,283,-4,12,21,279,-4
449,18,12,15,285,3,12,12,288,3
449,19,12,15,285,3,12,12,288,3
449,20,12,18,282,-2,12,20,280,-2
449,21,12,18,282,-2,12,20,280,-2
449,22,12,16,284,-5,12,21,279,-5
449,23,12,16,284,-5,12,21,279,-5
449,24,12,18,282,-8,11,1,274,-8
449,25,12,18,282,-8,11,1,274,-8
449,26,12,19,281,-5,12,24,276,-5
449,27,12,19,281,-5,12,24,276,-5
449,28,12,15,285,-10,11,0,275,-10
449,29,12,15,285,-10,11,0,275,-10
449,30,12,16,284,-2,12,18,282,-2
449,31,12,16,284,-2,12,18,282,-2
449,32,12,19,281,1,12,18,282,1
449,33,12,19,281,1,12,18,282,1
449,34,12,18,282,4,12,14,286,4
449,35,12,18,282,4,12,14,286,4
449,36,12,16,284,-5,12,21,279,-5
449,37,12,16,284,-5,12,21,279,-5
449,38,12,17,283,3,12,14,286,3
449,39,12,17,283,3,12,14,286,3
449,40,12,19,281,-3,12,22,278,-3
449,41,12,19,281,-3,12,22,278,-3
449,42,12,17,283,10,12,7,293,10
449,43,12,17,283,10,12,7,293,10
449,44,12,18,282,-3,12,21,279,-3
449,45,12,18,282,-3,12,21,279,-3
449,46,12,18,282,-10,11,3,272,-10
449,47,12,18,282,-10,11,3,272,-10
449,48,12,17,283,5,12,12,288,5
449,49,12,17,283,5,12,12,288,5
449,50,12,16,284,-3,12,19,281,-3
449,51,12,16,284,-3,12,19,281,-3
449,52,12,19,281,10,12,9,291,10
449,53,12,19,281,10,12,9,291,10
449,54,12,17,283,-3,12,20,280,-3
449,55,12,17,283,-3,12,20,280,-3
449,56,12,17,283,-9,11,1,274,-9
449,57,12,17,283,-9,11,1,274,-9
449,58,12,20,280,-9,11,4,271,-9
449,59,12,20,280,-9,11,4,271,-9
449,60,12,16,284,-9,11,0,275,-9
449,61,12,16,284,-9,11,0,275,-9
449,62,12,19,281,8,12,11,289,8
449,63,12,19,281,8,12,11,289,8
449,64,12,16,284,1,12,15,285,1
449,65,12,16,284,1,12,15,285,1
449,66,12,14,286,1,12,13,287,1
449,67,12,14,286,1,12,13,287,1
449,68,12,19,281,-9,11,3,272,-9
449,69,12,19,281,-9,11,3,272,-9
449,70,12,17,283,7,12,10,290,7
449,71,12,17,283,7,12,10,290,7
449,72,12,15,285,2,12,13,287,2
449,73,12,15,285,2,12,13,287,2
449,74,12,16,284,-6,12,22,278,-6
449,75,12,16,284,-6,12,22,278,-6
449,76,12,18,282,-1,12,19,281,-1
449,77,12,18,282,-1,12,19,281,-1
449,78,12,18,282,9,12,9,291,9
449,79,12,18,282,9,12,9,291,9
449,80,12,17,283,6,12,11,289,6
449,81,12,17,283,6,12,11,289,6
449,82,12,19,281,-10,11,4,271,-10
449,83,12,19,281,-10,11,4,271,-10
449,84,12,17,283,-6,12,23,277,-6
449,85,12,17,283,-6,12,23,277,-6
449,86,12,16,284,-7,12,23,277,-7
449,87,12,16,284,-7,12,23,277,-7
449,88,12,16,284,-7,12,23,277,-7
449,89,12,16,284,-7,12,23,277,-7
449,90,12,16,284,-5,12,21,279,-5
449,91,12,16,284,-5,12,21,279,-5
449,92,12,16,284,0,12,16,284,0
449,93,12,16,284,0,12,16,284,0
449,94,12,19,281,6,12,13,287,6
449,95,12,19,281,6,12,13,287,6
450,0,12,16,284,1,12,15,285,1
450,1,12,15,285,1,12,14,286,1
450,2,12,15,285,2,12,13,287,2
450,3,12,16,284,2,12,14,286,2
450,4,12,15,285,7,12,8,292,7
450,5,12,15,285,7,12,8,292,7
450,6,12,13,287,-3,12,16,284,-3
450,7,12,13,287,-3,12,16,284,-3
450,8,12,19,281,-1,12,20,280,-1
450,9,12,19,281,-1,12,20,280,-1
450,10,12,16,284,2,12,14,286,2
450,11,12,16,284,2,12,14,286,2
450,12,12,14,286,-9,12,23,277,-9
450,13,12,14,286,-9,12,23,277,-9
450,14,12,14,286,-1,12,15,285,-1
450,15,12,14,286,-1,12,15,285,-1
450,16,12,17,283,9,12,8,292,9
450,17,12,17,283,9,12,8,292,9
450,18,12,17,283,-7,12,24,276,-7
450,19,12,17,283,-7,12,24,276,-7
450,20,12,17,283,3,12,14,286,3
450,21,12,17,283,3,12,14,286,3
450,22,12,18,282,-6,12,24,276,-6
450,23,12,18,282,-6,12,24,276,-6
450,24,12,16,284,0,12,16,284,0
450,25,12,16,284,0,12,16,284,0
450,26,12,18,282,5,12,13,287,5
450,27,12,18,282,5,12,13,287,5
450,28,12,17,283,2,12,15,285,2
450,29,12,17,283,2,12,15,285,2
450,30,12,18,282,7,12,11,289,7
450,31,12,18,282,7,12,11,289,7
450,32,12,17,283,5,12,12,288,5
450,33,12,17,283,5,12,12,288,5
450,34,12,16,284,-7,12,23,277,-7
450,35,12,16,284,-7,12,23,277,-7
450,36,12,18,282,10,12,8,292,10
450,37,12,18,282,10,12,8,292,10
450,38,12,19,281,-6,11,0,275,-6
450,39,12,19,281,-6,11,0,275,-6
450,40,12,18,282,5,12,13,287,5
450,41,12,18,282,5,12,13,287,5
450,42,12,16,284,-5,12,21,279,-5
450,43,12,16,284,-5,12,21,279,-5
450,44,12,18,282,-10,11,3,272,-10
450,45,12,18,282,-10,11,3,272,-10
450,46,12,18,282,-9,11,2,273,-9
450,47,12,18,282,-9,11,2,273,-9
450,48,12,15,285,-10,11,0,275,-10
450,49,12,15,285,-10,11,0,275,-10
450,50,12,16,284,7,12,9,291,7
450,51,12,16,284,7,12,9,291,7
450,52,12,16,284,4,12,12,288,4
450,53,12,16,284,4,12,12,288,4
450,54,12,16,284,1,12,15,285,1
450,55,12,16,284,1,12,15,285,1
450,56,12,15,285,4,12,11,289,4
450,57,12,15,285,4,12,11,289,4
450,58,12,17,283,1,12,16,284,1
450,59,12,17,283,1,12,16,284,1
450,60,12,16,284,9,12,7,293,9
450,61,12,16,284,9,12,7,293,9
450,62,12,17,283,8,12,9,291,8
450,63,12,17,283,8,12,9,291,8
450,64,12,16,284,7,12,9,291,7
450,65,12,16,284,7,12,9,291,7
450,66,12,16,284,9,12,7,293,9
450,67,12,16,284,9,12,7,293,9
450,68,12,14,286,5,12,9,291,5
450,69,12,15,285,5,12,10,290,5
450,70,12,16,284,-4,12,20,280,-4
450,71,12,15,285,-4,12,19,281,-4
450,72,12,16,284,-10,11,1,274,-10
450,73,12,16,284,-10,11,1,274,-10
450,74,12,15,285,-8,12,23,277,-8
450,75,12,15,285,-8,12,23,277,-8
450,76,12,18,282,-8,11,1,274,-8
450,77,12,18,282,-8,11,1,274,-8
450,78,12,14,286,3,12,11,289,3
450,79,12,14,286,3,12,11,289,3
450,80,12,18,282,2,12,16,284,2
450,81,12,18,282,2,12,16,284,2
450,82,12,17,283,9,12,8,292,9
450,83,12,17,283,9,12,8,292,9
450,84,12,16,284,5,12,11,289,5
450,85,12,16,284,5,12,11,289,5
450,86,12,14,286,2,12,12,288,2
450,87,12,14,286,2,12,12,288,2
450,88,12,17,283,-1,12,18,282,-1
450,89,12,17,283,-1,12,18,282,-1
450,90,12,12,288,-9,12,21,279,-9
450,91,12,12,288,-9,12,21,279,-9
450,92,12,18,282,0,12,18,282,0
450,93,12,18,282,0,12,18,282,0
450,94,12,16,284,7,12,9,291,7
450,95,12,16,284,7,12,9,291,7
451,0,11,11,264,-4,11,15,260,-4
451,1,11,11,264,-4,11,15,260,-4
451,2,11,12,263,-3,11,15,260,-3
451,3,11,12,263,-3,11,15,260,-3
451,4,11,11,264,-4,11,15,260,-4
451,5,11,11,264,-4,11,15,260,-4
451,6,11,11,264,3,11,8,267,3
451,7,11,11,264,3,11,8,267,3
451,8,11,14,261,-6,11,20,255,-6
451,9,11,14,261,-6,11,20,255,-6
451,10,11,13,262,-2,11,15,260,-2
451,11,11,13,262,-2,11,15,260,-2
451,12,11,12,263,4,11,8,267,4
451,13,11,12,263,4,11,8,267,4
451,14,11,13,262,-5,11,18,257,-5
451,15,11,13,262,-5,11,18,257,-5
451,16,11,13,262,-8,11,21,254,-8
451,17,11,13,262,-8,11,21,254,-8
451,18,11,11,264,-4,11,15,260,-4
451,19,11,11,264,-4,11,15,260,-4
451,20,11,13,262,-6,11,19,256,-6
451,21,11,13,262,-6,11,19,256,-6
451,22,11,12,263,6,11,6,269,6
451,23,11,12,263,6,11,6,269,6
451,24,11,12,263,0,11,12,263,0
451,25,11,12,263,0,11,12,263,0
451,26,11,13,262,0,11,13,262,0
451,27,11,13,262,0,11,13,262,0
451,28,11,14,261,3,11,11,264,3
451,29,11,14,261,3,11,11,264,3
451,30,11,12,263,-1,11,13,262,-1
451,31,11,12,263,-1,11,13,262,-1
451,32,11,14,261,9,11,5,270,9
451,33,11,14,261,9,11,5,270,9
451,34,11,16,259,-6,11,22,253,-6
451,35,11,16,259,-6,11,22,253,-6
451,36,11,13,262,9,11,4,271,9
451,37,11,13,262,9,11,4,271,9
451,38,11,13,262,-2,11,15,260,-2
451,39,11,13,262,-2,11,15,260,-2
451,40,11,13,262,6,11,7,268,6
451,41,11,13,262,6,11,7,268,6
451,42,11,12,263,-2,11,14,261,-2
451,43,11,12,263,-2,11,14,261,-2
451,44,11,18,257,-9,10,2,248,-9
451,45,11,18,257,-9,10,2,248,-9
451,46,11,16,259,7,11,9,266,7
451,47,11,16,259,7,11,9,266,7
451,48,11,13,262,-1,11,14,261,-1
451,49,11,13,262,-1,11,14,261,-1
451,50,11,11,264,7,11,4,271,7
451,51,11,11,264,7,11,4,271,7
451,52,11,13,262,1,11,12,263,1
451,53,11,13,262,1,11,12,263,1
451,54,11,13,262,-3,11,16,259,-3
451,55,11,13,262,-3,11,16,259,-3
451,56,11,15,260,-6,11,21,254,-6
451,57,11,15,260,-6,11,21,254,-6
451,58,11,15,260,0,11,15,260,0
451,59,11,15,260,0,11,15,260,0
451,60,11,12,263,1,11,11,264,1
451,61,11,12,263,1,11,11,264,1
451,62,11,12,263,-2,11,14,261,-2
451,63,11,12,263,-2,11,14,261,-2
451,64,11,13,262,0,11,13,262,0
451,65,11,12,263,0,11,12,263,0
451,66,11,9,266,2,11,7,268,2
451,67,11,10,265,2,11,8,267,2
451,68,11,13,262,-10,11,23,252,-10
451,69,11,13,262,-10,11,23,252,-10
451,70,11,13,262,-8,11,21,254,-8
451,71,11,13,262,-8,11,21,254,-8
451,72,11,14,261,-9,11,23,252,-9
451,73,11,14,261,-9,11,23,252,-9
451,74,11,12,263,-4,11,16,259,-4
451,75,11,12,263,-4,11,16,259,-4
451,76,11,14,261,9,11,5,270,9
451,77,11,14,261,9,11,5,270,9
451,78,11,12,263,-8,11,20,255,-8
451,79,11,12,263,-8,11,20,255,-8
451,80,11,17,258,4,11,13,262,4
451,81,11,17,258,4,11,13,262,4
451,82,11,13,262,6,11,7,268,6
451,83,11,13,262,6,11,7,268,6
451,84,11,11,264,-10,11,21,254,-10
451,85,11,11,264,-10,11,21,254,-10
451,86,11,10,265,-8,11,18,257,-8
451,87,11,10,265,-8,11,18,257,-8
451,88,11,15,260,6,11,9,266,6
451,89,11,15,260,6,11,9,266,6
451,90,11,11,264,-10,11,21,254,-10
451,91,11,11,264,-10,11,21,254,-10
451,92,11,15,260,-5,11,20,255,-5
451,93,11,15,260,-5,11,20,255,-5
451,94,11,13,262,-4,11,17,258,-4
451,95,11,13,262,-4,11,17,258,-4
452,0,11,15,260,-1,11,16,259,-1
452,1,11,15,260,-1,11,16,259,-1
452,2,11,15,260,-5,11,20,255,-5
452,3,11,15,260,-5,11,20,255,-5
452,4,11,15,260,4,11,11,264,4
452,5,11,15,260,4,11,11,264,4
452,6,11,14,261,10,11,4,271,10
452,7,11,14,261,10,11,4,271,10
452,8,11,15,260,-1,11,16,259,-1
452,9,11,15,260,-1,11,16,259,-1
452,10,11,17,258,10,11,7,268,10
452,11,11,17,258,10,11,7,268,10
452,12,11,12,263,-9,11,21,254,-9
452,13,11,12,263,-9,11,21,254,-9
452,14,11,15,260,-1,11,16,259,-1
452,15,11,15,260,-1,11,16,259,-1
452,16,11,16,259,6,11,10,265,6
452,17,11,16,259,6,11,10,265,6
452,18,11,12,263,-1,11,13,262,-1
452,19,11,12,263,-1,11,13,262,-1
452,20,11,17,258,-8,10,0,250,-8
452,21,11,17,258,-8,10,0,250,-8
452,22,11,17,258,-3,11,20,255,-3
452,23,11,17,258,-3,11,20,255,-3
452,24,11,15,260,4,11,11,264,4
452,25,11,15,260,4,11,11,264,4
452,26,11,16,259,5,11,11,264,5
452,27,11,15,260,5,11,10,265,5
452,28,11,14,261,1,11,13,262,1
452,29,11,14,261,1,11,13,262,1
452,30,11,14,261,6,11,8,267,6
452,31,11,14,261,6,11,8,267,6
452,32,11,16,259,-9,10,0,250,-9
452,33,11,16,259,-9,10,0,250,-9
452,34,11,18,257,5,11,13,262,5
452,35,11,18,257,5,11,13,262,5
452,36,11,18,257,-5,11,23,252,-5
452,37,11,18,257,-5,11,23,252,-5
452,38,11,16,259,-6,11,22,253,-6
452,39,11,16,259,-6,11,22,253,-6
452,40,11,15,260,-2,11,17,258,-2
452,41,11,15,260,-2,11,17,258,-2
452,42,11,12,263,9,11,3,272,9
452,43,11,12,263,9,11,3,272,9
452,44,11,16,259,4,11,12,263,4
452,45,11,16,259,4,11,12,263,4
452,46,11,17,258,-4,11,21,254,-4
452,47,11,17,258,-4,11,21,254,-4
452,48,11,18,257,7,11,11,264,7
452,49,11,18,257,7,11,11,264,7
452,50,11,17,258,-6,11,23,252,-6
452,51,11,17,258,-6,11,23,252,-6
452,52,11,17,258,5,11,12,263,5
452,53,11,17,258,5,11,12,263,5
452,54,11,16,259,4,11,12,263,4
452,55,11,16,259,4,11,12,263,4
452,56,11,15,260,10,11,5,270,10
452,57,11,15,260,10,11,5,270,10
452,58,11,18,257,-10,10,3,247,-10
452,59,11,18,257,-10,10,3,247,-10
452,60,11,16,259,2,11,14,261,2
452,61,11,16,259,2,11,14,261,2
452,62,11,15,260,10,11,5,270,10
452,63,11,15,260,10,11,5,270,10
452,64,11,17,258,5,11,12,263,5
452,65,11,17,258,5,11,12,263,5
452,66,11,16,259,8,11,8,267,8
452,67,11,16,259,8,11,8,267,8
452,68,11,17,258,-1,11,18,257,-1
452,69,11,17,258,-1,11,18,257,-1
452,70,11,18,257,7,11,11,264,7
452,71,11,18,257,7,11,11,264,7
452,72,11,18,257,2,11,16,259,2
452,73,11,18,257,2,11,16,259,2
452,74,11,15,260,-9,11,24,251,-9
452,75,11,15,260,-9,11,24,251,-9
452,76,11,16,259,6,11,10,265,6
452,77,11,16,259,6,11,10,265,6
452,78,11,16,259,-9,10,0,250,-9
452,79,11,16,259,-9,10,0,250,-9
452,80,11,18,257,7,11,11,264,7
452,81,11,18,257,7,11,11,264,7
452,82,11,18,257,8,11,10,265,8
452,83,11,18,257,8,11,10,265,8
452,84,11,15,260,6,11,9,266,6
452,85,11,15,260,6,11,9,266,6
452,86,11,17,258,4,11,13,262,4
452,87,11,17,258,4,11,13,262,4
452,88,11,17,258,5,11,12,263,5
452,89,11,17,258,5,11,12,263,5
452,90,11,18,257,6,11,12,263,6
452,91,11,18,257,6,11,12,263,6
452,92,11,16,259,0,11,16,259,0
452,93,11,16,259,0,11,16,259,0
452,94,11,17,258,-10,10,2,248,-10
452,95,11,17,258,-10,10,2,248,-10
453,0,11,13,262,6,11,7,268,6
453,1,11,13,262,6,11,7,268,6
453,2,11,16,259,-5,11,21,254,-5
453,3,11,16,259,-5,11,21,254,-5
453,4,11,14,261,2,11,12,263,2
453,5,11,14,261,2,11,12,263,2
453,6,11,12,263,9,11,3,272,9
453,7,11,12,263,9,11,3,272,9
453,8,11,15,260,-4,11,19,256,-4
453,9,11,15,260,-4,11,19,256,-4
453,10,11,16,259,6,11,10,265,6
453,11,11,16,259,6,11,10,265,6
453,12,11,15,260,1,11,14,261,1
453,13,11,15,260,1,11,14,261,1
453,14,11,14,261,1,11,13,262,1
453,15,11,14,261,1,11,13,262,1
453,16,11,15,260,6,11,9,266,6
453,17,11,15,260,6,11,9,266,6
453,18,11,11,264,-10,11,21,254,-10
453,19,11,11,264,-10,11,21,254,-10
453,20,11,15,260,-2,11,17,258,-2
453,21,11,15,260,-2,11,17,258,-2
453,22,11,15,260,-2,11,17,258,-2
453,23,11,15,260,-2,11,17,258,-2
453,24,11,13,262,8,11,5,270,8
453,25,11,13,262,8,11,5,270,8
453,26,11,14,261,10,11,4,271,10
453,27,11,14,261,10,11,4,271,10
453,28,11,15,260,2,11,13,262,2
453,29,11,15,260,2,11,13,262,2
453,30,11,14,261,0,11,14,261,0
453,31,11,14,261,0,11,14,261,0
453,32,11,17,258,-10,10,2,248,-10
453,33,11,17,258,-10,10,2,248,-10
453,34,11,16,259,2,11,14,261,2
453,35,11,16,259,2,11,14,261,2
453,36,11,16,259,5,11,11,264,5
453,37,11,16,259,5,11,11,264,5
453,38,11,19,256,-2,11,21,254,-2
453,39,11,19,256,-2,11,21,254,-2
453,40,11,16,259,10,11,6,269,10
453,41,11,16,259,10,11,6,269,10
453,42,11,14,261,10,11,4,271,10
453,43,11,14,261,10,11,4,271,10
453,44,11,18,257,3,11,15,260,3
453,45,11,18,257,3,11,15,260,3
453,46,11,16,259,4,11,12,263,4
453,47,11,16,259,4,11,12,263,4
453,48,11,14,261,3,11,11,264,3
453,49,11,14,261,3,11,11,264,3
453,50,11,16,259,0,11,16,259,0
453,51,11,16,259,0,11,16,259,0
453,52,11,16,259,-6,11,22,253,-6
453,53,11,16,259,-6,11,22,253,-6
453,54,11,14,261,-7,11,21,254,-7
453,55,11,14,261,-7,11,21,254,-7
453,56,11,15,260,-2,11,17,258,-2
453,57,11,15,260,-2,11,17,258,-2
453,58,11,16,259,6,11,10,265,6
453,59,11,16,259,6,11,10,265,6
453,60,11,13,262,10,11,3,272,10
453,61,11,13,262,10,11,3,272,10
453,62,11,15,260,-1,11,16,259,-1
453,63,11,15,260,-1,11,16,259,-1
453,64,11,14,261,-2,11,16,259,-2
453,65,11,14,261,-2,11,16,259,-2
453,66,11,13,262,-6,11,19,256,-6
453,67,11,13,262,-6,11,19,256,-6
453,68,11,16,259,-8,11,24,251,-8
453,69,11,16,259,-8,11,24,251,-8
453,70,11,14,261,-9,11,23,252,-9
453,71,11,14,261,-9,11,23,252,-9
453,72,11,15,260,1,11,14,261,1
453,73,11,15,260,1,11,14,261,1
453,74,11,14,261,1,11,13,262,1
453,75,11,14,261,1,11,13,262,1
453,76,11,14,261,-8,11,22,253,-8
453,77,11,14,261,-8,11,22,253,-8
453,78,11,13,262,-2,11,15,260,-2
453,79,11,13,262,-2,11,15,260,-2
453,80,11,17,258,4,11,13,262,4
453,81,11,17,258,4,11,13,262,4
453,82,11,16,259,-1,11,17,258,-1
453,83,11,16,259,-1,11,17,258,-1
453,84,11,15,260,3,11,12,263,3
453,85,11,15,260,3,11,12,263,3
453,86,11,16,259,8,11,8,267,8
453,87,11,16,259,8,11,8,267,8
453,88,11,16,259,4,11,12,263,4
453,89,11,16,259,4,11,12,263,4
453,90,11,13,262,-3,11,16,259,-3
453,91,11,13,262,-3,11,16,259,-3
453,92,11,15,260,5,11,10,265,5
453,93,11,15,260,5,11,10,265,5
453,94,11,15,260,-5,11,20,255,-5
453,95,11,15,260,-5,11,20,255,-5
454,0,12,11,289,-10,12,21,279,-10
454,1,12,11,289,-10,12,21,279,-10
454,2,12,12,288,7,12,5,295,7
454,3,12,12,288,7,12,5,295,7
454,4,12,13,287,7,12,6,294,7
454,5,12,13,287,7,12,6,294,7
454,6,12,12,288,-1,12,13,287,-1
454,7,12,12,288,-1,12,13,287,-1
454,8,12,12,288,-8,12,20,280,-8
454,9,12,12,288,-8,12,20,280,-8
454,10,12,13,287,-9,12,22,278,-9
454,11,12,13,287,-9,12,22,278,-9
454,12,12,13,287,-9,12,22,278,-9
454,13,12,13,287,-9,12,22,278,-9
454,14,12,12,288,1,12,11,289,1
454,15,12,12,288,1,12,11,289,1
454,16,12,12,288,5,12,7,293,5
454,17,12,12,288,5,12,7,293,5
454,18,12,11,289,-7,12,18,282,-7
454,19,12,11,289,-7,12,18,282,-7
454,20,12,14,286,6,12,8,292,6
454,21,12,14,286,6,12,8,292,6
454,22,12,12,288,3,12,9,291,3
454,23,12,12,288,3,12,9,291,3
454,24,12,11,289,4,12,7,293,4
454,25,12,11,289,4,12,7,293,4
454,26,12,12,288,-9,12,21,279,-9
454,27,12,12,288,-9,12,21,279,-9
454,28,12,12,288,3,12,9,291,3
454,29,12,12,288,3,12,9,291,3
454,30,12,9,291,7,12,2,298,7
454,31,12,9,291,7,12,2,298,7
454,32,12,11,289,-7,12,18,282,-7
454,33,12,11,289,-7,12,18,282,-7
454,34,12,13,287,1,12,12,288,1
454,35,12,12,288,1,12,11,289,1
454,36,12,13,287,-8,12,21,279,-8
454,37,12,13,287,-8,12,21,279,-8
454,38,12,11,289,-10,12,21,279,-10
454,39,12,11,289,-10,12,21,279,-10
454,40,12,14,286,8,12,6,294,8
454,41,12,14,286,8,12,6,294,8
454,42,12,11,289,0,12,11,289,0
454,43,12,11,289,0,12,11,289,0
454,44,12,14,286,-4,12,18,282,-4
454,45,12,14,286,-4,12,18,282,-4
454,46,12,12,288,-5,12,17,283,-5
454,47,12,12,288,-5,12,17,283,-5
454,48,12,14,286,-3,12,17,283,-3
454,49,12,14,286,-3,12,17,283,-3
454,50,12,13,287,-4,12,17,283,-4
454,51,12,13,287,-4,12,17,283,-4
454,52,12,15,285,2,12,13,287,2
454,53,12,15,285,2,12,13,287,2
454,54,12,12,288,5,12,7,293,5
454,55,12,12,288,5,12,7,293,5
454,56,12,14,286,5,12,9,291,5
454,57,12,14,286,5,12,9,291,5
454,58,12,16,284,1,12,15,285,1
454,59,12,16,284,1,12,15,285,1
454,60,12,16,284,-10,11,1,274,-10
454,61,12,16,284,-10,11,1,274,-10
454,62,12,14,286,-1,12,15,285,-1
454,63,12,14,286,-1,12,15,285,-1
454,64,12,16,284,0,12,16,284,0
454,65,12,16,284,0,12,16,284,0
454,66,12,12,288,8,12,4,296,8
454,67,12,12,288,8,12,4,296,8
454,68,12,16,284,8,12,8,292,8
454,69,12,16,284,8,12,8,292,8
454,70,12,14,286,5,12,9,291,5
454,71,12,14,286,5,12,9,291,5
454,72,12,13,287,-9,12,22,278,-9
454,73,12,13,287,-9,12,22,278,-9
454,74,12,14,286,2,12,12,288,2
454,75,12,14,286,2,12,12,288,2
454,76,12,16,284,7,12,9,291,7
454,77,12,16,284,7,12,9,291,7
454,78,12,13,287,8,12,5,295,8
454,79,12,13,287,8,12,5,295,8
454,80,12,14,286,5,12,9,291,5
454,81,12,14,286,5,12,9,291,5
454,82,12,15,285,1,12,14,286,1
454,83,12,15,285,1,12,14,286,1
454,84,12,14,286,0,12,14,286,0
454,85,12,14,286,0,12,14,286,0
454,86,12,15,285,6,12,9,291,6
454,87,12,15,285,6,12,9,291,6
454,88,12,17,283,7,12,10,290,7
454,89,12,17,283,7,12,10,290,7
454,90,12,16,284,0,12,16,284,0
454,91,12,16,284,0,12,16,284,0
454,92,12,15,285,10,12,5,295,10
454,93,12,15,285,10,12,5,295,10
454,94,12,18,282,0,12,18,282,0
454,95,12,18,282,0,12,18,282,0
455,0,12,11,289,7,12,4,296,7
455,1,12,11,289,7,12,4,296,7
455,2,12,12,288,0,12,12,288,0
455,3,12,12,288,0,12,12,288,0
455,4,12,10,290,2,12,8,292,2
455,5,12,10,290,2,12,8,292,2
455,6,12,9,291,8,12,1,299,8
455,7,12,9,291,8,12,1,299,8
455,8,12,13,287,10,12,3,297,10
455,9,12,13,287,10,12,3,297,10
455,10,12,15,285,3,12,12,288,3
455,11,12,15,285,3,12,12,288,3
455,12,12,10,290,-10,12,20,280,-10
455,13,12,10,290,-10,12,20,280,-10
455,14,12,12,288,1,12,11,289,1
455,15,12,12,288,1,12,11,289,1
455,16,12,12,288,-3,12,15,285,-3
455,17,12,12,288,-3,12,15,285,-3
455,18,12,10,290,-2,12,12,288,-2
455,19,12,10,290,-2,12,12,288,-2
455,20,12,14,286,-3,12,17,283,-3
455,21,12,14,286,-3,12,17,283,-3
455,22,12,14,286,-5,12,19,281,-5
455,23,12,13,287,-5,12,18,282,-5
455,24,12,13,287,5,12,8,292,5
455,25,12,13,287,5,12,8,292,5
455,26,12,12,288,2,12,10,290,2
455,27,12,12,288,2,12,10,290,2
455,28,12,12,288,-5,12,17,283,-5
455,29,12,12,288,-5,12,17,283,-5
455,30,12,13,287,10,12,3,297,10
455,31,12,13,287,10,12,3,297,10
455,32,12,13,287,-9,12,22,278,-9
455,33,12,13,287,-9,12,22,278,-9
455,34,12,14,286,-1,12,15,285,-1
455,35,12,13,287,-1,12,14,286,-1
455,36,12,13,287,-2,12,15,285,-2
455,37,12,13,287,-2,12,15,285,-2
455,38,12,13,287,-1,12,14,286,-1
455,39,12,13,287,-1,12,14,286,-1
455,40,12,14,286,7,12,7,293,7
455,41,12,14,286,7,12,7,293,7
455,42,12,11,289,9,12,2,298,9
455,43,12,11,289,9,12,2,298,9
455,44,12,15,285,10,12,5,295,10
455,45,12,15,285,10,12,5,295,10
455,46,12,14,286,9,12,5,295,9
455,47,12,14,286,9,12,5,295,9
455,48,12,13,287,-1,12,14,286,-1
455,49,12,13,287,-1,12,14,286,-1
455,50,12,12,288,-5,12,17,283,-5
455,51,12,12,288,-5,12,17,283,-5
455,52,12,11,289,5,12,6,294,5
455,53,12,11,289,5,12,6,294,5
455,54,12,12,288,-3,12,15,285,-3
455,55,12,12,288,-3,12,15,285,-3
455,56,12,13,287,-2,12,15,285,-2
455,57,12,13,287,-2,12,15,285,-2
455,58,12,14,286,4,12,10,290,4
455,59,12,14,286,4,12,10,290,4
455,60,12,12,288,5,12,7,293,5
455,61,12,12,288,5,12,7,293,5
455,62,12,12,288,-6,12,18,282,-6
455,63,12,12,288,-6,12,18,282,-6
455,64,12,14,286,4,12,10,290,4
455,65,12,14,286,4,12,10,290,4
455,66,12,13,287,2,12,11,289,2
455,67,12,13,287,2,12,11,289,2
455,68,12,16,284,-1,12,17,283,-1
455,69,12,16,284,-1,12,17,283,-1
455,70,12,13,287,-8,12,21,279,-8
455,71,12,13,287,-8,12,21,279,-8
455,72,12,12,288,-7,12,19,281,-7
455,73,12,12,288,-7,12,19,281,-7
455,74,12,11,289,7,12,4,296,7
455,75,12,11,289,7,12,4,296,7
455,76,12,13,287,-6,12,19,281,-6
455,77,12,13,287,-6,12,19,281,-6
455,78,12,10,290,-10,12,20,280,-10
455,79,12,10,290,-10,12,20,280,-10
455,80,12,14,286,3,12,11,289,3
455,81,12,14,286,3,12,11,289,3
455,82,12,16,284,-9,11,0,275,-9
455,83,12,16,284,-9,11,0,275,-9
455,84,12,11,289,-9,12,20,280,-9
455,85,12,11,289,-9,12,20,280,-9
455,86,12,12,288,0,12,12,288,0
455,87,12,12,288,0,12,12,288,0
455,88,12,11,289,-9,12,20,280,-9
455,89,12,11,289,-9,12,20,280,-9
455,90,12,11,289,0,12,11,289,0
455,91,12,11,289,0,12,11,289,0
455,92,12,13,287,-1,12,14,286,-1
455,93,12,13,287,-1,12,14,286,-1
455,94,12,13,287,8,12,5,295,8
455,95,12,13,287,8,12,5,295,8
456,0,12,13,287,7,12,6,294,7
456,1,12,13,287,7,12,6,294,7
456,2,12,12,288,-5,12,17,283,-5
456,3,12,12,288,-5,12,17,283,-5
456,4,12,13,287,-10,12,23,277,-10
456,5,12,13,287,-10,12,23,277,-10
456,6,12,13,287,-2,12,15,285,-2
456,7,12,13,287,-2,12,15,285,-2
456,8,12,15,285,0,12,15,285,0
456,9,12,15,285,0,12,15,285,0
456,10,12,16,284,8,12,8,292,8
456,11,12,16,284,8,12,8,292,8
456,12,12,18,282,8,12,10,290,8
456,13,12,17,283,8,12,9,291,8
456,14,12,16,284,10,12,6,294,10
456,15,12,15,285,10,12,5,295,10
456,16,12,16,284,-10,11,1,274,-10
456,17,12,16,284,-10,11,1,274,-10
456,18,12,16,284,0,12,16,284,0
456,19,12,16,284,0,12,16,284,0
456,20,12,15,285,-8,12,23,277,-8
456,21,12,15,285,-8,12,23,277,-8
456,22,12,15,285,-10,11,0,275,-10
456,23,12,15,285,-10,11,0,275,-10
456,24,12,14,286,2,12,12,288,2
456,25,12,13,287,2,12,11,289,2
456,26,12,16,284,-2,12,18,282,-2
456,27,12,16,284,-2,12,18,282,-2
456,28,12,15,285,3,12,12,288,3
456,29,12,15,285,3,12,12,288,3
456,30,12,14,286,1,12,13,287,1
456,31,12,14,286,1,12,13,287,1
456,32,12,17,283,6,12,11,289,6
456,33,12,17,283,6,12,11,289,6
456,34,12,15,285,-7,12,22,278,-7
456,35,12,15,285,-7,12,22,278,-7
456,36,12,14,286,3,12,11,289,3
456,37,12,14,286,3,12,11,289,3
456,38,12,15,285,3,12,12,288,3
456,39,12,15,285,3,12,12,288,3
456,40,12,15,285,-9,12,24,276,-9
456,41,12,15,285,-9,12,24,276,-9
456,42,12,13,287,-10,12,23,277,-10
456,43,12,13,287,-10,12,23,277,-10
456,44,12,19,281,-6,11,0,275,-6
456,45,12,19,281,-6,11,0,275,-6
456,46,12,16,284,4,12,12,288,4
456,47,12,16,284,4,12,12,288,4
456,48,12,13,287,6,12,7,293,6
456,49,12,13,287,6,12,7,293,6
456,50,12,15,285,8,12,7,293,8
456,51,12,15,285,8,12,7,293,8
456,52,12,15,285,-3,12,18,282,-3
456,53,12,15,285,-3,12,18,282,-3
456,54,12,13,287,-3,12,16,284,-3
456,55,12,13,287,-3,12,16,284,-3
456,56,12,18,282,-2,12,20,280,-2
456,57,12,18,282,-2,12,20,280,-2
456,58,12,15,285,10,12,5,295,10
456,59,12,15,285,10,12,5,295,10
456,60,12,16,284,-1,12,17,283,-1
456,61,12,16,284,-1,12,17,283,-1
456,62,12,14,286,-1,12,15,285,-1
456,63,12,14,286,-1,12,15,285,-1
456,64,12,17,283,-7,12,24,276,-7
456,65,12,17,283,-7,12,24,276,-7
456,66,12,14,286,-5,12,19,281,-5
456,67,12,14,286,-5,12,19,281,-5
456,68,12,17,283,7,12,10,290,7
456,69,12,17,283,7,12,10,290,7
456,70,12,16,284,8,12,8,292,8
456,71,12,16,284,8,12,8,292,8
456,72,12,15,285,5,12,10,290,5
456,73,12,15,285,5,12,10,290,5
456,74,12,16,284,3,12,13,287,3
456,75,12,16,284,3,12,13,287,3
456,76,12,0,300,0,12,0,300,0
456,77,12,0,300,0,12,0,300,0
456,78,12,15,285,0,12,15,285,0
456,79,12,15,285,0,12,15,285,0
456,80,12,18,282,-7,11,0,275,-7
456,81,12,17,283,-7,12,24,276,-7
456,82,12,16,284,2,12,14,286,2
456,83,12,16,284,2,12,14,286,2
456,84,12,15,285,4,12,11,289,4
456,85,12,15,285,4,12,11,289,4
456,86,12,14,286,3,12,11,289,3
456,87,12,14,286,3,12,11,289,3
456,88,12,15,285,8,12,7,293,8
456,89,12,15,285,8,12,7,293,8
456,90,12,14,286,1,12,13,287,1
456,91,12,14,286,1,12,13,287,1
456,92,12,17,283,7,12,10,290,7
456,93,12,17,283,7,12,10,290,7
456,94,12,16,284,-3,12,19,281,-3
456,95,12,16,284,-3,12,19,281,-3
457,0,12,16,284,-6,12,22,278,-6
457,1,12,16,284,-6,12,22,278,-6
457,2,12,18,282,-10,11,3,272,-10
457,3,12,18,282,-10,11,3,272,-10
457,4,12,16,284,10,12,6,294,10
457,5,12,16,284,10,12,6,294,10
457,6,12,18,282,-1,12,19,281,-1
457,7,12,18,282,-1,12,19,281,-1
457,8,4,16,84,0,4,16,84,0
457,9,12,16,284,8,12,8,292,8
457,10,12,18,282,-8,11,1,274,-8
457,11,12,18,282,-8,11,1,274,-8
457,12,12,16,284,0,12,16,284,0
457,13,12,16,284,0,12,16,284,0
457,14,12,16,284,3,12,13,287,3
457,15,12,16,284,3,12,13,287,3
457,16,12,19,281,-3,12,22,278,-3
457,17,12,19,281,-3,12,22,278,-3
457,18,12,15,285,-2,12,17,283,-2
457,19,12,15,285,-2,12,17,283,-2
457,20,12,19,281,4,12,15,285,4
457,21,12,19,281,4,12,15,285,4
457,22,12,20,280,-2,12,22,278,-2
457,23,12,20,280,-2,12,22,278,-2
457,24,12,18,282,-5,12,23,277,-5
457,25,12,18,282,-5,12,23,277,-5
457,26,12,21,279,10,12,11,289,10
457,27,12,21,279,10,12,11,289,10
457,28,12,16,284,-10,11,1,274,-10
457,29,12,16,284,-10,11,1,274,-10
457,30,12,15,285,4,12,11,289,4
457,31,12,15,285,4,12,11,289,4
457,32,12,18,282,7,12,11,289,7
457,33,12,18,282,7,12,11,289,7
457,34,12,19,281,10,12,9,291,10
457,35,12,19,281,10,12,9,291,10
457,36,12,16,284,-6,12,22,278,-6
457,37,12,16,284,-6,12,22,278,-6
457,38,12,19,281,-4,12,23,277,-4
457,39,12,19,281,-4,12,23,277,-4
457,40,12,17,283,0,12,17,283,0
457,41,12,17,283,0,12,17,283,0
457,42,12,16,284,-3,12,19,281,-3
457,43,12,16,284,-3,12,19,281,-3
457,44,12,20,280,6,12,14,286,6
457,45,12,20,280,6,12,14,286,6
457,46,12,19,281,-6,11,0,275,-6
457,47,12,19,281,-6,11,0,275,-6
457,48,12,17,283,5,12,12,288,5
457,49,12,17,283,5,12,12,288,5
457,50,12,17,283,5,12,12,288,5
457,51,12,17,283,5,12,12,288,5
457,52,12,17,283,8,12,9,291,8
457,53,12,17,283,8,12,9,291,8
457,54,12,17,283,-9,11,1,274,-9
457,55,12,17,283,-9,11,1,274,-9
457,56,12,18,282,-8,11,1,274,-8
457,57,12,18,282,-8,11,1,274,-8
457,58,12,18,282,1,12,17,283,1
457,59,12,18,282,1,12,17,283,1
457,60,12,18,282,6,12,12,288,6
457,61,12,18,282,6,12,12,288,6
457,62,12,19,281,-5,12,24,276,-5
457,63,12,18,282,-5,12,23,277,-5
457,64,12,17,283,3,12,14,286,3
457,65,12,17,283,3,12,14,286,3
457,66,12,15,285,10,12,5,295,10
457,67,12,15,285,10,12,5,295,10
457,68,12,19,281,7,12,12,288,7
457,69,12,19,281,7,12,12,288,7
457,70,12,17,283,8,12,9,291,8
457,71,12,17,283,8,12,9,291,8
457,72,12,18,282,4,12,14,286,4
457,73,12,18,282,4,12,14,286,4
457,74,12,19,281,-9,11,3,272,-9
457,75,12,19,281,-9,11,3,272,-9
457,76,12,19,281,-9,11,3,272,-9
457,77,12,19,281,-9,11,3,272,-9
457,78,12,19,281,-9,11,3,272,-9
457,79,12,19,281,-9,11,3,272,-9
457,80,12,20,280,5,12,15,285,5
457,81,12,20,280,5,12,15,285,5
457,82,12,20,280,-1,12,21,279,-1
457,83,12,20,280,-1,12,21,279,-1
457,84,12,21,279,1,12,20,280,1
457,85,12,21,279,1,12,20,280,1
457,86,12,18,282,6,12,12,288,6
457,87,12,18,282,6,12,12,288,6
457,88,12,19,281,-3,12,22,278,-3
457,89,12,19,281,-3,12,22,278,-3
457,90,12,15,285,6,12,9,291,6
457,91,12,15,285,6,12,9,291,6
457,92,12,19,281,-5,12,24,276,-5
457,93,12,19,281,-5,12,24,276,-5
457,94,12,18,282,-9,11,2,273,-9
457,95,12,18,282,-9,11,2,273,-9
458,0,11,17,258,-10,10,2,248,-10
458,1,11,17,258,-10,10,2,248,-10
458,2,11,17,258,3,11,14,261,3
458,3,11,17,258,3,11,14,261,3
458,4,11,17,258,-8,10,0,250,-8
458,5,11,17,258,-8,10,0,250,-8
458,6,11,16,259,2,11,14,261,2
458,7,11,16,259,2,11,14,261,2
458,8,11,19,256,1,11,18,257,1
458,9,11,19,256,1,11,18,257,1
458,10,11,19,256,1,11,18,257,1
458,11,11,18,257,1,11,17,258,1
458,12,11,16,259,-6,11,22,253,-6
458,13,11,16,259,-6,11,22,253,-6
458,14,11,17,258,-10,10,2,248,-10
458,15,11,17,258,-10,10,2,248,-10
458,16,11,15,260,10,11,5,270,10
458,17,11,15,260,10,11,5,270,10
458,18,11,17,258,5,11,12,263,5
458,19,11,17,258,5,11,12,263,5
458,20,11,21,254,-7,10,3,247,-7
458,21,11,21,254,-7,10,3,247,-7
458,22,11,20,255,-4,11,24,251,-4
458,23,11,20,255,-4,11,24,251,-4
458,24,11,15,260,5,11,10,265,5
458,25,11,15,260,5,11,10,265,5
458,26,11,16,259,5,11,11,264,5
458,27,11,16,259,5,11,11,264,5
458,28,11,16,259,6,11,10,265,6
458,29,11,16,259,6,11,10,265,6
458,30,11,16,259,5,11,11,264,5
458,31,11,16,259,5,11,11,264,5
458,32,11,18,257,6,11,12,263,6
458,33,11,18,257,6,11,12,263,6
458,34,11,22,253,0,11,22,253,0
458,35,11,22,253,0,11,22,253,0
458,36,11,16,259,-1,11,17,258,-1
458,37,11,16,259,-1,11,17,258,-1
458,38,11,17,258,8,11,9,266,8
458,39,11,17,258,8,11,9,266,8
458,40,11,17,258,8,11,9,266,8
458,41,11,17,258,8,11,9,266,8
458,42,11,17,258,-10,10,2,248,-10
458,43,11,17,258,-10,10,2,248,-10
458,44,11,17,258,6,11,11,264,6
458,45,11,17,258,6,11,11,264,6
458,46,11,18,257,10,11,8,267,10
458,47,11,18,257,10,11,8,267,10
458,48,11,18,257,6,11,12,263,6
458,49,11,18,257,6,11,12,263,6
458,50,11,18,257,-9,10,2,248,-9
458,51,11,18,257,-9,10,2,248,-9
458,52,11,16,259,10,11,6,269,10
458,53,11,16,259,10,11,6,269,10
458,54,11,15,260,8,11,7,268,8
458,55,11,15,260,8,11,7,268,8
458,56,11,19,256,9,11,10,265,9
458,57,11,19,256,9,11,10,265,9
458,58,11,20,255,-7,10,2,248,-7
458,59,11,20,255,-7,10,2,248,-7
458,60,11,20,255,2,11,18,257,2
458,61,11,20,255,2,11,18,257,2
458,62,11,19,256,-10,10,4,246,-10
458,63,11,19,256,-10,10,4,246,-10
458,64,11,18,257,10,11,8,267,10
458,65,11,18,257,10,11,8,267,10
458,66,11,19,256,10,11,9,266,10
458,67,11,19,256,10,11,9,266,10
458,68,11,21,254,-3,11,24,251,-3
458,69,11,21,254,-3,11,24,251,-3
458,70,11,19,256,9,11,10,265,9
458,71,11,19,256,9,11,10,265,9
458,72,11,17,258,-7,11,24,251,-7
458,73,11,17,258,-7,11,24,251,-7
458,74,11,19,256,10,11,9,266,10
458,75,11,19,256,10,11,9,266,10
458,76,11,20,255,0,11,20,255,0
458,77,11,20,255,0,11,20,255,0
458,78,11,17,258,-7,11,24,251,-7
458,79,11,17,258,-7,11,24,251,-7
458,80,11,19,256,-10,10,4,246,-10
458,81,11,19,256,-10,10,4,246,-10
458,82,11,19,256,-5,11,24,251,-5
458,83,11,19,256,-5,11,24,251,-5
458,84,11,18,257,2,11,16,259,2
458,85,11,18,257,2,11,16,259,2
458,86,11,18,257,-4,11,22,253,-4
458,87,11,18,257,-4,11,22,253,-4
458,88,11,18,257,9,11,9,266,9
458,89,11,18,257,9,11,9,266,9
458,90,11,15,260,6,11,9,266,6
458,91,11,15,260,6,11,9,266,6
458,92,11,19,256,5,11,14,261,5
458,93,11,19,256,5,11,14,261,5
458,94,11,21,254,3,11,18,257,3
458,95,11,21,254,3,11,18,257,3
459,0,11,14,261,-4,11,18,257,-4
459,1,11,14,261,-4,11,18,257,-4
459,2,11,14,261,7,11,7,268,7
459,3,11,14,261,7,11,7,268,7
459,4,11,13,262,-2,11,15,260,-2
459,5,11,13,262,-2,11,15,260,-2
459,6,11,14,261,10,11,4,271,10
459,7,11,14,261,10,11,4,271,10
459,8,11,14,261,5,11,9,266,5
459,9,11,14,261,5,11,9,266,5
459,10,11,15,260,3,11,12,263,3
459,11,11,15,260,3,11,12,263,3
459,12,11,12,263,4,11,8,267,4
459,13,11,12,263,4,11,8,267,4
459,14,11,14,261,-2,11,16,259,-2
459,15,11,14,261,-2,11,16,259,-2
459,16,11,15,260,10,11,5,270,10
459,17,11,15,260,10,11,5,270,10
459,18,11,12,263,-5,11,17,258,-5
459,19,11,12,263,-5,11,17,258,-5
459,20,11,17,258,-5,11,22,253,-5
459,21,11,17,258,-5,11,22,253,-5
459,22,11,17,258,8,11,9,266,8
459,23,11,17,258,8,11,9,266,8
459,24,11,17,258,6,11,11,264,6
459,25,11,17,258,6,11,11,264,6
459,26,11,16,259,4,11,12,263,4
459,27,11,16,259,4,11,12,263,4
459,28,11,17,258,4,11,13,262,4
459,29,11,17,258,4,11,13,262,4
459,30,11,15,260,-3,11,18,257,-3
459,31,11,15,260,-3,11,18,257,-3
459,32,11,16,259,8,11,8,267,8
459,33,11,16,259,8,11,8,267,8
459,34,11,19,256,2,11,17,258,2
459,35,11,19,256,2,11,17,258,2
459,36,11,16,259,-2,11,18,257,-2
459,37,11,16,259,-2,11,18,257,-2
459,38,11,17,258,-5,11,22,253,-5
459,39,11,17,258,-5,11,22,253,-5
459,40,11,16,259,-2,11,18,257,-2
459,41,11,16,259,-2,11,18,257,-2
459,42,11,16,259,7,11,9,266,7
459,43,11,16,259,7,11,9,266,7
459,44,11,19,256,0,11,19,256,0
459,45,11,19,256,0,11,19,256,0
459,46,11,20,255,-7,10,2,248,-7
459,47,11,20,255,-7,10,2,248,-7
459,48,11,15,260,-7,11,22,253,-7
459,49,11,15,260,-7,11,22,253,-7
459,50,11,15,260,7,11,8,267,7
459,51,11,15,260,7,11,8,267,7
459,52,11,13,262,-4,11,17,258,-4
459,53,11,13,262,-4,11,17,258,-4
459,54,11,13,262,-4,11,17,258,-4
459,55,11,13,262,-4,11,17,258,-4
459,56,11,17,258,9,11,8,267,9
459,57,11,17,258,9,11,8,267,9
459,58,11,18,257,8,11,10,265,8
459,59,11,18,257,8,11,10,265,8
459,60,11,14,261,-7,11,21,254,-7
459,61,11,14,261,-7,11,21,254,-7
459,62,11,16,259,1,11,15,260,1
459,63,11,16,259,1,11,15,260,1
459,64,11,14,261,5,11,9,266,5
459,65,11,14,261,5,11,9,266,5
459,66,11,12,263,-4,11,16,259,-4
459,67,11,12,263,-4,11,16,259,-4
459,68,11,18,257,3,11,15,260,3
459,69,11,18,257,3,11,15,260,3
459,70,11,17,258,-3,11,20,255,-3
459,71,11,16,259,-3,11,19,256,-3
459,72,11,16,259,7,11,9,266,7
459,73,11,16,259,7,11,9,266,7
459,74,11,16,259,1,11,15,260,1
459,75,11,16,259,1,11,15,260,1
459,76,11,17,258,-6,11,23,252,-6
459,77,11,17,258,-6,11,23,252,-6
459,78,11,14,261,-1,11,15,260,-1
459,79,11,14,261,-1,11,15,260,-1
459,80,11,16,259,-1,11,17,258,-1
459,81,11,16,259,-1,11,17,258,-1
459,82,11,19,256,6,11,13,262,6
459,83,11,19,256,6,11,13,262,6
459,84,11,16,259,-3,11,19,256,-3
459,85,11,16,259,-3,11,19,256,-3
459,86,11,17,258,4,11,13,262,4
459,87,11,17,258,4,11,13,262,4
459,88,11,15,260,-1,11,16,259,-1
459,89,11,15,260,-1,11,16,259,-1
459,90,11,15,260,2,11,13,262,2
459,91,11,15,260,2,11,13,262,2
459,92,11,19,256,-10,10,4,246,-10
459,93,11,19,256,-10,10,4,246,-10
459,94,11,18,257,8,11,10,265,8
459,95,11,18,257,8,11,10,265,8
460,0,11,16,259,9,11,7,268,9
460,1,11,16,259,9,11,7,268,9
460,2,11,14,261,-8,11,22,253,-8
460,3,11,14,261,-8,11,22,253,-8
460,4,11,14,261,5,11,9,266,5
460,5,11,14,261,5,11,9,266,5
460,6,11,13,262,1,11,12,263,1
460,7,11,13,262,1,11,12,263,1
460,8,11,16,259,8,11,8,267,8
460,9,11,16,259,8,11,8,267,8
460,10,11,16,259,-2,11,18,257,-2
460,11,11,15,260,-2,11,17,258,-2
460,12,11,14,261,5,11,9,266,5
460,13,11,14,261,5,11,9,266,5
460,14,11,13,262,-2,11,15,260,-2
460,15,11,13,262,-2,11,15,260,-2
460,16,11,15,260,-8,11,23,252,-8
460,17,11,15,260,-8,11,23,252,-8
460,18,11,14,261,-10,11,24,251,-10
460,19,11,14,261,-10,11,24,251,-10
460,20,11,17,258,-10,10,2,248,-10
460,21,11,17,258,-10,10,2,248,-10
460,22,11,16,259,-7,11,23,252,-7
460,23,11,16,259,-7,11,23,252,-7
460,24,11,14,261,10,11,4,271,10
460,25,11,14,261,10,11,4,271,10
460,26,11,13,262,-7,11,20,255,-7
460,27,11,13,262,-7,11,20,255,-7
460,28,11,15,260,9,11,6,269,9
460,29,11,15,260,9,11,6,269,9
460,30,11,16,259,1,11,15,260,1
460,31,11,16,259,1,11,15,260,1
460,32,11,15,260,0,11,15,260,0
460,33,11,15,260,0,11,15,260,0
460,34,11,18,257,-8,10,1,249,-8
460,35,11,18,257,-8,10,1,249,-8
460,36,11,15,260,-2,11,17,258,-2
460,37,11,15,260,-2,11,17,258,-2
460,38,11,16,259,-2,11,18,257,-2
460,39,11,16,259,-2,11,18,257,-2
460,40,11,16,259,-10,10,1,249,-10
460,41,11,16,259,-10,10,1,249,-10
460,42,11,15,260,2,11,13,262,2
460,43,11,15,260,2,11,13,262,2
460,44,11,17,258,-2,11,19,256,-2
460,45,11,17,258,-2,11,19,256,-2
460,46,11,19,256,-7,10,1,249,-7
460,47,11,19,256,-7,10,1,249,-7
460,48,11,16,259,-4,11,20,255,-4
460,49,11,16,259,-4,11,20,255,-4
460,50,11,13,262,4,11,9,266,4
460,51,11,13,262,4,11,9,266,4
460,52,11,17,258,7,11,10,265,7
460,53,11,17,258,7,11,10,265,7
460,54,11,13,262,10,11,3,272,10
460,55,11,13,262,10,11,3,272,10
460,56,11,13,262,-10,11,23,252,-10
460,57,11,13,262,-10,11,23,252,-10
460,58,11,17,258,0,11,17,258,0
460,59,11,17,258,0,11,17,258,0
460,60,11,14,261,2,11,12,263,2
460,61,11,14,261,2,11,12,263,2
460,62,11,14,261,-6,11,20,255,-6
460,63,11,14,261,-6,11,20,255,-6
460,64,11,15,260,-5,11,20,255,-5
460,65,11,15,260,-5,11,20,255,-5
460,66,11,15,260,-8,11,23,252,-8
460,67,11,15,260,-8,11,23,252,-8
460,68,11,18,257,7,11,11,264,7
460,69,11,18,257,7,11,11,264,7
460,70,11,15,260,4,11,11,264,4
460,71,11,15,260,4,11,11,264,4
460,72,11,13,262,7,11,6,269,7
460,73,11,13,262,7,11,6,269,7
460,74,11,15,260,-5,11,20,255,-5
460,75,11,15,260,-5,11,20,255,-5
460,76,11,13,262,-2,11,15,260,-2
460,77,11,13,262,-2,11,15,260,-2
460,78,11,14,261,-2,11,16,259,-2
460,79,11,14,261,-2,11,16,259,-2
460,80,11,15,260,-3,11,18,257,-3
460,81,11,15,260,-3,11,18,257,-3
460,82,11,18,257,-3,11,21,254,-3
460,83,11,18,257,-3,11,21,254,-3
460,84,11,14,261,-2,11,16,259,-2
460,85,11,14,261,-2,11,16,259,-2
460,86,11,15,260,-3,11,18,257,-3
460,87,11,15,260,-3,11,18,257,-3
460,88,11,14,261,-3,11,17,258,-3
460,89,11,14,261,-3,11,17,258,-3
460,90,11,13,262,5,11,8,267,5
460,91,11,13,262,5,11,8,267,5
460,92,11,17,258,-7,11,24,251,-7
460,93,11,17,258,-7,11,24,251,-7
460,94,11,15,260,-3,11,18,257,-3
460,95,11,15,260,-3,11,18,257,-3
461,0,12,14,286,-6,12,20,280,-6
461,1,12,14,286,-6,12,20,280,-6
461,2,12,12,288,1,12,11,289,1
461,3,12,12,288,1,12,11,289,1
461,4,12,13,287,-6,12,19,281,-6
461,5,12,13,287,-6,12,19,281,-6
461,6,12,13,287,8,12,5,295,8
461,7,12,13,287,8,12,5,295,8
461,8,12,15,285,-10,11,0,275,-10
461,9,12,15,285,-10,11,0,275,-10
461,10,12,16,284,10,12,6,294,10
461,11,12,16,284,10,12,6,294,10
461,12,12,13,287,-9,12,22,278,-9
461,13,12,13,287,-9,12,22,278,-9
461,14,12,14,286,1,12,13,287,1
461,15,12,14,286,1,12,13,287,1
461,16,12,14,286,7,12,7,293,7
461,17,12,14,286,7,12,7,293,7
461,18,12,14,286,-4,12,18,282,-4
461,19,12,14,286,-4,12,18,282,-4
461,20,12,19,281,-8,11,2,273,-8
461,21,12,19,281,-8,11,2,273,-8
461,22,12,17,283,9,12,8,292,9
461,23,12,17,283,9,12,8,292,9
461,24,12,14,286,0,12,14,286,0
461,25,12,14,286,0,12,14,286,0
461,26,12,16,284,0,12,16,284,0
461,27,12,16,284,0,12,16,284,0
461,28,12,15,285,-2,12,17,283,-2
461,29,12,15,285,-2,12,17,283,-2
461,30,12,14,286,6,12,8,292,6
461,31,12,14,286,6,12,8,292,6
461,32,12,17,283,2,12,15,285,2
461,33,12,17,283,2,12,15,285,2
461,34,12,18,282,8,12,10,290,8
461,35,12,18,282,8,12,10,290,8
461,36,12,16,284,-8,12,24,276,-8
461,37,12,16,284,-8,12,24,276,-8
461,38,12,16,284,1,12,15,285,1
461,39,12,16,284,1,12,15,285,1
461,40,12,18,282,3,12,15,285,3
461,41,12,18,282,3,12,15,285,3
461,42,12,15,285,0,12,15,285,0
461,43,12,15,285,0,12,15,285,0
461,44,12,16,284,-6,12,22,278,-6
461,45,12,16,284,-6,12,22,278,-6
461,46,12,17,283,0,12,17,283,0
461,47,12,17,283,0,12,17,283,0
461,48,12,14,286,-10,12,24,276,-10
461,49,12,14,286,-10,12,24,276,-10
461,50,12,14,286,-4,12,18,282,-4
461,51,12,14,286,-4,12,18,282,-4
461,52,12,15,285,-3,12,18,282,-3
461,53,12,15,285,-3,12,18,282,-3
461,54,12,14,286,5,12,9,291,5
461,55,12,14,286,5,12,9,291,5
461,56,12,18,282,-7,11,0,275,-7
461,57,12,18,282,-7,11,0,275,-7
461,58,12,17,283,-2,12,19,281,-2
461,59,12,17,283,-2,12,19,281,-2
461,60,12,13,287,-2,12,15,285,-2
461,61,12,13,287,-2,12,15,285,-2
461,62,12,16,284,3,12,13,287,3
461,63,12,16,284,3,12,13,287,3
461,64,12,17,283,-4,12,21,279,-4
461,65,12,17,283,-4,12,21,279,-4
461,66,12,16,284,3,12,13,287,3
461,67,12,16,284,3,12,13,287,3
461,68,12,19,281,3,12,16,284,3
461,69,12,19,281,3,12,16,284,3
461,70,12,16,284,9,12,7,293,9
461,71,12,16,284,9,12,7,293,9
461,72,12,16,284,-10,11,1,274,-10
461,73,12,16,284,-10,11,1,274,-10
461,74,12,16,284,10,12,6,294,10
461,75,12,16,284,10,12,6,294,10
461,76,12,16,284,2,12,14,286,2
461,77,12,16,284,2,12,14,286,2
461,78,12,15,285,9,12,6,294,9
461,79,12,15,285,9,12,6,294,9
461,80,12,20,280,-5,11,0,275,-5
461,81,12,19,281,-5,12,24,276,-5
461,82,12,19,281,-1,12,20,280,-1
461,83,12,19,281,-1,12,20,280,-1
461,84,12,16,284,-8,12,24,276,-8
461,85,12,16,284,-8,12,24,276,-8
461,86,12,16,284,-9,11,0,275,-9
461,87,12,16,284,-9,11,0,275,-9
461,88,12,16,284,1,12,15,285,1
461,89,12,16,284,1,12,15,285,1
461,90,12,18,282,-9,11,2,273,-9
461,91,12,18,282,-9,11,2,273,-9
461,92,12,19,281,-7,11,1,274,-7
461,93,12,19,281,-7,11,1,274,-7
461,94,12,20,280,-1,12,21,279,-1
461,95,12,20,280,-1,12,21,279,-1
462,0,12,18,282,-1,12,19,281,-1
462,1,12,18,282,-1,12,19,281,-1
462,2,12,15,285,-3,12,18,282,-3
462,3,12,15,285,-3,12,18,282,-3
462,4,12,16,284,0,12,16,284,0
462,5,12,16,284,0,12,16,284,0
462,6,12,15,285,-10,11,0,275,-10
462,7,12,15,285,-10,11,0,275,-10
462,8,12,19,281,7,12,12,288,7
462,9,12,19,281,7,12,12,288,7
462,10,12,20,280,-4,12,24,276,-4
462,11,12,20,280,-4,12,24,276,-4
462,12,5,11,114,0,5,11,114,0
462,13,5,11,114,0,5,11,114,0
462,14,5,11,114,0,5,11,114,0
462,15,5,11,114,0,5,11,114,0
462,16,5,11,114,0,5,11,114,0
462,17,5,11,114,0,5,11,114,0
462,18,5,11,114,0,5,11,114,0
462,19,5,11,114,0,5,11,114,0
462,20,5,11,114,0,5,11,114,0
462,21,5,11,114,0,5,11,114,0
462,22,5,11,114,0,5,11,114,0
462,23,5,11,114,0,5,11,114,0
462,24,5,11,114,0,5,11,114,0
462,25,5,11,114,0,5,11,114,0
462,26,5,11,114,0,5,11,114,0
462,27,5,11,114,0,5,11,114,0
462,28,5,11,114,0,5,11,114,0
462,29,5,11,114,0,5,11,114,0
462,30,5,11,114,0,5,11,114,0
462,31,5,11,114,0,5,11,114,0
462,32,5,11,114,0,5,11,114,0
462,33,5,11,114,0,5,11,114,0
462,34,5,11,114,0,5,11,114,0
462,35,5,11,114,0,5,11,114,0
462,36,12,15,285,10,12,5,295,10
462,37,12,15,285,10,12,5,295,10
462,38,12,16,284,-3,12,19,281,-3
462,39,12,16,284,-3,12,19,281,-3
462,40,12,15,285,8,12,7,293,8
462,41,12,15,285,8,12,7,293,8
462,42,12,17,283,3,12,14,286,3
462,43,12,17,283,3,12,14,286,3
462,44,12,19,281,-8,11,2,273,-8
462,45,12,18,282,-8,11,1,274,-8
462,46,12,20,280,-6,11,1,274,-6
462,47,12,20,280,-6,11,1,274,-6
462,48,12,15,285,4,12,11,289,4
462,49,12,15,285,4,12,11,289,4
462,50,12,18,282,1,12,17,283,1
462,51,12,18,282,1,12,17,283,1
462,52,12,18,282,0,12,18,282,0
462,53,12,18,282,0,12,18,282,0
462,54,12,15,285,0,12,15,285,0
462,55,12,15,285,0,12,15,285,0
462,56,12,18,282,-9,11,2,273,-9
462,57,12,18,282,-9,11,2,273,-9
462,58,12,19,281,10,12,9,291,10
462,59,12,18,282,10,12,8,292,10
462,60,12,15,285,0,12,15,285,0
462,61,12,15,285,0,12,15,285,0
462,62,12,16,284,-7,12,23,277,-7
462,63,12,16,284,-7,12,23,277,-7
462,64,12,17,283,2,12,15,285,2
462,65,12,17,283,2,12,15,285,2
462,66,12,16,284,-6,12,22,278,-6
462,67,12,16,284,-6,12,22,278,-6
462,68,12,18,282,3,12,15,285,3
462,69,12,18,282,3,12,15,285,3
462,70,12,19,281,6,12,13,287,6
462,71,12,19,281,6,12,13,287,6
462,72,12,15,285,-7,12,22,278,-7
462,73,12,15,285,-7,12,22,278,-7
462,74,12,17,283,-4,12,21,279,-4
462,75,12,17,283,-4,12,21,279,-4
462,76,12,18,282,-1,12,19,281,-1
462,77,12,18,282,-1,12,19,281,-1
462,78,12,14,286,6,12,8,292,6
462,79,12,15,285,6,12,9,291,6
462,80,12,17,283,-8,11,0,275,-8
462,81,12,17,283,-8,11,0,275,-8
462,82,12,19,281,7,12,12,288,7
462,83,12,19,281,7,12,12,288,7
462,84,12,17,283,3,12,14,286,3
462,85,12,17,283,3,12,14,286,3
462,86,12,15,285,-4,12,19,281,-4
462,87,12,15,285,-4,12,19,281,-4
462,88,12,19,281,10,12,9,291,10
462,89,12,19,281,10,12,9,291,10
462,90,12,19,281,-5,12,24,276,-5
462,91,12,19,281,-5,12,24,276,-5
462,92,12,19,281,-8,11,2,273,-8
462,93,12,19,281,-8,11,2,273,-8
462,94,12,17,283,7,12,10,290,7
462,95,12,17,283,7,12,10,290,7
463,0,11,14,261,1,11,13,262,1
463,1,11,14,261,1,11,13,262,1
463,2,11,12,263,3,11,9,266,3
463,3,11,12,263,3,11,9,266,3
463,4,11,12,263,0,11,12,263,0
463,5,11,12,263,0,11,12,263,0
463,6,11,12,263,8,11,4,271,8
463,7,11,12,263,8,11,4,271,8
463,8,11,15,260,2,11,13,262,2
463,9,11,15,260,2,11,13,262,2
463,10,11,15,260,-10,10,0,250,-10
463,11,11,15,260,-10,10,0,250,-10
463,12,11,15,260,-7,11,22,253,-7
463,13,11,15,260,-7,11,22,253,-7
463,14,11,15,260,-3,11,18,257,-3
463,15,11,15,260,-3,11,18,257,-3
463,16,11,15,260,3,11,12,263,3
463,17,11,15,260,3,11,12,263,3
463,18,11,13,262,-10,11,23,252,-10
463,19,11,13,262,-10,11,23,252,-10
463,20,11,14,261,5,11,9,266,5
463,21,11,14,261,5,11,9,266,5
463,22,11,17,258,7,11,10,265,7
463,23,11,17,258,7,11,10,265,7
463,24,11,15,260,1,11,14,261,1
463,25,11,15,260,1,11,14,261,1
463,26,11,12,263,4,11,8,267,4
463,27,11,12,263,4,11,8,267,4
463,28,11,12,263,8,11,4,271,8
463,29,11,12,263,8,11,4,271,8
463,30,11,12,263,10,11,2,273,10
463,31,11,12,263,10,11,2,273,10
463,32,11,16,259,-8,11,24,251,-8
463,33,11,16,259,-8,11,24,251,-8
463,34,11,17,258,6,11,11,264,6
463,35,11,17,258,6,11,11,264,6
463,36,11,13,262,7,11,6,269,7
463,37,11,13,262,7,11,6,269,7
463,38,11,14,261,8,11,6,269,8
463,39,11,14,261,8,11,6,269,8
463,40,11,15,260,4,11,11,264,4
463,41,11,15,260,4,11,11,264,4
463,42,11,11,264,-8,11,19,256,-8
463,43,11,12,263,-8,11,20,255,-8
463,44,11,15,260,-3,11,18,257,-3
463,45,11,15,260,-3,11,18,257,-3
463,46,11,19,256,-4,11,23,252,-4
463,47,11,19,256,-4,11,23,252,-4
463,48,11,13,262,-9,11,22,253,-9
463,49,11,13,262,-9,11,22,253,-9
463,50,11,14,261,0,11,14,261,0
463,51,11,14,261,0,11,14,261,0
463,52,11,13,262,-9,11,22,253,-9
463,53,11,13,262,-9,11,22,253,-9
463,54,11,17,258,-10,10,2,248,-10
463,55,11,17,258,-10,10,2,248,-10
463,56,11,14,261,-6,11,20,255,-6
463,57,11,14,261,-6,11,20,255,-6
463,58,11,17,258,8,11,9,266,8
463,59,11,17,258,8,11,9,266,8
463,60,11,13,262,4,11,9,266,4
463,61,11,13,262,4,11,9,266,4
463,62,11,14,261,6,11,8,267,6
463,63,11,14,261,6,11,8,267,6
463,64,11,15,260,-10,10,0,250,-10
463,65,11,15,260,-10,10,0,250,-10
463,66,11,14,261,6,11,8,267,6
463,67,11,14,261,6,11,8,267,6
463,68,11,16,259,8,11,8,267,8
463,69,11,16,259,8,11,8,267,8
463,70,11,18,257,7,11,11,264,7
463,71,11,18,257,7,11,11,264,7
463,72,11,14,261,-10,11,24,251,-10
463,73,11,14,261,-10,11,24,251,-10
463,74,11,12,263,-10,11,22,253,-10
463,75,11,12,263,-10,11,22,253,-10
463,76,11,12,263,-8,11,20,255,-8
463,77,11,13,262,-8,11,21,254,-8
463,78,11,14,261,-7,11,21,254,-7
463,79,11,15,260,-7,11,22,253,-7
463,80,11,17,258,10,11,7,268,10
463,81,11,17,258,10,11,7,268,10
463,82,11,18,257,9,11,9,266,9
463,83,11,18,257,9,11,9,266,9
463,84,11,17,258,8,11,9,266,8
463,85,11,17,258,8,11,9,266,8
463,86,11,13,262,-10,11,23,252,-10
463,87,11,13,262,-10,11,23,252,-10
463,88,11,15,260,-7,11,22,253,-7
463,89,11,15,260,-7,11,22,253,-7
463,90,11,12,263,-10,11,22,253,-10
463,91,11,12,263,-10,11,22,253,-10
463,92,11,13,262,5,11,8,267,5
463,93,11,13,262,5,11,8,267,5
463,94,11,15,260,-6,11,21,254,-6
463,95,11,15,260,-6,11,21,254,-6
464,0,12,10,290,2,12,8,292,2
464,1,12,10,290,2,12,8,292,2
464,2,12,11,289,-1,12,12,288,-1
464,3,12,11,289,-1,12,12,288,-1
464,4,12,14,286,6,12,8,292,6
464,5,12,14,286,6,12,8,292,6
464,6,12,10,290,3,12,7,293,3
464,7,12,10,290,3,12,7,293,3
464,8,12,12,288,4,12,8,292,4
464,9,12,12,288,4,12,8,292,4
464,10,12,12,288,0,12,12,288,0
464,11,12,12,288,0,12,12,288,0
464,12,12,10,290,7,12,3,297,7
464,13,12,10,290,7,12,3,297,7
464,14,12,11,289,4,12,7,293,4
464,15,12,11,289,4,12,7,293,4
464,16,12,14,286,1,12,13,287,1
464,17,12,14,286,1,12,13,287,1
464,18,12,13,287,-3,12,16,284,-3
464,19,12,13,287,-3,12,16,284,-3
464,20,12,13,287,7,12,6,294,7
464,21,12,13,287,7,12,6,294,7
464,22,12,12,288,9,12,3,297,9
464,23,12,12,288,9,12,3,297,9
464,24,12,12,288,0,12,12,288,0
464,25,12,12,288,0,12,12,288,0
464,26,12,11,289,4,12,7,293,4
464,27,12,11,289,4,12,7,293,4
464,28,12,14,286,1,12,13,287,1
464,29,12,14,286,1,12,13,287,1
464,30,12,14,286,-3,12,17,283,-3
464,31,12,14,286,-3,12,17,283,-3
464,32,12,14,286,-6,12,20,280,-6
464,33,12,14,286,-6,12,20,280,-6
464,34,12,15,285,-2,12,17,283,-2
464,35,12,15,285,-2,12,17,283,-2
464,36,12,12,288,1,12,11,289,1
464,37,12,12,288,1,12,11,289,1
464,38,12,14,286,-4,12,18,282,-4
464,39,12,14,286,-4,12,18,282,-4
464,40,12,14,286,-6,12,20,280,-6
464,41,12,14,286,-6,12,20,280,-6
464,42,12,12,288,8,12,4,296,8
464,43,12,12,288,8,12,4,296,8
464,44,12,18,282,-3,12,21,279,-3
464,45,12,17,283,-3,12,20,280,-3
464,46,12,15,285,-10,11,0,275,-10
464,47,12,15,285,-10,11,0,275,-10
464,48,12,15,285,1,12,14,286,1
464,49,12,15,285,1,12,14,286,1
464,50,12,15,285,2,12,13,287,2
464,51,12,15,285,2,12,13,287,2
464,52,12,14,286,-5,12,19,281,-5
464,53,12,14,286,-5,12,19,281,-5
464,54,12,11,289,2,12,9,291,2
464,55,12,11,289,2,12,9,291,2
464,56,12,16,284,10,12,6,294,10
464,57,12,16,284,10,12,6,294,10
464,58,12,16,284,3,12,13,287,3
464,59,12,16,284,3,12,13,287,3
464,60,12,13,287,9,12,4,296,9
464,61,12,13,287,9,12,4,296,9
464,62,12,16,284,-8,12,24,276,-8
464,63,12,16,284,-8,12,24,276,-8
464,64,12,16,284,-10,11,1,274,-10
464,65,12,16,284,-10,11,1,274,-10
464,66,12,14,286,-8,12,22,278,-8
464,67,12,14,286,-8,12,22,278,-8
464,68,12,17,283,-10,11,2,273,-10
464,69,12,17,283,-10,11,2,273,-10
464,70,12,16,284,-7,12,23,277,-7
464,71,12,16,284,-7,12,23,277,-7
464,72,12,14,286,-2,12,16,284,-2
464,73,12,14,286,-2,12,16,284,-2
464,74,12,12,288,-2,12,14,286,-2
464,75,12,12,288,-2,12,14,286,-2
464,76,12,13,287,-2,12,15,285,-2
464,77,12,13,287,-2,12,15,285,-2
464,78,12,14,286,5,12,9,291,5
464,79,12,14,286,5,12,9,291,5
464,80,12,15,285,-1,12,16,284,-1
464,81,12,15,285,-1,12,16,284,-1
464,82,12,15,285,-10,11,0,275,-10
464,83,12,15,285,-10,11,0,275,-10
464,84,12,13,287,4,12,9,291,4
464,85,12,12,288,4,12,8,292,4
464,86,12,15,285,1,12,14,286,1
464,87,12,14,286,1,12,13,287,1
464,88,12,15,285,4,12,11,289,4
464,89,12,15,285,4,12,11,289,4
464,90,12,12,288,7,12,5,295,7
464,91,12,13,287,7,12,6,294,7
464,92,12,15,285,-7,12,22,278,-7
464,93,12,15,285,-7,12,22,278,-7
464,94,12,15,285,-7,12,22,278,-7
464,95,12,15,285,-7,12,22,278,-7
465,0,12,17,283,-8,11,0,275,-8
465,1,12,17,283,-8,11,0,275,-8
465,2,12,17,283,10,12,7,293,10
465,3,12,17,283,10,12,7,293,10
465,4,12,17,283,3,12,14,286,3
465,5,12,17,283,3,12,14,286,3
465,6,12,20,280,-3,12,23,277,-3
465,7,12,20,280,-3,12,23,277,-3
465,8,12,17,283,-1,12,18,282,-1
465,9,12,17,283,-1,12,18,282,-1
465,10,12,19,281,8,12,11,289,8
465,11,12,19,281,8,12,11,289,8
465,12,12,17,283,8,12,9,291,8
465,13,12,17,283,8,12,9,291,8
465,14,12,18,282,1,12,17,283,1
465,15,12,18,282,1,12,17,283,1
465,16,12,16,284,5,12,11,289,5
465,17,12,16,284,5,12,11,289,5
465,18,12,14,286,-7,12,21,279,-7
465,19,12,14,286,-7,12,21,279,-7
465,20,12,18,282,-9,11,2,273,-9
465,21,12,18,282,-9,11,2,273,-9
465,22,12,20,280,10,12,10,290,10
465,23,12,20,280,10,12,10,290,10
465,24,12,17,283,-10,11,2,273,-10
465,25,12,17,283,-10,11,2,273,-10
465,26,12,19,281,-8,11,2,273,-8
465,27,12,19,281,-8,11,2,273,-8
465,28,12,0,300,0,12,0,300,0
465,29,12,0,300,0,12,0,300,0
465,30,12,18,282,-2,12,20,280,-2
465,31,12,18,282,-2,12,20,280,-2
465,32,12,19,281,7,12,12,288,7
465,33,12,19,281,7,12,12,288,7
465,34,12,21,279,7,12,14,286,7
465,35,12,21,279,7,12,14,286,7
465,36,13,24,301,0,13,24,301,0
465,37,13,24,301,0,13,24,301,0
465,38,12,0,300,0,12,0,300,0
465,39,12,0,300,0,12,0,300,0
465,40,12,17,283,-10,11,2,273,-10
465,41,12,17,283,-10,11,2,273,-10
465,42,12,16,284,6,12,10,290,6
465,43,12,16,284,6,12,10,290,6
465,44,12,19,281,-5,12,24,276,-5
465,45,12,19,281,-5,12,24,276,-5
465,46,12,19,281,2,12,17,283,2
465,47,12,19,281,2,12,17,283,2
465,48,12,15,285,8,12,7,293,8
465,49,12,15,285,8,12,7,293,8
465,50,12,18,282,-6,12,24,276,-6
465,51,12,18,282,-6,12,24,276,-6
465,52,12,17,283,5,12,12,288,5
465,53,12,17,283,5,12,12,288,5
465,54,12,18,282,-10,11,3,272,-10
465,55,12,18,282,-10,11,3,272,-10
465,56,12,17,283,9,12,8,292,9
465,57,12,17,283,9,12,8,292,9
465,58,12,20,280,2,12,18,282,2
465,59,12,20,280,2,12,18,282,2
465,60,12,18,282,3,12,15,285,3
465,61,12,18,282,3,12,15,285,3
465,62,12,16,284,-9,11,0,275,-9
465,63,12,16,284,-9,11,0,275,-9
465,64,12,19,281,6,12,13,287,6
465,65,12,19,281,6,12,13,287,6
465,66,12,17,283,7,12,10,290,7
465,67,12,17,283,7,12,10,290,7
465,68,12,19,281,3,12,16,284,3
465,69,12,19,281,3,12,16,284,3
465,70,12,17,283,4,12,13,287,4
465,71,12,17,283,4,12,13,287,4
465,72,12,19,281,-1,12,20,280,-1
465,73,12,19,281,-1,12,20,280,-1
465,74,12,19,281,0,12,19,281,0
465,75,12,19,281,0,12,19,281,0
465,76,12,17,283,-7,12,24,276,-7
465,77,12,17,283,-7,12,24,276,-7
465,78,12,16,284,1,12,15,285,1
465,79,12,16,284,1,12,15,285,1
465,80,12,19,281,-4,12,23,277,-4
465,81,12,19,281,-4,12,23,277,-4
465,82,12,21,279,0,12,21,279,0
465,83,12,21,279,0,12,21,279,0
465,84,12,18,282,3,12,15,285,3
465,85,12,18,282,3,12,15,285,3
465,86,12,17,283,9,12,8,292,9
465,87,12,17,283,9,12,8,292,9
465,88,12,18,282,4,12,14,286,4
465,89,12,18,282,4,12,14,286,4
465,90,12,17,283,9,12,8,292,9
465,91,12,17,283,9,12,8,292,9
465,92,12,21,279,8,12,13,287,8
465,93,12,21,279,8,12,13,287,8
465,94,12,19,281,-1,12,20,280,-1
465,95,12,19,281,-1,12,20,280,-1
466,0,11,10,265,-10,11,20,255,-10
466,1,11,10,265,-10,11,20,255,-10
466,2,11,12,263,-6,11,18,257,-6
466,3,11,12,263,-6,11,18,257,-6
466,4,11,12,263,1,11,11,264,1
466,5,11,12,263,1,11,11,264,1
466,6,11,9,266,2,11,7,268,2
466,7,11,9,266,2,11,7,268,2
466,8,11,12,263,2,11,10,265,2
466,9,11,12,263,2,11,10,265,2
466,10,11,12,263,-9,11,21,254,-9
466,11,11,12,263,-9,11,21,254,-9
466,12,11,12,263,3,11,9,266,3
466,13,11,12,263,3,11,9,266,3
466,14,11,11,264,-2,11,13,262,-2
466,15,11,11,264,-2,11,13,262,-2
466,16,11,14,261,-1,11,15,260,-1
466,17,11,14,261,-1,11,15,260,-1
466,18,11,12,263,4,11,8,267,4
466,19,11,12,263,4,11,8,267,4
466,20,11,12,263,0,11,12,263,0
466,21,11,12,263,0,11,12,263,0
466,22,11,12,263,-8,11,20,255,-8
466,23,11,12,263,-8,11,20,255,-8
466,24,11,12,263,-2,11,14,261,-2
466,25,11,12,263,-2,11,14,261,-2
466,26,11,13,262,3,11,10,265,3
466,27,11,13,262,3,11,10,265,3
466,28,11,11,264,8,11,3,272,8
466,29,11,11,264,8,11,3,272,8
466,30,11,12,263,-10,11,22,253,-10
466,31,11,12,263,-10,11,22,253,-10
466,32,11,12,263,10,11,2,273,10
466,33,11,12,263,10,11,2,273,10
466,34,11,13,262,1,11,12,263,1
466,35,11,13,262,1,11,12,263,1
466,36,11,13,262,4,11,9,266,4
466,37,11,13,262,4,11,9,266,4
466,38,11,14,261,7,11,7,268,7
466,39,11,14,261,7,11,7,268,7
466,40,11,14,261,5,11,9,266,5
466,41,11,14,261,5,11,9,266,5
466,42,11,13,262,10,11,3,272,10
466,43,11,13,262,10,11,3,272,10
466,44,11,16,259,10,11,6,269,10
466,45,11,17,258,10,11,7,268,10
466,46,11,15,260,4,11,11,264,4
466,47,11,14,261,4,11,10,265,4
466,48,11,14,261,0,11,14,261,0
466,49,11,14,261,0,11,14,261,0
466,50,11,14,261,6,11,8,267,6
466,51,11,14,261,6,11,8,267,6
466,52,11,10,265,3,11,7,268,3
466,53,11,10,265,3,11,7,268,3
466,54,11,11,264,-3,11,14,261,-3
466,55,11,11,264,-3,11,14,261,-3
466,56,11,15,260,-1,11,16,259,-1
466,57,11,15,260,-1,11,16,259,-1
466,58,11,15,260,4,11,11,264,4
466,59,11,15,260,4,11,11,264,4
466,60,11,12,263,1,11,11,264,1
466,61,11,12,263,1,11,11,264,1
466,62,11,13,262,1,11,12,263,1
466,63,11,13,262,1,11,12,263,1
466,64,11,12,263,-5,11,17,258,-5
466,65,11,12,263,-5,11,17,258,-5
466,66,11,11,264,-7,11,18,257,-7
466,67,11,12,263,-7,11,19,256,-7
466,68,11,15,260,4,11,11,264,4
466,69,11,15,260,4,11,11,264,4
466,70,11,14,261,4,11,10,265,4
466,71,11,14,261,4,11,10,265,4
466,72,11,10,265,2,11,8,267,2
466,73,11,10,265,2,11,8,267,2
466,74,11,12,263,-10,11,22,253,-10
466,75,11,12,263,-10,11,22,253,-10
466,76,11,14,261,6,11,8,267,6
466,77,11,14,261,6,11,8,267,6
466,78,11,12,263,-10,11,22,253,-10
466,79,11,12,263,-10,11,22,253,-10
466,80,11,15,260,8,11,7,268,8
466,81,11,15,260,8,11,7,268,8
466,82,11,14,261,-6,11,20,255,-6
466,83,11,14,261,-6,11,20,255,-6
466,84,11,11,264,7,11,4,271,7
466,85,11,11,264,7,11,4,271,7
466,86,11,13,262,3,11,10,265,3
466,87,11,13,262,3,11,10,265,3
466,88,11,15,260,-5,11,20,255,-5
466,89,11,15,260,-5,11,20,255,-5
466,90,11,12,263,2,11,10,265,2
466,91,11,12,263,2,11,10,265,2
466,92,11,15,260,6,11,9,266,6
466,93,11,15,260,6,11,9,266,6
466,94,11,14,261,5,11,9,266,5
466,95,11,14,261,5,11,9,266,5
467,0,11,10,265,8,11,2,273,8
467,1,11,10,265,8,11,2,273,8
467,2,11,10,265,5,11,5,270,5
467,3,11,10,265,5,11,5,270,5
467,4,11,14,261,-4,11,18,257,-4
467,5,11,14,261,-4,11,18,257,-4
467,6,11,12,263,-4,11,16,259,-4
467,7,11,12,263,-4,11,16,259,-4
467,8,11,12,263,6,11,6,269,6
467,9,11,12,263,6,11,6,269,6
467,10,11,11,264,-9,11,20,255,-9
467,11,11,11,264,-9,11,20,255,-9
467,12,11,11,264,9,11,2,273,9
467,13,11,11,264,9,11,2,273,9
467,14,11,10,265,3,11,7,268,3
467,15,11,10,265,3,11,7,268,3
467,16,11,12,263,-1,11,13,262,-1
467,17,11,12,263,-1,11,13,262,-1
467,18,11,9,266,-5,11,14,261,-5
467,19,11,9,266,-5,11,14,261,-5
467,20,11,12,263,6,11,6,269,6
467,21,11,12,263,6,11,6,269,6
467,22,11,12,263,1,11,11,264,1
467,23,11,12,263,1,11,11,264,1
467,24,11,12,263,-1,11,13,262,-1
467,25,11,12,263,-1,11,13,262,-1
467,26,11,15,260,8,11,7,268,8
467,27,11,15,260,8,11,7,268,8
467,28,11,12,263,9,11,3,272,9
467,29,11,12,263,9,11,3,272,9
467,30,11,14,261,-8,11,22,253,-8
467,31,11,14,261,-8,11,22,253,-8
467,32,11,15,260,2,11,13,262,2
467,33,11,15,260,2,11,13,262,2
467,34,11,15,260,6,11,9,266,6
467,35,11,15,260,6,11,9,266,6
467,36,11,13,262,2,11,11,264,2
467,37,11,13,262,2,11,11,264,2
467,38,11,13,262,5,11,8,267,5
467,39,11,13,262,5,11,8,267,5
467,40,11,15,260,-10,10,0,250,-10
467,41,11,15,260,-10,10,0,250,-10
467,42,11,12,263,3,11,9,266,3
467,43,11,12,263,3,11,9,266,3
467,44,11,14,261,-5,11,19,256,-5
467,45,11,14,261,-5,11,19,256,-5
467,46,11,13,262,6,11,7,268,6
467,47,11,13,262,6,11,7,268,6
467,48,11,13,262,-1,11,14,261,-1
467,49,11,13,262,-1,11,14,261,-1
467,50,11,10,265,9,11,1,274,9
467,51,11,10,265,9,11,1,274,9
467,52,11,12,263,-7,11,19,256,-7
467,53,11,12,263,-7,11,19,256,-7
467,54,11,11,264,0,11,11,264,0
467,55,11,11,264,0,11,11,264,0
467,56,11,14,261,5,11,9,266,5
467,57,11,14,261,5,11,9,266,5
467,58,11,13,262,4,11,9,266,4
467,59,11,13,262,4,11,9,266,4
467,60,11,12,263,4,11,8,267,4
467,61,11,12,263,4,11,8,267,4
467,62,11,9,266,-8,11,17,258,-8
467,63,11,9,266,-8,11,17,258,-8
467,64,11,15,260,-9,11,24,251,-9
467,65,11,15,260,-9,11,24,251,-9
467,66,11,11,264,-7,11,18,257,-7
467,67,11,11,264,-7,11,18,257,-7
467,68,11,13,262,-7,11,20,255,-7
467,69,11,13,262,-7,11,20,255,-7
467,70,11,10,265,9,11,1,274,9
467,71,11,10,265,9,11,1,274,9
467,72,11,11,264,0,11,11,264,0
467,73,11,11,264,0,11,11,264,0
467,74,11,13,262,-7,11,20,255,-7
467,75,11,13,262,-7,11,20,255,-7
467,76,11,15,260,-6,11,21,254,-6
467,77,11,15,260,-6,11,21,254,-6
467,78,11,12,263,8,11,4,271,8
467,79,11,12,263,8,11,4,271,8
467,80,11,16,259,6,11,10,265,6
467,81,11,16,259,6,11,10,265,6
467,82,11,15,260,7,11,8,267,7
467,83,11,15,260,7,11,8,267,7
467,84,11,12,263,-7,11,19,256,-7
467,85,11,12,263,-7,11,19,256,-7
467,86,11,14,261,-4,11,18,257,-4
467,87,11,14,261,-4,11,18,257,-4
467,88,11,13,262,2,11,11,264,2
467,89,11,13,262,2,11,11,264,2
467,90,11,10,265,-7,11,17,258,-7
467,91,11,10,265,-7,11,17,258,-7
467,92,11,14,261,8,11,6,269,8
467,93,11,13,262,8,11,5,270,8
467,94,11,14,261,3,11,11,264,3
467,95,11,14,261,3,11,11,264,3
468,0,10,13,237,-9,10,22,228,-9
468,1,10,13,237,-9,10,22,228,-9
468,2,10,13,237,10,10,3,247,10
468,3,10,13,237,10,10,3,247,10
468,4,10,11,239,-9,10,20,230,-9
468,5,10,11,239,-9,10,20,230,-9
468,6,10,10,240,6,10,4,246,6
468,7,10,10,240,6,10,4,246,6
468,8,10,15,235,9,10,6,244,9
468,9,10,15,235,9,10,6,244,9
468,10,10,15,235,-5,10,20,230,-5
468,11,10,15,235,-5,10,20,230,-5
468,12,10,13,237,8,10,5,245,8
468,13,10,13,237,8,10,5,245,8
468,14,10,11,239,3,10,8,242,3
468,15,10,11,239,3,10,8,242,3
468,16,10,12,238,8,10,4,246,8
468,17,10,12,238,8,10,4,246,8
468,18,10,12,238,9,10,3,247,9
468,19,10,12,238,9,10,3,247,9
468,20,10,13,237,1,10,12,238,1
468,21,10,13,237,1,10,12,238,1
468,22,10,16,234,1,10,15,235,1
468,23,10,16,234,1,10,15,235,1
468,24,10,13,237,-3,10,16,234,-3
468,25,10,12,238,-3,10,15,235,-3
468,26,10,14,236,6,10,8,242,6
468,27,10,14,236,6,10,8,242,6
468,28,10,15,235,-2,10,17,233,-2
468,29,10,15,235,-2,10,17,233,-2
468,30,10,14,236,-6,10,20,230,-6
468,31,10,14,236,-6,10,20,230,-6
468,32,10,14,236,1,10,13,237,1
468,33,10,14,236,1,10,13,237,1
468,34,10,17,233,2,10,15,235,2
468,35,10,17,233,2,10,15,235,2
468,36,10,15,235,6,10,9,241,6
468,37,10,15,235,6,10,9,241,6
468,38,10,15,235,-8,10,23,227,-8
468,39,10,15,235,-8,10,23,227,-8
468,40,10,17,233,-4,10,21,229,-4
468,41,10,17,233,-4,10,21,229,-4
468,42,10,13,237,6,10,7,243,6
468,43,10,13,237,6,10,7,243,6
468,44,10,15,235,9,10,6,244,9
468,45,10,15,235,9,10,6,244,9
468,46,10,17,233,-1,10,18,232,-1
468,47,10,17,233,-1,10,18,232,-1
468,48,10,13,237,-1,10,14,236,-1
468,49,10,13,237,-1,10,14,236,-1
468,50,10,14,236,-10,10,24,226,-10
468,51,10,14,236,-10,10,24,226,-10
468,52,10,16,234,-1,10,17,233,-1
468,53,10,16,234,-1,10,17,233,-1
468,54,10,12,238,4,10,8,242,4
468,55,10,12,238,4,10,8,242,4
468,56,10,15,235,8,10,7,243,8
468,57,10,15,235,8,10,7,243,8
468,58,10,15,235,0,10,15,235,0
468,59,10,15,235,0,10,15,235,0
468,60,10,13,237,8,10,5,245,8
468,61,10,13,237,8,10,5,245,8
468,62,10,14,236,4,10,10,240,4
468,63,10,14,236,4,10,10,240,4
468,64,10,14,236,5,10,9,241,5
468,65,10,14,236,5,10,9,241,5
468,66,10,12,238,4,10,8,242,4
468,67,10,12,238,4,10,8,242,4
468,68,10,13,237,1,10,12,238,1
468,69,10,13,237,1,10,12,238,1
468,70,10,15,235,-4,10,19,231,-4
468,71,10,15,235,-4,10,19,231,-4
468,72,10,15,235,-3,10,18,232,-3
468,73,10,15,235,-3,10,18,232,-3
468,74,10,15,235,9,10,6,244,9
468,75,10,15,235,9,10,6,244,9
468,76,10,14,236,4,10,10,240,4
468,77,10,14,236,4,10,10,240,4
468,78,10,14,236,-8,10,22,228,-8
468,79,10,14,236,-8,10,22,228,-8
468,80,10,15,235,-6,10,21,229,-6
468,81,10,15,235,-6,10,21,229,-6
468,82,10,16,234,-3,10,19,231,-3
468,83,10,17,233,-3,10,20,230,-3
468,84,10,14,236,-3,10,17,233,-3
468,85,10,14,236,-3,10,17,233,-3
468,86,10,12,238,10,10,2,248,10
468,87,10,12,238,10,10,2,248,10
468,88,10,15,235,7,10,8,242,7
468,89,10,15,235,7,10,8,242,7
468,90,10,10,240,7,10,3,247,7
468,91,10,10,240,7,10,3,247,7
468,92,10,14,236,-2,10,16,234,-2
468,93,10,14,236,-2,10,16,234,-2
468,94,10,13,237,7,10,6,244,7
468,95,10,13,237,7,10,6,244,7
469,0,10,13,237,-5,10,18,232,-5
469,1,10,13,237,-5,10,18,232,-5
469,2,10,15,235,-10,9,0,225,-10
469,3,10,15,235,-10,9,0,225,-10
469,4,10,12,238,-4,10,16,234,-4
469,5,10,12,238,-4,10,16,234,-4
469,6,10,14,236,3,10,11,239,3
469,7,10,14,236,3,10,11,239,3
469,8,10,15,235,-5,10,20,230,-5
469,9,10,15,235,-5,10,20,230,-5
469,10,10,17,233,-2,10,19,231,-2
469,11,10,17,233,-2,10,19,231,-2
469,12,10,14,236,8,10,6,244,8
469,13,10,14,236,8,10,6,244,8
469,14,10,15,235,-1,10,16,234,-1
469,15,10,15,235,-1,10,16,234,-1
469,16,10,13,237,8,10,5,245,8
469,17,10,13,237,8,10,5,245,8
469,18,10,15,235,3,10,12,238,3
469,19,10,15,235,3,10,12,238,3
469,20,10,16,234,-2,10,18,232,-2
469,21,10,17,233,-2,10,19,231,-2
469,22,10,15,235,3,10,12,238,3
469,23,10,15,235,3,10,12,238,3
469,24,10,15,235,-7,10,22,228,-7
469,25,10,15,235,-7,10,22,228,-7
469,26,10,14,236,-3,10,17,233,-3
469,27,10,14,236,-3,10,17,233,-3
469,28,10,14,236,-6,10,20,230,-6
469,29,10,14,236,-6,10,20,230,-6
469,30,10,15,235,-2,10,17,233,-2
469,31,10,15,235,-2,10,17,233,-2
469,32,10,18,232,-4,10,22,228,-4
469,33,10,18,232,-4,10,22,228,-4
469,34,2,18,32,0,2,18,32,0
469,35,2,18,32,0,2,18,32,0
469,36,10,14,236,4,10,10,240,4
469,37,10,14,236,4,10,10,240,4
469,38,10,16,234,8,10,8,242,8
469,39,10,16,234,8,10,8,242,8
469,40,10,15,235,-6,10,21,229,-6
469,41,10,15,235,-6,10,21,229,-6
469,42,10,14,236,7,10,7,243,7
469,43,10,14,236,7,10,7,243,7
469,44,10,16,234,2,10,14,236,2
469,45,10,16,234,2,10,14,236,2
469,46,10,18,232,-10,9,3,222,-10
469,47,10,18,232,-10,9,3,222,-10
469,48,10,13,237,-3,10,16,234,-3
469,49,10,13,237,-3,10,16,234,-3
469,50,10,13,237,3,10,10,240,3
469,51,10,13,237,3,10,10,240,3
469,52,10,14,236,7,10,7,243,7
469,53,10,14,236,7,10,7,243,7
469,54,10,13,237,-5,10,18,232,-5
469,55,10,13,237,-5,10,18,232,-5
469,56,10,17,233,9,10,8,242,9
469,57,10,17,233,9,10,8,242,9
469,58,10,14,236,9,10,5,245,9
469,59,10,14,236,9,10,5,245,9
469,60,10,13,237,8,10,5,245,8
469,61,10,13,237,8,10,5,245,8
469,62,10,14,236,4,10,10,240,4
469,63,10,14,236,4,10,10,240,4
469,64,10,15,235,10,10,5,245,10
469,65,10,15,235,10,10,5,245,10
469,66,10,16,234,8,10,8,242,8
469,67,10,16,234,8,10,8,242,8
469,68,10,14,236,6,10,8,242,6
469,69,10,14,236,6,10,8,242,6
469,70,10,15,235,-4,10,19,231,-4
469,71,10,15,235,-4,10,19,231,-4
469,72,10,15,235,-6,10,21,229,-6
469,73,10,15,235,-6,10,21,229,-6
469,74,10,14,236,-10,10,24,226,-10
469,75,10,14,236,-10,10,24,226,-10
469,76,10,16,234,2,10,14,236,2
469,77,10,16,234,2,10,14,236,2
469,78,10,13,237,-2,10,15,235,-2
469,79,10,13,237,-2,10,15,235,-2
469,80,10,16,234,3,10,13,237,3
469,81,10,16,234,3,10,13,237,3
469,82,10,15,235,4,10,11,239,4
469,83,10,15,235,4,10,11,239,4
469,84,10,13,237,3,10,10,240,3
469,85,10,13,237,3,10,10,240,3
469,86,10,16,234,-6,10,22,228,-6
469,87,10,16,234,-6,10,22,228,-6
469,88,10,16,234,-9,9,0,225,-9
469,89,10,16,234,-9,9,0,225,-9
469,90,10,14,236,-2,10,16,234,-2
469,91,10,14,236,-2,10,16,234,-2
469,92,10,17,233,6,10,11,239,6
469,93,10,17,233,6,10,11,239,6
469,94,10,14,236,-5,10,19,231,-5
469,95,10,14,236,-5,10,19,231,-5
470,0,10,13,237,6,10,7,243,6
470,1,10,13,237,6,10,7,243,6
470,2,10,14,236,-6,10,20,230,-6
470,3,10,14,236,-6,10,20,230,-6
470,4,10,12,238,-7,10,19,231,-7
470,5,10,12,238,-7,10,19,231,-7
470,6,10,11,239,7,10,4,246,7
470,7,10,11,239,7,10,4,246,7
470,8,10,14,236,4,10,10,240,4
470,9,10,14,236,4,10,10,240,4
470,10,10,15,235,-8,10,23,227,-8
470,11,10,15,235,-8,10,23,227,-8
470,12,10,15,235,-9,10,24,226,-9
470,13,10,15,235,-9,10,24,226,-9
470,14,10,14,236,-9,10,23,227,-9
470,15,10,14,236,-9,10,23,227,-9
470,16,10,14,236,-6,10,20,230,-6
470,17,10,14,236,-6,10,20,230,-6
470,18,10,10,240,3,10,7,243,3
470,19,10,10,240,3,10,7,243,3
470,20,10,14,236,-10,10,24,226,-10
470,21,10,14,236,-10,10,24,226,-10
470,22,10,13,237,6,10,7,243,6
470,23,10,13,237,6,10,7,243,6
470,24,10,14,236,-1,10,15,235,-1
470,25,10,14,236,-1,10,15,235,-1
470,26,10,15,235,-1,10,16,234,-1
470,27,10,15,235,-1,10,16,234,-1
470,28,10,14,236,5,10,9,241,5
470,29,10,14,236,5,10,9,241,5
470,30,10,13,237,1,10,12,238,1
470,31,10,13,237,1,10,12,238,1
470,32,10,14,236,-5,10,19,231,-5
470,33,10,14,236,-5,10,19,231,-5
470,34,10,14,236,-6,10,20,230,-6
470,35,10,14,236,-6,10,20,230,-6
470,36,10,13,237,-9,10,22,228,-9
470,37,10,13,237,-9,10,22,228,-9
470,38,10,14,236,-4,10,18,232,-4
470,39,10,14,236,-4,10,18,232,-4
470,40,10,14,236,3,10,11,239,3
470,41,10,14,236,3,10,11,239,3
470,42,10,11,239,-7,10,18,232,-7
470,43,10,11,239,-7,10,18,232,-7
470,44,10,14,236,0,10,14,236,0
470,45,10,14,236,0,10,14,236,0
470,46,10,13,237,-5,10,18,232,-5
470,47,10,13,237,-5,10,18,232,-5
470,48,10,14,236,-5,10,19,231,-5
470,49,10,14,236,-5,10,19,231,-5
470,50,10,16,234,6,10,10,240,6
470,51,10,16,234,6,10,10,240,6
470,52,10,14,236,8,10,6,244,8
470,53,10,14,236,8,10,6,244,8
470,54,10,14,236,10,10,4,246,10
470,55,10,14,236,10,10,4,246,10
470,56,10,14,236,-2,10,16,234,-2
470,57,10,14,236,-2,10,16,234,-2
470,58,10,15,235,-6,10,21,229,-6
470,59,10,15,235,-6,10,21,229,-6
470,60,10,15,235,5,10,10,240,5
470,61,10,15,235,5,10,10,240,5
470,62,10,15,235,-10,9,0,225,-10
470,63,10,15,235,-10,9,0,225,-10
470,64,10,15,235,-1,10,16,234,-1
470,65,10,15,235,-1,10,16,234,-1
470,66,10,12,238,-1,10,13,237,-1
470,67,10,12,238,-1,10,13,237,-1
470,68,10,15,235,-6,10,21,229,-6
470,69,10,15,235,-6,10,21,229,-6
470,70,10,16,234,9,10,7,243,9
470,71,10,16,234,9,10,7,243,9
470,72,10,14,236,-4,10,18,232,-4
470,73,10,14,236,-4,10,18,232,-4
470,74,10,14,236,-2,10,16,234,-2
470,75,10,14,236,-2,10,16,234,-2
470,76,10,15,235,1,10,14,236,1
470,77,10,15,235,1,10,14,236,1
470,78,10,14,236,-2,10,16,234,-2
470,79,10,14,236,-2,10,16,234,-2
470,80,10,18,232,-1,10,19,231,-1
470,81,10,18,232,-1,10,19,231,-1
470,82,10,17,233,-10,9,2,223,-10
470,83,10,17,233,-10,9,2,223,-10
470,84,10,14,236,-2,10,16,234,-2
470,85,10,13,237,-2,10,15,235,-2
470,86,10,13,237,-10,10,23,227,-10
470,87,10,14,236,-10,10,24,226,-10
470,88,10,16,234,3,10,13,237,3
470,89,10,16,234,3,10,13,237,3
470,90,10,15,235,-6,10,21,229,-6
470,91,10,15,235,-6,10,21,229,-6
470,92,10,17,233,0,10,17,233,0
470,93,10,17,233,0,10,17,233,0
470,94,10,15,235,7,10,8,242,7
470,95,10,15,235,7,10,8,242,7
471,0,10,10,240,0,10,10,240,0
471,1,10,10,240,0,10,10,240,0
471,2,10,11,239,-3,10,14,236,-3
471,3,10,11,239,-3,10,14,236,-3
471,4,10,10,240,-9,10,19,231,-9
471,5,10,10,240,-9,10,19,231,-9
471,6,10,9,241,4,10,5,245,4
471,7,10,8,242,4,10,4,246,4
471,8,10,12,238,-7,10,19,231,-7
471,9,10,12,238,-7,10,19,231,-7
471,10,10,11,239,-5,10,16,234,-5
471,11,10,11,239,-5,10,16,234,-5
471,12,10,11,239,-2,10,13,237,-2
471,13,10,11,239,-2,10,13,237,-2
471,14,10,10,240,-8,10,18,232,-8
471,15,10,10,240,-8,10,18,232,-8
471,16,10,12,238,-1,10,13,237,-1
471,17,10,12,238,-1,10,13,237,-1
471,18,10,9,241,9,10,0,250,9
471,19,10,9,241,9,10,0,250,9
471,20,10,13,237,-3,10,16,234,-3
471,21,10,13,237,-3,10,16,234,-3
471,22,10,12,238,2,10,10,240,2
471,23,10,12,238,2,10,10,240,2
471,24,10,13,237,-6,10,19,231,-6
471,25,10,13,237,-6,10,19,231,-6
471,26,10,16,234,-7,10,23,227,-7
471,27,10,16,234,-7,10,23,227,-7
471,28,10,13,237,2,10,11,239,2
471,29,10,13,237,2,10,11,239,2
471,30,10,12,238,8,10,4,246,8
471,31,10,12,238,8,10,4,246,8
471,32,10,12,238,1,10,11,239,1
471,33,10,12,238,1,10,11,239,1
471,34,10,11,239,-7,10,18,232,-7
471,35,10,11,239,-7,10,18,232,-7
471,36,10,12,238,-9,10,21,229,-9
471,37,10,12,238,-9,10,21,229,-9
471,38,10,12,238,-2,10,14,236,-2
471,39,10,12,238,-2,10,14,236,-2
471,40,10,12,238,-8,10,20,230,-8
471,41,10,12,238,-8,10,20,230,-8
471,42,10,11,239,-6,10,17,233,-6
471,43,10,11,239,-6,10,17,233,-6
471,44,10,16,234,-5,10,21,229,-5
471,45,10,16,234,-5,10,21,229,-5
471,46,10,13,237,-6,10,19,231,-6
471,47,10,13,237,-6,10,19,231,-6
471,48,10,12,238,7,10,5,245,7
471,49,10,12,238,7,10,5,245,7
471,50,10,11,239,4,10,7,243,4
471,51,10,11,239,4,10,7,243,4
471,52,10,13,237,-10,10,23,227,-10
471,53,10,13,237,-10,10,23,227,-10
471,54,10,13,237,2,10,11,239,2
471,55,10,13,237,2,10,11,239,2
471,56,10,12,238,2,10,10,240,2
471,57,10,12,238,2,10,10,240,2
471,58,10,12,238,2,10,10,240,2
471,59,10,12,238,2,10,10,240,2
471,60,10,14,236,10,10,4,246,10
471,61,10,14,236,10,10,4,246,10
471,62,10,10,240,9,10,1,249,9
471,63,10,10,240,9,10,1,249,9
471,64,10,11,239,9,10,2,248,9
471,65,10,11,239,9,10,2,248,9
471,66,10,12,238,-2,10,14,236,-2
471,67,10,12,238,-2,10,14,236,-2
471,68,10,13,237,-4,10,17,233,-4
471,69,10,13,237,-4,10,17,233,-4
471,70,10,11,239,8,10,3,247,8
471,71,10,11,239,8,10,3,247,8
471,72,10,10,240,-2,10,12,238,-2
471,73,10,10,240,-2,10,12,238,-2
471,74,10,11,239,9,10,2,248,9
471,75,10,11,239,9,10,2,248,9
471,76,2,17,33,0,2,17,33,0
471,77,2,17,33,0,2,17,33,0
471,78,10,10,240,-6,10,16,234,-6
471,79,10,10,240,-6,10,16,234,-6
471,80,10,14,236,-4,10,18,232,-4
471,81,10,14,236,-4,10,18,232,-4
471,82,10,14,236,-9,10,23,227,-9
471,83,10,14,236,-9,10,23,227,-9
471,84,10,13,237,-5,10,18,232,-5
471,85,10,13,237,-5,10,18,232,-5
471,86,10,12,238,-6,10,18,232,-6
471,87,10,12,238,-6,10,18,232,-6
471,88,10,14,236,6,10,8,242,6
471,89,10,14,236,6,10,8,242,6
471,90,10,11,239,4,10,7,243,4
471,91,10,11,239,4,10,7,243,4
471,92,10,14,236,8,10,6,244,8
471,93,10,14,236,8,10,6,244,8
471,94,10,13,237,2,10,11,239,2
471,95,10,13,237,2,10,11,239,2
472,0,11,12,263,-2,11,14,261,-2
472,1,11,12,263,-2,11,14,261,-2
472,2,11,12,263,-8,11,20,255,-8
472,3,11,12,263,-8,11,20,255,-8
472,4,11,12,263,-6,11,18,257,-6
472,5,11,12,263,-6,11,18,257,-6
472,6,11,11,264,8,11,3,272,8
472,7,11,11,264,8,11,3,272,8
472,8,11,14,261,-8,11,22,253,-8
472,9,11,14,261,-8,11,22,253,-8
472,10,11,14,261,1,11,13,262,1
472,11,11,14,261,1,11,13,262,1
472,12,11,11,264,-10,11,21,254,-10
472,13,11,11,264,-10,11,21,254,-10
472,14,11,13,262,-1,11,14,261,-1
472,15,11,13,262,-1,11,14,261,-1
472,16,11,13,262,-4,11,17,258,-4
472,17,11,13,262,-4,11,17,258,-4
472,18,11,12,263,-6,11,18,257,-6
472,19,11,12,263,-6,11,18,257,-6
472,20,11,15,260,-4,11,19,256,-4
472,21,11,15,260,-4,11,19,256,-4
472,22,11,15,260,3,11,12,263,3
472,23,11,15,260,3,11,12,263,3
472,24,11,12,263,-2,11,14,261,-2
472,25,11,12,263,-2,11,14,261,-2
472,26,11,12,263,7,11,5,270,7
472,27,11,12,263,7,11,5,270,7
472,28,11,13,262,3,11,10,265,3
472,29,11,13,262,3,11,10,265,3
472,30,11,11,264,0,11,11,264,0
472,31,11,11,264,0,11,11,264,0
472,32,11,16,259,-8,11,24,251,-8
472,33,11,16,259,-8,11,24,251,-8
472,34,11,16,259,-2,11,18,257,-2
472,35,11,16,259,-2,11,18,257,-2
472,36,11,16,259,-2,11,18,257,-2
472,37,11,16,259,-2,11,18,257,-2
472,38,11,14,261,-4,11,18,257,-4
472,39,11,14,261,-4,11,18,257,-4
472,40,11,14,261,-9,11,23,252,-9
472,41,11,14,261,-9,11,23,252,-9
472,42,11,12,263,-1,11,13,262,-1
472,43,11,12,263,-1,11,13,262,-1
472,44,11,14,261,8,11,6,269,8
472,45,11,14,261,8,11,6,269,8
472,46,11,15,260,-8,11,23,252,-8
472,47,11,15,260,-8,11,23,252,-8
472,48,11,14,261,-6,11,20,255,-6
472,49,11,14,261,-6,11,20,255,-6
472,50,11,15,260,5,11,10,265,5
472,51,11,15,260,5,11,10,265,5
472,52,11,15,260,9,11,6,269,9
472,53,11,15,260,9,11,6,269,9
472,54,11,17,258,5,11,12,263,5
472,55,11,17,258,5,11,12,263,5
472,56,11,14,261,-3,11,17,258,-3
472,57,11,13,262,-3,11,16,259,-3
472,58,11,14,261,-10,11,24,251,-10
472,59,11,14,261,-10,11,24,251,-10
472,60,11,15,260,3,11,12,263,3
472,61,11,15,260,3,11,12,263,3
472,62,11,15,260,7,11,8,267,7
472,63,11,15,260,7,11,8,267,7
472,64,11,17,258,-9,10,1,249,-9
472,65,11,17,258,-9,10,1,249,-9
472,66,11,14,261,-2,11,16,259,-2
472,67,11,14,261,-2,11,16,259,-2
472,68,11,14,261,-3,11,17,258,-3
472,69,11,14,261,-3,11,17,258,-3
472,70,11,15,260,-2,11,17,258,-2
472,71,11,15,260,-2,11,17,258,-2
472,72,11,14,261,-10,11,24,251,-10
472,73,11,14,261,-10,11,24,251,-10
472,74,11,15,260,-7,11,22,253,-7
472,75,11,15,260,-7,11,22,253,-7
472,76,11,13,262,7,11,6,269,7
472,77,11,13,262,7,11,6,269,7
472,78,11,13,262,7,11,6,269,7
472,79,11,13,262,7,11,6,269,7
472,80,11,13,262,-4,11,17,258,-4
472,81,11,13,262,-4,11,17,258,-4
472,82,11,17,258,2,11,15,260,2
472,83,11,17,258,2,11,15,260,2
472,84,11,14,261,-1,11,15,260,-1
472,85,11,14,261,-1,11,15,260,-1
472,86,11,15,260,1,11,14,261,1
472,87,11,15,260,1,11,14,261,1
472,88,11,15,260,9,11,6,269,9
472,89,11,15,260,9,11,6,269,9
472,90,11,13,262,-1,11,14,261,-1
472,91,11,13,262,-1,11,14,261,-1
472,92,11,14,261,-9,11,23,252,-9
472,93,11,14,261,-9,11,23,252,-9
472,94,11,14,261,2,11,12,263,2
472,95,11,14,261,2,11,12,263,2
473,0,11,11,264,3,11,8,267,3
473,1,11,11,264,3,11,8,267,3
473,2,11,12,263,10,11,2,273,10
473,3,11,12,263,10,11,2,273,10
473,4,11,11,264,-5,11,16,259,-5
473,5,11,11,264,-5,11,16,259,-5
473,6,11,9,266,4,11,5,270,4
473,7,11,9,266,4,11,5,270,4
473,8,11,12,263,10,11,2,273,10
473,9,11,12,263,10,11,2,273,10
473,10,11,12,263,0,11,12,263,0
473,11,11,12,263,0,11,12,263,0
473,12,11,12,263,-6,11,18,257,-6
473,13,11,12,263,-6,11,18,257,-6
473,14,11,10,265,-8,11,18,257,-8
473,15,11,10,265,-8,11,18,257,-8
473,16,11,11,264,-6,11,17,258,-6
473,17,11,11,264,-6,11,17,258,-6
473,18,11,9,266,1,11,8,267,1
473,19,11,9,266,1,11,8,267,1
473,20,11,12,263,7,11,5,270,7
473,21,11,12,263,7,11,5,270,7
473,22,11,13,262,-10,11,23,252,-10
473,23,11,13,262,-10,11,23,252,-10
473,24,11,13,262,6,11,7,268,6
473,25,11,13,262,6,11,7,268,6
473,26,11,15,260,8,11,7,268,8
473,27,11,15,260,8,11,7,268,8
473,28,11,13,262,-9,11,22,253,-9
473,29,11,13,262,-9,11,22,253,-9
473,30,11,13,262,-1,11,14,261,-1
473,31,11,13,262,-1,11,14,261,-1
473,32,11,16,259,3,11,13,262,3
473,33,11,16,259,3,11,13,262,3
473,34,11,14,261,-7,11,21,254,-7
473,35,11,14,261,-7,11,21,254,-7
473,36,11,15,260,-2,11,17,258,-2
473,37,11,15,260,-2,11,17,258,-2
473,38,11,11,264,9,11,2,273,9
473,39,11,12,263,9,11,3,272,9
473,40,11,13,262,-10,11,23,252,-10
473,41,11,13,262,-10,11,23,252,-10
473,42,11,14,261,-2,11,16,259,-2
473,43,11,14,261,-2,11,16,259,-2
473,44,11,16,259,4,11,12,263,4
473,45,11,16,259,4,11,12,263,4
473,46,11,16,259,-3,11,19,256,-3
473,47,11,16,259,-3,11,19,256,-3
473,48,11,11,264,9,11,2,273,9
473,49,11,11,264,9,11,2,273,9
473,50,11,12,263,9,11,3,272,9
473,51,11,12,263,9,11,3,272,9
473,52,11,12,263,4,11,8,267,4
473,53,11,12,263,4,11,8,267,4
473,54,11,12,263,10,11,2,273,10
473,55,11,12,263,10,11,2,273,10
473,56,11,15,260,-10,10,0,250,-10
473,57,11,15,260,-10,10,0,250,-10
473,58,11,15,260,3,11,12,263,3
473,59,11,15,260,3,11,12,263,3
473,60,11,13,262,4,11,9,266,4
473,61,11,13,262,4,11,9,266,4
473,62,11,12,263,2,11,10,265,2
473,63,11,12,263,2,11,10,265,2
473,64,11,11,264,-6,11,17,258,-6
473,65,11,11,264,-6,11,17,258,-6
473,66,11,10,265,6,11,4,271,6
473,67,11,10,265,6,11,4,271,6
473,68,11,14,261,-3,11,17,258,-3
473,69,11,14,261,-3,11,17,258,-3
473,70,11,16,259,3,11,13,262,3
473,71,11,16,259,3,11,13,262,3
473,72,11,13,262,5,11,8,267,5
473,73,11,13,262,5,11,8,267,5
473,74,11,12,263,9,11,3,272,9
473,75,11,12,263,9,11,3,272,9
473,76,11,14,261,-3,11,17,258,-3
473,77,11,15,260,-3,11,18,257,-3
473,78,11,12,263,10,11,2,273,10
473,79,11,12,263,10,11,2,273,10
473,80,11,16,259,-4,11,20,255,-4
473,81,11,16,259,-4,11,20,255,-4
473,82,11,13,262,-10,11,23,252,-10
473,83,11,13,262,-10,11,23,252,-10
473,84,11,15,260,10,11,5,270,10
473,85,11,15,260,10,11,5,270,10
473,86,11,13,262,1,11,12,263,1
473,87,11,13,262,1,11,12,263,1
473,88,11,14,261,3,11,11,264,3
473,89,11,14,261,3,11,11,264,3
473,90,11,12,263,-7,11,19,256,-7
473,91,11,12,263,-7,11,19,256,-7
473,92,11,15,260,9,11,6,269,9
473,93,11,15,260,9,11,6,269,9
473,94,11,14,261,-9,11,23,252,-9
473,95,11,14,261,-9,11,23,252,-9
474,0,12,10,290,4,12,6,294,4
474,1,12,10,290,4,12,6,294,4
474,2,12,13,287,6,12,7,293,6
474,3,12,13,287,6,12,7,293,6
474,4,12,11,289,-5,12,16,284,-5
474,5,12,11,289,-5,12,16,284,-5
474,6,12,10,290,0,12,10,290,0
474,7,12,10,290,0,12,10,290,0
474,8,12,12,288,6,12,6,294,6
474,9,12,12,288,6,12,6,294,6
474,10,12,11,289,-7,12,18,282,-7
474,11,12,11,289,-7,12,18,282,-7
474,12,12,11,289,10,12,1,299,10
474,13,12,11,289,10,12,1,299,10
474,14,12,11,289,3,12,8,292,3
474,15,12,11,289,3,12,8,292,3
474,16,12,10,290,10,12,0,300,10
474,17,12,10,290,10,12,0,300,10
474,18,12,10,290,4,12,6,294,4
474,19,12,10,290,4,12,6,294,4
474,20,12,14,286,0,12,14,286,0
474,21,12,14,286,0,12,14,286,0
474,22,12,13,287,2,12,11,289,2
474,23,12,13,287,2,12,11,289,2
474,24,12,11,289,5,12,6,294,5
474,25,12,11,289,5,12,6,294,5
474,26,12,12,288,5,12,7,293,5
474,27,12,12,288,5,12,7,293,5
474,28,12,13,287,-8,12,21,279,-8
474,29,12,13,287,-8,12,21,279,-8
474,30,12,14,286,0,12,14,286,0
474,31,12,14,286,0,12,14,286,0
474,32,12,15,285,8,12,7,293,8
474,33,12,15,285,8,12,7,293,8
474,34,12,14,286,4,12,10,290,4
474,35,12,14,286,4,12,10,290,4
474,36,12,13,287,-1,12,14,286,-1
474,37,12,13,287,-1,12,14,286,-1
474,38,12,11,289,-1,12,12,288,-1
474,39,12,11,289,-1,12,12,288,-1
474,40,12,13,287,7,12,6,294,7
474,41,12,13,287,7,12,6,294,7
474,42,12,10,290,-7,12,17,283,-7
474,43,12,10,290,-7,12,17,283,-7
474,44,12,16,284,10,12,6,294,10
474,45,12,16,284,10,12,6,294,10
474,46,12,13,287,4,12,9,291,4
474,47,12,13,287,4,12,9,291,4
474,48,12,13,287,4,12,9,291,4
474,49,12,13,287,4,12,9,291,4
474,50,12,13,287,10,12,3,297,10
474,51,12,13,287,10,12,3,297,10
474,52,12,15,285,6,12,9,291,6
474,53,12,15,285,6,12,9,291,6
474,54,12,14,286,5,12,9,291,5
474,55,12,14,286,5,12,9,291,5
474,56,12,16,284,-3,12,19,281,-3
474,57,12,16,284,-3,12,19,281,-3
474,58,12,15,285,-9,12,24,276,-9
474,59,12,15,285,-9,12,24,276,-9
474,60,12,17,283,-6,12,23,277,-6
474,61,12,17,283,-6,12,23,277,-6
474,62,12,13,287,3,12,10,290,3
474,63,12,13,287,3,12,10,290,3
474,64,12,13,287,10,12,3,297,10
474,65,12,13,287,10,12,3,297,10
474,66,12,13,287,-1,12,14,286,-1
474,67,12,13,287,-1,12,14,286,-1
474,68,12,15,285,-4,12,19,281,-4
474,69,12,15,285,-4,12,19,281,-4
474,70,12,14,286,1,12,13,287,1
474,71,12,14,286,1,12,13,287,1
474,72,12,11,289,-9,12,20,280,-9
474,73,12,11,289,-9,12,20,280,-9
474,74,12,14,286,-5,12,19,281,-5
474,75,12,14,286,-5,12,19,281,-5
474,76,12,12,288,4,12,8,292,4
474,77,12,12,288,4,12,8,292,4
474,78,12,10,290,-5,12,15,285,-5
474,79,12,10,290,-5,12,15,285,-5
474,80,12,15,285,1,12,14,286,1
474,81,12,15,285,1,12,14,286,1
474,82,12,17,283,6,12,11,289,6
474,83,12,17,283,6,12,11,289,6
474,84,12,12,288,-6,12,18,282,-6
474,85,12,12,288,-6,12,18,282,-6
474,86,12,13,287,-6,12,19,281,-6
474,87,12,12,288,-6,12,18,282,-6
474,88,12,11,289,1,12,10,290,1
474,89,12,11,289,1,12,10,290,1
474,90,12,13,287,1,12,12,288,1
474,91,12,13,287,1,12,12,288,1
474,92,12,16,284,10,12,6,294,10
474,93,12,16,284,10,12,6,294,10
474,94,12,15,285,-4,12,19,281,-4
474,95,12,15,285,-4,12,19,281,-4
475,0,11,12,263,-1,11,13,262,-1
475,1,11,12,263,-1,11,13,262,-1
475,2,11,13,262,-7,11,20,255,-7
475,3,11,13,262,-7,11,20,255,-7
475,4,11,11,264,9,11,2,273,9
475,5,11,11,264,9,11,2,273,9
475,6,11,9,266,-6,11,15,260,-6
475,7,11,9,266,-6,11,15,260,-6
475,8,11,16,259,-9,10,0,250,-9
475,9,11,16,259,-9,10,0,250,-9
475,10,11,13,262,-10,11,23,252,-10
475,11,11,13,262,-10,11,23,252,-10
475,12,11,13,262,4,11,9,266,4
475,13,11,13,262,4,11,9,266,4
475,14,11,12,263,1,11,11,264,1
475,15,11,12,263,1,11,11,264,1
475,16,11,14,261,-6,11,20,255,-6
475,17,11,14,261,-6,11,20,255,-6
475,18,11,14,261,0,11,14,261,0
475,19,11,14,261,0,11,14,261,0
475,20,11,15,260,10,11,5,270,10
475,21,11,15,260,10,11,5,270,10
475,22,11,13,262,-4,11,17,258,-4
475,23,11,13,262,-4,11,17,258,-4
475,24,11,13,262,5,11,8,267,5
475,25,11,13,262,5,11,8,267,5
475,26,11,14,261,-10,11,24,251,-10
475,27,11,14,261,-10,11,24,251,-10
475,28,11,14,261,-8,11,22,253,-8
475,29,11,14,261,-8,11,22,253,-8
475,30,11,13,262,2,11,11,264,2
475,31,11,13,262,2,11,11,264,2
475,32,11,16,259,-9,10,0,250,-9
475,33,11,16,259,-9,10,0,250,-9
475,34,11,16,259,3,11,13,262,3
475,35,11,16,259,3,11,13,262,3
475,36,11,15,260,-2,11,17,258,-2
475,37,11,15,260,-2,11,17,258,-2
475,38,11,14,261,-1,11,15,260,-1
475,39,11,14,261,-1,11,15,260,-1
475,40,11,15,260,0,11,15,260,0
475,41,11,15,260,0,11,15,260,0
475,42,11,12,263,8,11,4,271,8
475,43,11,12,263,8,11,4,271,8
475,44,11,16,259,3,11,13,262,3
475,45,11,16,259,3,11,13,262,3
475,46,11,15,260,6,11,9,266,6
475,47,11,15,260,6,11,9,266,6
475,48,11,13,262,-8,11,21,254,-8
475,49,11,13,262,-8,11,21,254,-8
475,50,11,14,261,-8,11,22,253,-8
475,51,11,14,261,-8,11,22,253,-8
475,52,11,14,261,9,11,5,270,9
475,53,12,23,277,0,12,23,277,0
475,54,11,11,264,1,11,10,265,1
475,55,11,11,264,1,11,10,265,1
475,56,11,14,261,-8,11,22,253,-8
475,57,11,14,261,-8,11,22,253,-8
475,58,11,15,260,-1,11,16,259,-1
475,59,11,15,260,-1,11,16,259,-1
475,60,11,15,260,-10,10,0,250,-10
475,61,11,15,260,-10,10,0,250,-10
475,62,11,13,262,-6,11,19,256,-6
475,63,11,13,262,-6,11,19,256,-6
475,64,11,15,260,-2,11,17,258,-2
475,65,11,15,260,-2,11,17,258,-2
475,66,11,11,264,-5,11,16,259,-5
475,67,11,11,264,-5,11,16,259,-5
475,68,11,16,259,-5,11,21,254,-5
475,69,11,16,259,-5,11,21,254,-5
475,70,11,16,259,9,11,7,268,9
475,71,11,16,259,9,11,7,268,9
475,72,11,14,261,5,11,9,266,5
475,73,11,14,261,5,11,9,266,5
475,74,11,13,262,-7,11,20,255,-7
475,75,11,14,261,-7,11,21,254,-7
475,76,11,15,260,0,11,15,260,0
475,77,11,15,260,0,11,15,260,0
475,78,11,13,262,-10,11,23,252,-10
475,79,11,13,262,-10,11,23,252,-10
475,80,11,17,258,8,11,9,266,8
475,81,11,17,258,8,11,9,266,8
475,82,11,18,257,-2,11,20,255,-2
475,83,11,18,257,-2,11,20,255,-2
475,84,11,13,262,-6,11,19,256,-6
475,85,11,13,262,-6,11,19,256,-6
475,86,11,13,262,-8,11,21,254,-8
475,87,11,13,262,-8,11,21,254,-8
475,88,11,13,262,1,11,12,263,1
475,89,11,13,262,1,11,12,263,1
475,90,11,13,262,-7,11,20,255,-7
475,91,11,13,262,-7,11,20,255,-7
475,92,11,16,259,-6,11,22,253,-6
475,93,11,16,259,-6,11,22,253,-6
475,94,11,18,257,-3,11,21,254,-3
475,95,11,17,258,-3,11,20,255,-3
476,0,11,11,264,6,11,5,270,6
476,1,11,11,264,6,11,5,270,6
476,2,11,12,263,0,11,12,263,0
476,3,11,12,263,0,11,12,263,0
476,4,11,13,262,9,11,4,271,9
476,5,11,13,262,9,11,4,271,9
476,6,11,11,264,-7,11,18,257,-7
476,7,11,11,264,-7,11,18,257,-7
476,8,11,15,260,-1,11,16,259,-1
476,9,11,15,260,-1,11,16,259,-1
476,10,11,16,259,-2,11,18,257,-2
476,11,11,16,259,-2,11,18,257,-2
476,12,11,14,261,3,11,11,264,3
476,13,11,14,261,3,11,11,264,3
476,14,11,12,263,-9,11,21,254,-9
476,15,11,12,263,-9,11,21,254,-9
476,16,11,12,263,6,11,6,269,6
476,17,11,12,263,6,11,6,269,6
476,18,11,13,262,-8,11,21,254,-8
476,19,11,13,262,-8,11,21,254,-8
476,20,11,13,262,9,11,4,271,9
476,21,11,13,262,9,11,4,271,9
476,22,11,16,259,-2,11,18,257,-2
476,23,11,16,259,-2,11,18,257,-2
476,24,11,15,260,-8,11,23,252,-8
476,25,11,15,260,-8,11,23,252,-8
476,26,11,14,261,-2,11,16,259,-2
476,27,11,14,261,-2,11,16,259,-2
476,28,11,13,262,5,11,8,267,5
476,29,11,13,262,5,11,8,267,5
476,30,11,14,261,0,11,14,261,0
476,31,11,14,261,0,11,14,261,0
476,32,11,14,261,4,11,10,265,4
476,33,11,14,261,4,11,10,265,4
476,34,11,16,259,0,11,16,259,0
476,35,11,16,259,0,11,16,259,0
476,36,11,11,264,-8,11,19,256,-8
476,37,11,11,264,-8,11,19,256,-8
476,38,11,14,261,4,11,10,265,4
476,39,11,14,261,4,11,10,265,4
476,40,11,15,260,-9,11,24,251,-9
476,41,11,15,260,-9,11,24,251,-9
476,42,11,13,262,-1,11,14,261,-1
476,43,11,13,262,-1,11,14,261,-1
476,44,11,17,258,5,11,12,263,5
476,45,11,17,258,5,11,12,263,5
476,46,11,16,259,-10,10,1,249,-10
476,47,11,16,259,-10,10,1,249,-10
476,48,11,13,262,9,11,4,271,9
476,49,11,13,262,9,11,4,271,9
476,50,11,15,260,-9,11,24,251,-9
476,51,11,15,260,-9,11,24,251,-9
476,52,11,16,259,-5,11,21,254,-5
476,53,11,16,259,-5,11,21,254,-5
476,54,11,17,258,-5,11,22,253,-5
476,55,11,17,258,-5,11,22,253,-5
476,56,11,17,258,-9,10,1,249,-9
476,57,11,17,258,-9,10,1,249,-9
476,58,11,18,257,-2,11,20,255,-2
476,59,11,18,257,-2,11,20,255,-2
476,60,11,15,260,2,11,13,262,2
476,61,11,15,260,2,11,13,262,2
476,62,11,15,260,10,11,5,270,10
476,63,11,15,260,10,11,5,270,10
476,64,11,15,260,-4,11,19,256,-4
476,65,11,15,260,-4,11,19,256,-4
476,66,11,12,263,-1,11,13,262,-1
476,67,11,12,263,-1,11,13,262,-1
476,68,11,17,258,-4,11,21,254,-4
476,69,11,17,258,-4,11,21,254,-4
476,70,11,16,259,7,11,9,266,7
476,71,11,16,259,7,11,9,266,7
476,72,11,15,260,-9,11,24,251,-9
476,73,11,15,260,-9,11,24,251,-9
476,74,11,14,261,6,11,8,267,6
476,75,11,14,261,6,11,8,267,6
476,76,11,14,261,-8,11,22,253,-8
476,77,11,14,261,-8,11,22,253,-8
476,78,11,13,262,8,11,5,270,8
476,79,11,13,262,8,11,5,270,8
476,80,11,17,258,4,11,13,262,4
476,81,11,17,258,4,11,13,262,4
476,82,11,15,260,8,11,7,268,8
476,83,11,15,260,8,11,7,268,8
476,84,11,15,260,-4,11,19,256,-4
476,85,11,15,260,-4,11,19,256,-4
476,86,11,13,262,-5,11,18,257,-5
476,87,11,13,262,-5,11,18,257,-5
476,88,11,15,260,3,11,12,263,3
476,89,11,15,260,3,11,12,263,3
476,90,11,14,261,9,11,5,270,9
476,91,11,14,261,9,11,5,270,9
476,92,11,16,259,-1,11,17,258,-1
476,93,11,16,259,-1,11,17,258,-1
476,94,11,15,260,-1,11,16,259,-1
476,95,11,15,260,-1,11,16,259,-1
477,0,11,12,263,7,11,5,270,7
477,1,11,12,263,7,11,5,270,7
477,2,11,15,260,-8,11,23,252,-8
477,3,11,15,260,-8,11,23,252,-8
477,4,11,17,258,4,11,13,262,4
477,5,11,17,258,4,11,13,262,4
477,6,11,17,258,-8,10,0,250,-8
477,7,11,17,258,-8,10,0,250,-8
477,8,11,16,259,-7,11,23,252,-7
477,9,11,15,260,-7,11,22,253,-7
477,10,11,18,257,-3,11,21,254,-3
477,11,11,18,257,-3,11,21,254,-3
477,12,4,11,89,0,4,11,89,0
477,13,4,11,89,0,4,11,89,0
477,14,4,11,89,0,4,11,89,0
477,15,4,11,89,0,4,11,89,0
477,16,4,11,89,0,4,11,89,0
477,17,4,11,89,0,4,11,89,0
477,18,4,11,89,0,4,11,89,0
477,19,4,11,89,0,4,11,89,0
477,20,4,11,89,0,4,11,89,0
477,21,4,11,89,0,4,11,89,0
477,22,4,11,89,0,4,11,89,0
477,23,4,11,89,0,4,11,89,0
477,24,4,11,89,0,4,11,89,0
477,25,4,11,89,0,4,11,89,0
477,26,4,11,89,0,4,11,89,0
477,27,4,11,89,0,4,11,89,0
477,28,4,11,89,0,4,11,89,0
477,29,4,11,89,0,4,11,89,0
477,30,4,11,89,0,4,11,89,0
477,31,4,11,89,0,4,11,89,0
477,32,4,11,89,0,4,11,89,0
477,33,4,11,89,0,4,11,89,0
477,34,4,11,89,0,4,11,89,0
477,35,4,11,89,0,4,11,89,0
477,36,11,17,258,-8,10,0,250,-8
477,37,11,17,258,-8,10,0,250,-8
477,38,11,15,260,-2,11,17,258,-2
477,39,11,16,259,-2,11,18,257,-2
477,40,11,15,260,-4,11,19,256,-4
477,41,11,16,259,-4,11,20,255,-4
477,42,11,15,260,-1,11,16,259,-1
477,43,11,15,260,-1,11,16,259,-1
477,44,11,19,256,7,11,12,263,7
477,45,11,19,256,7,11,12,263,7
477,46,11,19,256,8,11,11,264,8
477,47,11,19,256,8,11,11,264,8
477,48,11,16,259,9,11,7,268,9
477,49,11,16,259,9,11,7,268,9
477,50,11,17,258,-10,10,2,248,-10
477,51,11,17,258,-10,10,2,248,-10
477,52,11,20,255,-3,11,23,252,-3
477,53,11,20,255,-3,11,23,252,-3
477,54,11,17,258,4,11,13,262,4
477,55,11,17,258,4,11,13,262,4
477,56,11,18,257,-6,11,24,251,-6
477,57,11,18,257,-6,11,24,251,-6
477,58,11,20,255,-5,10,0,250,-5
477,59,11,20,255,-5,10,0,250,-5
477,60,11,14,261,9,11,5,270,9
477,61,11,14,261,9,11,5,270,9
477,62,11,15,260,-5,11,20,255,-5
477,63,11,15,260,-5,11,20,255,-5
477,64,11,17,258,2,11,15,260,2
477,65,11,17,258,2,11,15,260,2
477,66,11,16,259,-2,11,18,257,-2
477,67,11,16,259,-2,11,18,257,-2
477,68,11,21,254,-2,11,23,252,-2
477,69,11,21,254,-2,11,23,252,-2
477,70,11,18,257,-5,11,23,252,-5
477,71,11,18,257,-5,11,23,252,-5
477,72,11,17,258,-9,10,1,249,-9
477,73,11,17,258,-9,10,1,249,-9
477,74,11,17,258,7,11,10,265,7
477,75,11,17,258,7,11,10,265,7
477,76,11,20,255,-2,11,22,253,-2
477,77,11,20,255,-2,11,22,253,-2
477,78,11,18,257,-9,10,2,248,-9
477,79,11,18,257,-9,10,2,248,-9
477,80,11,17,258,-8,10,0,250,-8
477,81,11,17,258,-8,10,0,250,-8
477,82,11,21,254,6,11,15,260,6
477,83,11,21,254,6,11,15,260,6
477,84,11,19,256,-6,10,0,250,-6
477,85,11,19,256,-6,10,0,250,-6
477,86,11,17,258,-8,10,0,250,-8
477,87,11,17,258,-8,10,0,250,-8
477,88,11,19,256,7,11,12,263,7
477,89,11,19,256,7,11,12,263,7
477,90,11,19,256,7,11,12,263,7
477,91,11,19,256,7,11,12,263,7
477,92,11,21,254,3,11,18,257,3
477,93,11,21,254,3,11,18,257,3
477,94,11,20,255,8,11,12,263,8
477,95,11,20,255,8,11,12,263,8
478,0,10,11,239,-4,10,15,235,-4
478,1,10,11,239,-4,10,15,235,-4
478,2,10,12,238,7,10,5,245,7
478,3,10,12,238,7,10,5,245,7
478,4,10,11,239,2,10,9,241,2
478,5,10,11,239,2,10,9,241,2
478,6,10,12,238,1,10,11,239,1
478,7,10,12,238,1,10,11,239,1
478,8,10,16,234,2,10,14,236,2
478,9,10,16,234,2,10,14,236,2
478,10,10,15,235,4,10,11,239,4
478,11,10,15,235,4,10,11,239,4
478,12,10,10,240,-7,10,17,233,-7
478,13,10,10,240,-7,10,17,233,-7
478,14,10,10,240,-4,10,14,236,-4
478,15,10,10,240,-4,10,14,236,-4
478,16,10,13,237,6,10,7,243,6
478,17,10,13,237,6,10,7,243,6
478,18,10,11,239,-9,10,20,230,-9
478,19,10,11,239,-9,10,20,230,-9
478,20,10,17,233,-9,9,1,224,-9
478,21,10,17,233,-9,9,1,224,-9
478,22,10,13,237,0,10,13,237,0
478,23,10,13,237,0,10,13,237,0
478,24,10,13,237,-7,10,20,230,-7
478,25,10,13,237,-7,10,20,230,-7
478,26,10,16,234,-1,10,17,233,-1
478,27,10,16,234,-1,10,17,233,-1
478,28,10,15,235,-8,10,23,227,-8
478,29,10,15,235,-8,10,23,227,-8
478,30,10,13,237,0,10,13,237,0
478,31,10,13,237,0,10,13,237,0
478,32,10,14,236,3,10,11,239,3
478,33,10,14,236,3,10,11,239,3
478,34,10,17,233,-9,9,1,224,-9
478,35,10,17,233,-9,9,1,224,-9
478,36,10,15,235,-5,10,20,230,-5
478,37,10,15,235,-5,10,20,230,-5
478,38,10,13,237,-5,10,18,232,-5
478,39,10,13,237,-5,10,18,232,-5
478,40,10,15,235,0,10,15,235,0
478,41,10,15,235,0,10,15,235,0
478,42,10,13,237,-10,10,23,227,-10
478,43,10,13,237,-10,10,23,227,-10
478,44,10,18,232,6,10,12,238,6
478,45,10,18,232,6,10,12,238,6
478,46,10,17,233,-6,10,23,227,-6
478,47,10,17,233,-6,10,23,227,-6
478,48,10,14,236,10,10,4,246,10
478,49,10,14,236,10,10,4,246,10
478,50,10,14,236,6,10,8,242,6
478,51,10,14,236,6,10,8,242,6
478,52,10,14,236,-5,10,19,231,-5
478,53,10,14,236,-5,10,19,231,-5
478,54,10,14,236,-1,10,15,235,-1
478,55,10,14,236,-1,10,15,235,-1
478,56,10,16,234,7,10,9,241,7
478,57,10,16,234,7,10,9,241,7
478,58,10,18,232,0,10,18,232,0
478,59,10,18,232,0,10,18,232,0
478,60,10,13,237,5,10,8,242,5
478,61,10,13,237,5,10,8,242,5
478,62,10,12,238,-1,10,13,237,-1
478,63,10,12,238,-1,10,13,237,-1
478,64,10,17,233,0,10,17,233,0
478,65,10,17,233,0,10,17,233,0
478,66,10,13,237,8,10,5,245,8
478,67,10,13,237,8,10,5,245,8
478,68,10,17,233,1,10,16,234,1
478,69,10,17,233,1,10,16,234,1
478,70,10,17,233,-2,10,19,231,-2
478,71,10,17,233,-2,10,19,231,-2
478,72,10,14,236,-10,10,24,226,-10
478,73,10,14,236,-10,10,24,226,-10
478,74,10,14,236,0,10,14,236,0
478,75,10,14,236,0,10,14,236,0
478,76,10,15,235,-4,10,19,231,-4
478,77,10,15,235,-4,10,19,231,-4
478,78,10,15,235,4,10,11,239,4
478,79,10,15,235,4,10,11,239,4
478,80,10,17,233,-2,10,19,231,-2
478,81,10,17,233,-2,10,19,231,-2
478,82,10,18,232,5,10,13,237,5
478,83,10,18,232,5,10,13,237,5
478,84,10,15,235,-7,10,22,228,-7
478,85,10,15,235,-7,10,22,228,-7
478,86,10,12,238,2,10,10,240,2
478,87,10,12,238,2,10,10,240,2
478,88,10,16,234,7,10,9,241,7
478,89,10,16,234,7,10,9,241,7
478,90,10,12,238,4,10,8,242,4
478,91,10,12,238,4,10,8,242,4
478,92,10,17,233,7,10,10,240,7
478,93,10,17,233,7,10,10,240,7
478,94,11,24,251,0,11,24,251,0
478,95,11,24,251,0,11,24,251,0
479,0,10,14,236,5,10,9,241,5
479,1,10,14,236,5,10,9,241,5
479,2,10,11,239,-5,10,16,234,-5
479,3,10,10,240,-5,10,15,235,-5
479,4,10,14,236,-8,10,22,228,-8
479,5,10,14,236,-8,10,22,228,-8
479,6,10,12,238,1,10,11,239,1
479,7,10,12,238,1,10,11,239,1
479,8,10,14,236,-7,10,21,229,-7
479,9,10,14,236,-7,10,21,229,-7
479,10,10,15,235,-3,10,18,232,-3
479,11,10,15,235,-3,10,18,232,-3
479,12,10,10,240,10,10,0,250,10
479,13,10,10,240,10,10,0,250,10
479,14,10,12,238,2,10,10,240,2
479,15,10,12,238,2,10,10,240,2
479,16,10,12,238,-4,10,16,234,-4
479,17,10,12,238,-4,10,16,234,-4
479,18,10,11,239,1,10,10,240,1
479,19,10,11,239,1,10,10,240,1
479,20,10,15,235,-7,10,22,228,-7
479,21,10,15,235,-7,10,22,228,-7
479,22,10,16,234,9,10,7,243,9
479,23,10,16,234,9,10,7,243,9
479,24,10,12,238,4,10,8,242,4
479,25,10,12,238,4,10,8,242,4
479,26,10,13,237,9,10,4,246,9
479,27,10,13,237,9,10,4,246,9
479,28,10,11,239,9,10,2,248,9
479,29,10,11,239,9,10,2,248,9
479,30,10,13,237,-6,10,19,231,-6
479,31,10,13,237,-6,10,19,231,-6
479,32,10,15,235,-9,10,24,226,-9
479,33,10,15,235,-9,10,24,226,-9
479,34,10,16,234,-4,10,20,230,-4
479,35,10,16,234,-4,10,20,230,-4
479,36,10,14,236,2,10,12,238,2
479,37,10,14,236,2,10,12,238,2
479,38,10,14,236,4,10,10,240,4
479,39,10,14,236,4,10,10,240,4
479,40,10,15,235,-3,10,18,232,-3
479,41,10,15,235,-3,10,18,232,-3
479,42,10,13,237,-8,10,21,229,-8
479,43,10,13,237,-8,10,21,229,-8
479,44,10,13,237,-9,10,22,228,-9
479,45,10,13,237,-9,10,22,228,-9
479,46,10,17,233,5,10,12,238,5
479,47,10,17,233,5,10,12,238,5
479,48,10,13,237,-7,10,20,230,-7
479,49,10,13,237,-7,10,20,230,-7
479,50,10,13,237,-10,10,23,227,-10
479,51,10,13,237,-10,10,23,227,-10
479,52,10,17,233,0,10,17,233,0
479,53,10,17,233,0,10,17,233,0
479,54,10,13,237,-3,10,16,234,-3
479,55,10,13,237,-3,10,16,234,-3
479,56,10,16,234,-8,10,24,226,-8
479,57,10,16,234,-8,10,24,226,-8
479,58,10,15,235,-7,10,22,228,-7
479,59,10,15,235,-7,10,22,228,-7
479,60,10,12,238,-10,10,22,228,-10
479,61,10,12,238,-10,10,22,228,-10
479,62,10,14,236,-7,10,21,229,-7
479,63,10,14,236,-7,10,21,229,-7
479,64,10,14,236,-6,10,20,230,-6
479,65,10,14,236,-6,10,20,230,-6
479,66,10,15,235,-10,9,0,225,-10
479,67,10,15,235,-10,9,0,225,-10
479,68,10,15,235,-3,10,18,232,-3
479,69,10,15,235,-3,10,18,232,-3
479,70,10,18,232,1,10,17,233,1
479,71,10,18,232,1,10,17,233,1
479,72,10,15,235,4,10,11,239,4
479,73,10,15,235,4,10,11,239,4
479,74,10,14,236,-7,10,21,229,-7
479,75,10,14,236,-7,10,21,229,-7
479,76,10,16,234,-7,10,23,227,-7
479,77,10,16,234,-7,10,23,227,-7
479,78,10,15,235,6,10,9,241,6
479,79,10,15,235,6,10,9,241,6
479,80,10,15,235,-1,10,16,234,-1
479,81,10,15,235,-1,10,16,234,-1
479,82,10,16,234,6,10,10,240,6
479,83,10,16,234,6,10,10,240,6
479,84,10,13,237,6,10,7,243,6
479,85,10,13,237,6,10,7,243,6
479,86,10,16,234,-4,10,20,230,-4
479,87,10,16,234,-4,10,20,230,-4
479,88,10,14,236,-4,10,18,232,-4
479,89,10,14,236,-4,10,18,232,-4
479,90,10,13,237,5,10,8,242,5
479,91,10,13,237,5,10,8,242,5
479,92,10,14,236,3,10,11,239,3
479,93,10,14,236,3,10,11,239,3
479,94,10,15,235,-9,10,24,226,-9
479,95,10,15,235,-9,10,24,226,-9
480,0,10,13,237,3,10,10,240,3
480,1,10,13,237,3,10,10,240,3
480,2,10,15,235,-2,10,17,233,-2
480,3,10,15,235,-2,10,17,233,-2
480,4,10,15,235,-7,10,22,228,-7
480,5,10,15,235,-7,10,22,228,-7
480,6,10,14,236,0,10,14,236,0
480,7,10,13,237,0,10,13,237,0
480,8,10,17,233,8,10,9,241,8
480,9,10,17,233,8,10,9,241,8
480,10,10,17,233,8,10,9,241,8
480,11,10,17,233,8,10,9,241,8
480,12,10,15,235,-9,10,24,226,-9
480,13,10,15,235,-9,10,24,226,-9
480,14,10,14,236,-5,10,19,231,-5
480,15,10,14,236,-5,10,19,231,-5
480,16,10,16,234,1,10,15,235,1
480,17,10,16,234,1,10,15,235,1
480,18,10,15,235,-10,9,0,225,-10
480,19,10,15,235,-10,9,0,225,-10
480,20,10,17,233,-1,10,18,232,-1
480,21,10,17,233,-1,10,18,232,-1
480,22,10,16,234,0,10,16,234,0
480,23,10,16,234,0,10,16,234,0
480,24,10,17,233,5,10,12,238,5
480,25,10,17,233,5,10,12,238,5
480,26,10,18,232,-7,9,0,225,-7
480,27,10,18,232,-7,9,0,225,-7
480,28,10,17,233,7,10,10,240,7
480,29,10,17,233,7,10,10,240,7
480,30,10,17,233,6,10,11,239,6
480,31,10,17,233,6,10,11,239,6
480,32,10,16,234,-8,10,24,226,-8
480,33,10,16,234,-8,10,24,226,-8
480,34,10,18,232,-8,9,1,224,-8
480,35,10,18,232,-8,9,1,224,-8
480,36,10,17,233,-1,10,18,232,-1
480,37,10,17,233,-1,10,18,232,-1
480,38,10,17,233,-6,10,23,227,-6
480,39,10,17,233,-6,10,23,227,-6
480,40,10,17,233,-7,10,24,226,-7
480,41,10,17,233,-7,10,24,226,-7
480,42,10,15,235,9,10,6,244,9
480,43,10,15,235,9,10,6,244,9
480,44,10,19,231,3,10,16,234,3
480,45,10,20,230,3,10,17,233,3
480,46,10,17,233,10,10,7,243,10
480,47,10,17,233,10,10,7,243,10
480,48,10,13,237,1,10,12,238,1
480,49,10,13,237,1,10,12,238,1
480,50,10,15,235,-6,10,21,229,-6
480,51,10,15,235,-6,10,21,229,-6
480,52,10,17,233,-8,9,0,225,-8
480,53,10,17,233,-8,9,0,225,-8
480,54,10,15,235,4,10,11,239,4
480,55,10,15,235,4,10,11,239,4
480,56,10,15,235,-2,10,17,233,-2
480,57,10,15,235,-2,10,17,233,-2
480,58,10,16,234,3,10,13,237,3
480,59,10,16,234,3,10,13,237,3
480,60,10,11,239,-2,10,13,237,-2
480,61,10,11,239,-2,10,13,237,-2
480,62,10,16,234,-10,9,1,224,-10
480,63,10,16,234,-10,9,1,224,-10
480,64,10,16,234,-9,9,0,225,-9
480,65,10,16,234,-9,9,0,225,-9
480,66,10,15,235,9,10,6,244,9
480,67,10,15,235,9,10,6,244,9
480,68,10,16,234,-4,10,20,230,-4
480,69,10,16,234,-4,10,20,230,-4
480,70,10,18,232,-6,10,24,226,-6
480,71,10,18,232,-6,10,24,226,-6
480,72,10,13,237,-10,10,23,227,-10
480,73,10,13,237,-10,10,23,227,-10
480,74,10,17,233,-8,9,0,225,-8
480,75,10,17,233,-8,9,0,225,-8
480,76,10,17,233,-1,10,18,232,-1
480,77,10,17,233,-1,10,18,232,-1
480,78,10,13,237,-5,10,18,232,-5
480,79,10,13,237,-5,10,18,232,-5
480,80,10,17,233,7,10,10,240,7
480,81,10,17,233,7,10,10,240,7
480,82,10,18,232,3,10,15,235,3
480,83,10,18,232,3,10,15,235,3
480,84,10,18,232,-9,9,2,223,-9
480,85,10,18,232,-9,9,2,223,-9
480,86,10,15,235,8,10,7,243,8
480,87,10,15,235,8,10,7,243,8
480,88,10,17,233,-7,10,24,226,-7
480,89,10,17,233,-7,10,24,226,-7
480,90,10,16,234,-5,10,21,229,-5
480,91,10,16,234,-5,10,21,229,-5
480,92,10,16,234,-5,10,21,229,-5
480,93,10,16,234,-5,10,21,229,-5
480,94,10,17,233,6,10,11,239,6
480,95,10,17,233,6,10,11,239,6
481,0,11,12,263,8,11,4,271,8
481,1,11,12,263,8,11,4,271,8
481,2,11,13,262,3,11,10,265,3
481,3,11,13,262,3,11,10,265,3
481,4,11,12,263,-8,11,20,255,-8
481,5,12,23,277,0,12,23,277,0
481,6,11,14,261,-3,11,17,258,-3
481,7,11,14,261,-3,11,17,258,-3
481,8,11,16,259,-9,10,0,250,-9
481,9,11,16,259,-9,10,0,250,-9
481,10,11,15,260,9,11,6,269,9
481,11,11,15,260,9,11,6,269,9
481,12,11,13,262,3,11,10,265,3
481,13,11,13,262,3,11,10,265,3
481,14,11,13,262,-10,11,23,252,-10
481,15,11,13,262,-10,11,23,252,-10
481,16,11,15,260,7,11,8,267,7
481,17,11,15,260,7,11,8,267,7
481,18,11,13,262,3,11,10,265,3
481,19,11,13,262,3,11,10,265,3
481,20,11,14,261,2,11,12,263,2
481,21,11,14,261,2,11,12,263,2
481,22,11,18,257,-10,10,3,247,-10
481,23,11,18,257,-10,10,3,247,-10
481,24,11,12,263,3,11,9,266,3
481,25,11,12,263,3,11,9,266,3
481,26,11,13,262,8,11,5,270,8
481,27,11,13,262,8,11,5,270,8
481,28,11,14,261,-4,11,18,257,-4
481,29,11,14,261,-4,11,18,257,-4
481,30,11,13,262,-2,11,15,260,-2
481,31,11,13,262,-2,11,15,260,-2
481,32,11,16,259,3,11,13,262,3
481,33,11,16,259,3,11,13,262,3
481,34,11,17,258,-4,11,21,254,-4
481,35,11,17,258,-4,11,21,254,-4
481,36,11,16,259,0,11,16,259,0
481,37,11,16,259,0,11,16,259,0
481,38,11,14,261,-5,11,19,256,-5
481,39,11,14,261,-5,11,19,256,-5
481,40,11,15,260,5,11,10,265,5
481,41,11,15,260,5,11,10,265,5
481,42,11,14,261,-5,11,19,256,-5
481,43,11,14,261,-5,11,19,256,-5
481,44,11,17,258,-6,11,23,252,-6
481,45,11,17,258,-6,11,23,252,-6
481,46,11,17,258,-7,11,24,251,-7
481,47,11,17,258,-7,11,24,251,-7
481,48,11,12,263,7,11,5,270,7
481,49,11,12,263,7,11,5,270,7
481,50,11,15,260,-6,11,21,254,-6
481,51,11,15,260,-6,11,21,254,-6
481,52,11,15,260,2,11,13,262,2
481,53,11,15,260,2,11,13,262,2
481,54,11,14,261,8,11,6,269,8
481,55,11,14,261,8,11,6,269,8
481,56,11,14,261,1,11,13,262,1
481,57,11,14,261,1,11,13,262,1
481,58,11,15,260,-6,11,21,254,-6
481,59,11,15,260,-6,11,21,254,-6
481,60,11,13,262,6,11,7,268,6
481,61,11,13,262,6,11,7,268,6
481,62,11,14,261,9,11,5,270,9
481,63,11,14,261,9,11,5,270,9
481,64,11,12,263,8,11,4,271,8
481,65,11,12,263,8,11,4,271,8
481,66,11,12,263,1,11,11,264,1
481,67,11,12,263,1,11,11,264,1
481,68,11,12,263,-5,11,17,258,-5
481,69,11,12,263,-5,11,17,258,-5
481,70,11,16,259,0,11,16,259,0
481,71,11,16,259,0,11,16,259,0
481,72,11,13,262,-2,11,15,260,-2
481,73,11,13,262,-2,11,15,260,-2
481,74,11,14,261,8,11,6,269,8
481,75,11,14,261,8,11,6,269,8
481,76,11,15,260,2,11,13,262,2
481,77,11,15,260,2,11,13,262,2
481,78,11,13,262,-2,11,15,260,-2
481,79,11,13,262,-2,11,15,260,-2
481,80,11,17,258,-10,10,2,248,-10
481,81,11,17,258,-10,10,2,248,-10
481,82,11,17,258,5,11,12,263,5
481,83,11,17,258,5,11,12,263,5
481,84,11,15,260,3,11,12,263,3
481,85,11,15,260,3,11,12,263,3
481,86,11,13,262,-10,11,23,252,-10
481,87,11,13,262,-10,11,23,252,-10
481,88,11,14,261,6,11,8,267,6
481,89,11,14,261,6,11,8,267,6
481,90,11,12,263,3,11,9,266,3
481,91,11,12,263,3,11,9,266,3
481,92,11,15,260,-8,11,23,252,-8
481,93,11,15,260,-8,11,23,252,-8
481,94,11,16,259,-4,11,20,255,-4
481,95,11,16,259,-4,11,20,255,-4
482,0,11,9,266,-2,11,11,264,-2
482,1,11,9,266,-2,11,11,264,-2
482,2,11,11,264,3,11,8,267,3
482,3,11,11,264,3,11,8,267,3
482,4,11,13,262,3,11,10,265,3
482,5,11,13,262,3,11,10,265,3
482,6,11,10,265,2,11,8,267,2
482,7,11,10,265,2,11,8,267,2
482,8,11,13,262,3,11,10,265,3
482,9,11,13,262,3,11,10,265,3
482,10,11,12,263,6,11,6,269,6
482,11,11,12,263,6,11,6,269,6
482,12,11,13,262,-5,11,18,257,-5
482,13,11,13,262,-5,11,18,257,-5
482,14,11,10,265,-4,11,14,261,-4
482,15,11,10,265,-4,11,14,261,-4
482,16,11,11,264,6,11,5,270,6
482,17,11,11,264,6,11,5,270,6
482,18,11,12,263,-9,11,21,254,-9
482,19,11,12,263,-9,11,21,254,-9
482,20,11,15,260,6,11,9,266,6
482,21,11,15,260,6,11,9,266,6
482,22,11,12,263,1,11,11,264,1
482,23,11,12,263,1,11,11,264,1
482,24,11,9,266,7,11,2,273,7
482,25,11,9,266,7,11,2,273,7
482,26,11,12,263,-4,11,16,259,-4
482,27,11,12,263,-4,11,16,259,-4
482,28,11,13,262,6,11,7,268,6
482,29,11,13,262,6,11,7,268,6
482,30,11,12,263,-2,11,14,261,-2
482,31,11,12,263,-2,11,14,261,-2
482,32,11,14,261,0,11,14,261,0
482,33,11,14,261,0,11,14,261,0
482,34,11,13,262,10,11,3,272,10
482,35,11,13,262,10,11,3,272,10
482,36,11,14,261,0,11,14,261,0
482,37,11,14,261,0,11,14,261,0
482,38,11,13,262,0,11,13,262,0
482,39,11,13,262,0,11,13,262,0
482,40,11,13,262,-8,11,21,254,-8
482,41,11,13,262,-8,11,21,254,-8
482,42,11,10,265,5,11,5,270,5
482,43,11,10,265,5,11,5,270,5
482,44,11,15,260,0,11,15,260,0
482,45,11,15,260,0,11,15,260,0
482,46,11,13,262,-5,11,18,257,-5
482,47,11,13,262,-5,11,18,257,-5
482,48,11,14,261,-8,11,22,253,-8
482,49,11,14,261,-8,11,22,253,-8
482,50,11,12,263,6,11,6,269,6
482,51,11,12,263,6,11,6,269,6
482,52,11,13,262,-3,11,16,259,-3
482,53,11,13,262,-3,11,16,259,-3
482,54,11,11,264,-3,11,14,261,-3
482,55,11,10,265,-3,11,13,262,-3
482,56,11,15,260,-3,11,18,257,-3
482,57,11,15,260,-3,11,18,257,-3
482,58,11,15,260,1,11,14,261,1
482,59,11,15,260,1,11,14,261,1
482,60,11,13,262,4,11,9,266,4
482,61,11,12,263,4,11,8,267,4
482,62,11,14,261,-10,11,24,251,-10
482,63,11,13,262,-10,11,23,252,-10
482,64,11,13,262,-9,11,22,253,-9
482,65,11,13,262,-9,11,22,253,-9
482,66,11,10,265,0,11,10,265,0
482,67,11,10,265,0,11,10,265,0
482,68,11,17,258,-10,10,2,248,-10
482,69,11,17,258,-10,10,2,248,-10
482,70,11,16,259,-9,10,0,250,-9
482,71,11,16,259,-9,10,0,250,-9
482,72,11,14,261,-8,11,22,253,-8
482,73,11,14,261,-8,11,22,253,-8
482,74,11,11,264,-1,11,12,263,-1
482,75,11,11,264,-1,11,12,263,-1
482,76,11,11,264,5,11,6,269,5
482,77,11,11,264,5,11,6,269,5
482,78,11,12,263,10,11,2,273,10
482,79,11,12,263,10,11,2,273,10
482,80,11,12,263,1,11,11,264,1
482,81,11,12,263,1,11,11,264,1
482,82,12,23,277,0,12,23,277,0
482,83,3,18,57,0,3,18,57,0
482,84,11,12,263,1,11,11,264,1
482,85,11,12,263,1,11,11,264,1
482,86,11,14,261,-7,11,21,254,-7
482,87,11,14,261,-7,11,21,254,-7
482,88,11,11,264,-6,11,17,258,-6
482,89,11,11,264,-6,11,17,258,-6
482,90,11,11,264,-1,11,12,263,-1
482,91,11,11,264,-1,11,12,263,-1
482,92,11,14,261,-9,11,23,252,-9
482,93,11,14,261,-9,11,23,252,-9
482,94,12,23,277,0,12,23,277,0
482,95,12,23,277,0,12,23,277,0
483,0,11,12,263,-6,11,18,257,-6
483,1,11,12,263,-6,11,18,257,-6
483,2,11,13,262,9,11,4,271,9
483,3,11,13,262,9,11,4,271,9
483,4,11,12,263,7,11,5,270,7
483,5,11,12,263,7,11,5,270,7
483,6,11,14,261,-5,11,19,256,-5
483,7,11,14,261,-5,11,19,256,-5
483,8,11,12,263,1,11,11,264,1
483,9,11,12,263,1,11,11,264,1
483,10,11,14,261,8,11,6,269,8
483,11,11,14,261,8,11,6,269,8
483,12,4,11,89,0,4,11,89,0
483,13,4,11,89,0,4,11,89,0
483,14,4,11,89,0,4,11,89,0
483,15,4,11,89,0,4,11,89,0
483,16,4,11,89,0,4,11,89,0
483,17,4,11,89,0,4,11,89,0
483,18,4,11,89,0,4,11,89,0
483,19,4,11,89,0,4,11,89,0
483,20,4,11,89,0,4,11,89,0
483,21,4,11,89,0,4,11,89,0
483,22,4,11,89,0,4,11,89,0
483,23,4,11,89,0,4,11,89,0
483,24,4,11,89,0,4,11,89,0
483,25,4,11,89,0,4,11,89,0
483,26,4,11,89,0,4,11,89,0
483,27,4,11,89,0,4,11,89,0
483,28,4,11,89,0,4,11,89,0
483,29,4,11,89,0,4,11,89,0
483,30,4,11,89,0,4,11,89,0
483,31,4,11,89,0,4,11,89,0
483,32,4,11,89,0,4,11,89,0
483,33,4,11,89,0,4,11,89,0
483,34,4,11,89,0,4,11,89,0
483,35,4,11,89,0,4,11,89,0
483,36,11,12,263,-6,11,18,257,-6
483,37,11,12,263,-6,11,18,257,-6
483,38,11,12,263,-8,11,20,255,-8
483,39,11,12,263,-8,11,20,255,-8
483,40,11,14,261,4,11,10,265,4
483,41,11,14,261,4,11,10,265,4
483,42,11,12,263,5,11,7,268,5
483,43,11,12,263,5,11,7,268,5
483,44,11,15,260,-5,11,20,255,-5
483,45,11,15,260,-5,11,20,255,-5
483,46,11,18,257,-9,10,2,248,-9
483,47,11,18,257,-9,10,2,248,-9
483,48,11,15,260,-6,11,21,254,-6
483,49,11,15,260,-6,11,21,254,-6
483,50,11,16,259,7,11,9,266,7
483,51,11,16,259,7,11,9,266,7
483,52,11,14,261,0,11,14,261,0
483,53,11,14,261,0,11,14,261,0
483,54,11,16,259,3,11,13,262,3
483,55,11,16,259,3,11,13,262,3
483,56,11,16,259,7,11,9,266,7
483,57,11,16,259,7,11,9,266,7
483,58,11,18,257,-8,10,1,249,-8
483,59,11,18,257,-8,10,1,249,-8
483,60,11,14,261,-6,11,20,255,-6
483,61,11,14,261,-6,11,20,255,-6
483,62,11,14,261,-4,11,18,257,-4
483,63,11,14,261,-4,11,18,257,-4
483,64,11,14,261,1,11,13,262,1
483,65,11,14,261,1,11,13,262,1
483,66,11,12,263,-2,11,14,261,-2
483,67,11,12,263,-2,11,14,261,-2
483,68,11,14,261,6,11,8,267,6
483,69,11,14,261,6,11,8,267,6
483,70,11,17,258,-3,11,20,255,-3
483,71,11,17,258,-3,11,20,255,-3
483,72,11,13,262,3,11,10,265,3
483,73,11,13,262,3,11,10,265,3
483,74,11,12,263,-6,11,18,257,-6
483,75,11,13,262,-6,11,19,256,-6
483,76,11,16,259,-7,11,23,252,-7
483,77,11,17,258,-7,11,24,251,-7
483,78,11,13,262,-5,11,18,257,-5
483,79,11,13,262,-5,11,18,257,-5
483,80,11,14,261,9,11,5,270,9
483,81,11,14,261,9,11,5,270,9
483,82,11,15,260,5,11,10,265,5
483,83,11,15,260,5,11,10,265,5
483,84,11,12,263,0,11,12,263,0
483,85,11,12,263,0,11,12,263,0
483,86,11,14,261,6,11,8,267,6
483,87,11,14,261,6,11,8,267,6
483,88,11,13,262,-6,11,19,256,-6
483,89,11,13,262,-6,11,19,256,-6
483,90,11,13,262,9,11,4,271,9
483,91,11,13,262,9,11,4,271,9
483,92,11,16,259,-6,11,22,253,-6
483,93,11,16,259,-6,11,22,253,-6
483,94,11,15,260,7,11,8,267,7
483,95,11,15,260,7,11,8,267,7
484,0,12,12,288,-5,12,17,283,-5
484,1,12,12,288,-5,12,17,283,-5
484,2,12,15,285,-10,11,0,275,-10
484,3,12,15,285,-10,11,0,275,-10
484,4,12,14,286,2,12,12,288,2
484,5,12,14,286,2,12,12,288,2
484,6,12,13,287,8,12,5,295,8
484,7,12,13,287,8,12,5,295,8
484,8,12,15,285,-8,12,23,277,-8
484,9,12,15,285,-8,12,23,277,-8
484,10,12,15,285,-1,12,16,284,-1
484,11,12,16,284,-1,12,17,283,-1
484,12,12,11,289,-2,12,13,287,-2
484,13,12,11,289,-2,12,13,287,-2
484,14,12,14,286,-4,12,18,282,-4
484,15,12,14,286,-4,12,18,282,-4
484,16,12,15,285,10,12,5,295,10
484,17,12,15,285,10,12,5,295,10
484,18,12,12,288,5,12,7,293,5
484,19,12,12,288,5,12,7,293,5
484,20,12,14,286,4,12,10,290,4
484,21,12,14,286,4,12,10,290,4
484,22,12,16,284,1,12,15,285,1
484,23,12,16,284,1,12,15,285,1
484,24,12,12,288,5,12,7,293,5
484,25,12,12,288,5,12,7,293,5
484,26,12,13,287,8,12,5,295,8
484,27,12,13,287,8,12,5,295,8
484,28,12,15,285,-10,11,0,275,-10
484,29,12,15,285,-10,11,0,275,-10
484,30,12,14,286,-6,12,20,280,-6
484,31,12,14,286,-6,12,20,280,-6
484,32,12,17,283,-8,11,0,275,-8
484,33,12,17,283,-8,11,0,275,-8
484,34,12,15,285,10,12,5,295,10
484,35,12,15,285,10,12,5,295,10
484,36,12,11,289,-8,12,19,281,-8
484,37,12,11,289,-8,12,19,281,-8
484,38,12,12,288,9,12,3,297,9
484,39,12,12,288,9,12,3,297,9
484,40,12,18,282,-4,12,22,278,-4
484,41,12,18,282,-4,12,22,278,-4
484,42,12,15,285,-1,12,16,284,-1
484,43,12,16,284,-1,12,17,283,-1
484,44,12,15,285,8,12,7,293,8
484,45,12,15,285,8,12,7,293,8
484,46,12,17,283,7,12,10,290,7
484,47,12,17,283,7,12,10,290,7
484,48,12,13,287,1,12,12,288,1
484,49,12,13,287,1,12,12,288,1
484,50,12,13,287,4,12,9,291,4
484,51,12,13,287,4,12,9,291,4
484,52,12,16,284,9,12,7,293,9
484,53,12,16,284,9,12,7,293,9
484,54,12,14,286,4,12,10,290,4
484,55,12,14,286,4,12,10,290,4
484,56,12,16,284,-1,12,17,283,-1
484,57,12,16,284,-1,12,17,283,-1
484,58,12,18,282,8,12,10,290,8
484,59,12,18,282,8,12,10,290,8
484,60,12,14,286,-4,12,18,282,-4
484,61,12,14,286,-4,12,18,282,-4
484,62,12,13,287,3,12,10,290,3
484,63,12,13,287,3,12,10,290,3
484,64,12,13,287,8,12,5,295,8
484,65,12,13,287,8,12,5,295,8
484,66,12,15,285,-6,12,21,279,-6
484,67,12,15,285,-6,12,21,279,-6
484,68,12,16,284,-10,11,1,274,-10
484,69,12,16,284,-10,11,1,274,-10
484,70,12,19,281,-2,12,21,279,-2
484,71,12,19,281,-2,12,21,279,-2
484,72,12,15,285,7,12,8,292,7
484,73,12,15,285,7,12,8,292,7
484,74,12,16,284,3,12,13,287,3
484,75,12,16,284,3,12,13,287,3
484,76,12,15,285,4,12,11,289,4
484,77,12,15,285,4,12,11,289,4
484,78,12,12,288,7,12,5,295,7
484,79,12,12,288,7,12,5,295,7
484,80,12,15,285,2,12,13,287,2
484,81,12,15,285,2,12,13,287,2
484,82,12,18,282,-1,12,19,281,-1
484,83,12,18,282,-1,12,19,281,-1
484,84,12,14,286,7,12,7,293,7
484,85,12,14,286,7,12,7,293,7
484,86,12,13,287,7,12,6,294,7
484,87,12,13,287,7,12,6,294,7
484,88,12,14,286,0,12,14,286,0
484,89,12,14,286,0,12,14,286,0
484,90,12,14,286,-4,12,18,282,-4
484,91,12,14,286,-4,12,18,282,-4
484,92,12,17,283,10,12,7,293,10
484,93,12,17,283,10,12,7,293,10
484,94,12,19,281,-2,12,21,279,-2
484,95,12,19,281,-2,12,21,279,-2
485,0,12,13,287,-6,12,19,281,-6
485,1,12,13,287,-6,12,19,281,-6
485,2,12,14,286,4,12,10,290,4
485,3,12,15,285,4,12,11,289,4
485,4,12,15,285,0,12,15,285,0
485,5,12,15,285,0,12,15,285,0
485,6,12,13,287,9,12,4,296,9
485,7,12,12,288,9,12,3,297,9
485,8,12,16,284,8,12,8,292,8
485,9,12,16,284,8,12,8,292,8
485,10,12,18,282,-9,11,2,273,-9
485,11,12,18,282,-9,11,2,273,-9
485,12,12,12,288,5,12,7,293,5
485,13,12,12,288,5,12,7,293,5
485,14,12,13,287,8,12,5,295,8
485,15,12,13,287,8,12,5,295,8
485,16,12,14,286,10,12,4,296,10
485,17,12,14,286,10,12,4,296,10
485,18,12,11,289,-5,12,16,284,-5
485,19,12,11,289,-5,12,16,284,-5
485,20,12,14,286,0,12,14,286,0
485,21,12,14,286,0,12,14,286,0
485,22,12,16,284,2,12,14,286,2
485,23,12,16,284,2,12,14,286,2
485,24,12,16,284,-6,12,22,278,-6
485,25,12,16,284,-6,12,22,278,-6
485,26,12,13,287,4,12,9,291,4
485,27,12,13,287,4,12,9,291,4
485,28,12,16,284,-10,11,1,274,-10
485,29,12,16,284,-10,11,1,274,-10
485,30,12,14,286,-6,12,20,280,-6
485,31,12,14,286,-6,12,20,280,-6
485,32,12,16,284,4,12,12,288,4
485,33,12,16,284,4,12,12,288,4
485,34,12,17,283,10,12,7,293,10
485,35,12,16,284,10,12,6,294,10
485,36,12,13,287,-1,12,14,286,-1
485,37,12,13,287,-1,12,14,286,-1
485,38,12,14,286,-7,12,21,279,-7
485,39,12,14,286,-7,12,21,279,-7
485,40,12,16,284,-7,12,23,277,-7
485,41,12,16,284,-7,12,23,277,-7
485,42,12,13,287,-7,12,20,280,-7
485,43,12,13,287,-7,12,20,280,-7
485,44,12,16,284,-6,12,22,278,-6
485,45,12,16,284,-6,12,22,278,-6
485,46,12,17,283,-10,11,2,273,-10
485,47,12,17,283,-10,11,2,273,-10
485,48,12,14,286,1,12,13,287,1
485,49,12,14,286,1,12,13,287,1
485,50,12,15,285,-9,12,24,276,-9
485,51,12,15,285,-9,12,24,276,-9
485,52,12,15,285,-7,12,22,278,-7
485,53,12,15,285,-7,12,22,278,-7
485,54,12,14,286,2,12,12,288,2
485,55,12,14,286,2,12,12,288,2
485,56,12,15,285,-7,12,22,278,-7
485,57,12,15,285,-7,12,22,278,-7
485,58,12,18,282,5,12,13,287,5
485,59,12,18,282,5,12,13,287,5
485,60,12,15,285,-9,12,24,276,-9
485,61,12,14,286,-9,12,23,277,-9
485,62,12,13,287,-1,12,14,286,-1
485,63,12,12,288,-1,12,13,287,-1
485,64,12,15,285,-6,12,21,279,-6
485,65,12,15,285,-6,12,21,279,-6
485,66,12,15,285,-8,12,23,277,-8
485,67,12,15,285,-8,12,23,277,-8
485,68,12,17,283,5,12,12,288,5
485,69,12,17,283,5,12,12,288,5
485,70,12,18,282,5,12,13,287,5
485,71,12,18,282,5,12,13,287,5
485,72,12,14,286,-9,12,23,277,-9
485,73,12,14,286,-9,12,23,277,-9
485,74,12,14,286,6,12,8,292,6
485,75,12,14,286,6,12,8,292,6
485,76,12,16,284,7,12,9,291,7
485,77,12,16,284,7,12,9,291,7
485,78,12,13,287,-9,12,22,278,-9
485,79,12,13,287,-9,12,22,278,-9
485,80,12,16,284,7,12,9,291,7
485,81,12,16,284,7,12,9,291,7
485,82,12,17,283,8,12,9,291,8
485,83,12,17,283,8,12,9,291,8
485,84,12,17,283,-5,12,22,278,-5
485,85,12,17,283,-5,12,22,278,-5
485,86,12,13,287,-6,12,19,281,-6
485,87,12,13,287,-6,12,19,281,-6
485,88,12,15,285,9,12,6,294,9
485,89,12,15,285,9,12,6,294,9
485,90,12,15,285,-5,12,20,280,-5
485,91,12,15,285,-5,12,20,280,-5
485,92,12,16,284,1,12,15,285,1
485,93,12,16,284,1,12,15,285,1
485,94,12,18,282,-5,12,23,277,-5
485,95,12,18,282,-5,12,23,277,-5
486,0,12,14,286,7,12,7,293,7
486,1,12,14,286,7,12,7,293,7
486,2,12,13,287,-10,12,23,277,-10
486,3,12,13,287,-10,12,23,277,-10
486,4,12,14,286,-6,12,20,280,-6
486,5,12,14,286,-6,12,20,280,-6
486,6,12,13,287,3,12,10,290,3
486,7,12,13,287,3,12,10,290,3
486,8,12,14,286,-6,12,20,280,-6
486,9,12,14,286,-6,12,20,280,-6
486,10,12,16,284,-2,12,18,282,-2
486,11,12,16,284,-2,12,18,282,-2
486,12,12,15,285,-6,12,21,279,-6
486,13,12,15,285,-6,12,21,279,-6
486,14,12,15,285,1,12,14,286,1
486,15,12,15,285,1,12,14,286,1
486,16,12,18,282,-4,12,22,278,-4
486,17,12,18,282,-4,12,22,278,-4
486,18,12,14,286,6,12,8,292,6
486,19,12,14,286,6,12,8,292,6
486,20,12,17,283,2,12,15,285,2
486,21,12,16,284,2,12,14,286,2
486,22,12,16,284,5,12,11,289,5
486,23,12,16,284,5,12,11,289,5
486,24,12,15,285,0,12,15,285,0
486,25,12,15,285,0,12,15,285,0
486,26,12,14,286,0,12,14,286,0
486,27,12,14,286,0,12,14,286,0
486,28,12,16,284,0,12,16,284,0
486,29,12,16,284,0,12,16,284,0
486,30,12,17,283,-8,11,0,275,-8
486,31,12,17,283,-8,11,0,275,-8
486,32,12,19,281,4,12,15,285,4
486,33,12,19,281,4,12,15,285,4
486,34,12,19,281,-2,12,21,279,-2
486,35,12,19,281,-2,12,21,279,-2
486,36,12,15,285,0,12,15,285,0
486,37,12,15,285,0,12,15,285,0
486,38,12,16,284,-6,12,22,278,-6
486,39,12,16,284,-6,12,22,278,-6
486,40,12,17,283,2,12,15,285,2
486,41,12,17,283,2,12,15,285,2
486,42,12,14,286,-8,12,22,278,-8
486,43,12,14,286,-8,12,22,278,-8
486,44,12,19,281,-4,12,23,277,-4
486,45,12,19,281,-4,12,23,277,-4
486,46,12,19,281,-6,11,0,275,-6
486,47,12,19,281,-6,11,0,275,-6
486,48,12,12,288,9,12,3,297,9
486,49,12,12,288,9,12,3,297,9
486,50,12,15,285,3,12,12,288,3
486,51,12,15,285,3,12,12,288,3
486,52,12,14,286,-10,12,24,276,-10
486,53,12,14,286,-10,12,24,276,-10
486,54,12,14,286,-4,12,18,282,-4
486,55,12,14,286,-4,12,18,282,-4
486,56,12,13,287,-8,12,21,279,-8
486,57,12,13,287,-8,12,21,279,-8
486,58,12,16,284,-1,12,17,283,-1
486,59,12,16,284,-1,12,17,283,-1
486,60,12,15,285,-5,12,20,280,-5
486,61,12,15,285,-5,12,20,280,-5
486,62,12,14,286,-10,12,24,276,-10
486,63,12,14,286,-10,12,24,276,-10
486,64,12,16,284,-6,12,22,278,-6
486,65,12,16,284,-6,12,22,278,-6
486,66,12,11,289,-7,12,18,282,-7
486,67,12,11,289,-7,12,18,282,-7
486,68,12,15,285,7,12,8,292,7
486,69,12,15,285,7,12,8,292,7
486,70,12,15,285,-4,12,19,281,-4
486,71,12,15,285,-4,12,19,281,-4
486,72,12,13,287,-5,12,18,282,-5
486,73,12,13,287,-5,12,18,282,-5
486,74,12,13,287,-7,12,20,280,-7
486,75,12,13,287,-7,12,20,280,-7
486,76,12,14,286,-9,12,23,277,-9
486,77,12,14,286,-9,12,23,277,-9
486,78,12,14,286,-10,12,24,276,-10
486,79,12,14,286,-10,12,24,276,-10
486,80,12,16,284,-3,12,19,281,-3
486,81,12,16,284,-3,12,19,281,-3
486,82,12,18,282,9,12,9,291,9
486,83,12,18,282,9,12,9,291,9
486,84,12,13,287,8,12,5,295,8
486,85,12,13,287,8,12,5,295,8
486,86,12,12,288,3,12,9,291,3
486,87,12,12,288,3,12,9,291,3
486,88,12,14,286,4,12,10,290,4
486,89,12,14,286,4,12,10,290,4
486,90,12,14,286,9,12,5,295,9
486,91,12,14,286,9,12,5,295,9
486,92,12,16,284,-5,12,21,279,-5
486,93,12,16,284,-5,12,21,279,-5
486,94,12,17,283,9,12,8,292,9
486,95,12,17,283,9,12,8,292,9
487,0,12,15,285,5,12,10,290,5
487,1,12,15,285,5,12,10,290,5
487,2,12,16,284,-8,12,24,276,-8
487,3,12,16,284,-8,12,24,276,-8
487,4,12,16,284,9,12,7,293,9
487,5,12,16,284,9,12,7,293,9
487,6,12,16,284,-7,12,23,277,-7
487,7,12,16,284,-7,12,23,277,-7
487,8,12,17,283,4,12,13,287,4
487,9,12,17,283,4,12,13,287,4
487,10,12,18,282,-10,11,3,272,-10
487,11,12,18,282,-10,11,3,272,-10
487,12,12,15,285,4,12,11,289,4
487,13,12,15,285,4,12,11,289,4
487,14,12,17,283,6,12,11,289,6
487,15,12,17,283,6,12,11,289,6
487,16,12,18,282,6,12,12,288,6
487,17,12,18,282,6,12,12,288,6
487,18,12,14,286,7,12,7,293,7
487,19,12,14,286,7,12,7,293,7
487,20,12,15,285,-2,12,17,283,-2
487,21,12,15,285,-2,12,17,283,-2
487,22,12,17,283,8,12,9,291,8
487,23,12,17,283,8,12,9,291,8
487,24,12,14,286,4,12,10,290,4
487,25,12,14,286,4,12,10,290,4
487,26,12,16,284,3,12,13,287,3
487,27,12,16,284,3,12,13,287,3
487,28,12,16,284,-1,12,17,283,-1
487,29,12,16,284,-1,12,17,283,-1
487,30,12,14,286,2,12,12,288,2
487,31,12,14,286,2,12,12,288,2
487,32,12,16,284,6,12,10,290,6
487,33,12,16,284,6,12,10,290,6
487,34,12,19,281,10,12,9,291,10
487,35,12,19,281,10,12,9,291,10
487,36,12,16,284,0,12,16,284,0
487,37,12,16,284,0,12,16,284,0
487,38,12,16,284,-6,12,22,278,-6
487,39,12,16,284,-6,12,22,278,-6
487,40,12,17,283,6,12,11,289,6
487,41,12,17,283,6,12,11,289,6
487,42,12,15,285,2,12,13,287,2
487,43,12,15,285,2,12,13,287,2
487,44,12,19,281,-8,11,2,273,-8
487,45,12,19,281,-8,11,2,273,-8
487,46,12,18,282,9,12,9,291,9
487,47,12,18,282,9,12,9,291,9
487,48,12,18,282,-3,12,21,279,-3
487,49,12,18,282,-3,12,21,279,-3
487,50,12,17,283,9,12,8,292,9
487,51,12,18,282,9,12,9,291,9
487,52,12,18,282,8,12,10,290,8
487,53,12,18,282,8,12,10,290,8
487,54,12,18,282,-10,11,3,272,-10
487,55,12,18,282,-10,11,3,272,-10
487,56,12,19,281,-9,11,3,272,-9
487,57,12,19,281,-9,11,3,272,-9
487,58,12,21,279,-5,11,1,274,-5
487,59,12,21,279,-5,11,1,274,-5
487,60,12,15,285,6,12,9,291,6
487,61,12,15,285,6,12,9,291,6
487,62,12,15,285,-9,12,24,276,-9
487,63,12,15,285,-9,12,24,276,-9
487,64,12,18,282,7,12,11,289,7
487,65,12,18,282,7,12,11,289,7
487,66,12,16,284,-2,12,18,282,-2
487,67,12,16,284,-2,12,18,282,-2
487,68,12,18,282,6,12,12,288,6
487,69,12,18,282,6,12,12,288,6
487,70,12,19,281,6,12,13,287,6
487,71,12,19,281,6,12,13,287,6
487,72,12,15,285,4,12,11,289,4
487,73,12,15,285,4,12,11,289,4
487,74,12,16,284,5,12,11,289,5
487,75,12,16,284,5,12,11,289,5
487,76,12,15,285,1,12,14,286,1
487,77,12,15,285,1,12,14,286,1
487,78,12,16,284,6,12,10,290,6
487,79,12,16,284,6,12,10,290,6
487,80,12,19,281,-9,11,3,272,-9
487,81,12,19,281,-9,11,3,272,-9
487,82,12,20,280,-8,11,3,272,-8
487,83,12,20,280,-8,11,3,272,-8
487,84,12,16,284,-7,12,23,277,-7
487,85,12,16,284,-7,12,23,277,-7
487,86,12,15,285,-2,12,17,283,-2
487,87,12,15,285,-2,12,17,283,-2
487,88,12,17,283,-10,11,2,273,-10
487,89,12,17,283,-10,11,2,273,-10
487,90,12,14,286,-2,12,16,284,-2
487,91,12,14,286,-2,12,16,284,-2
487,92,12,17,283,10,12,7,293,10
487,93,12,17,283,10,12,7,293,10
487,94,12,20,280,0,12,20,280,0
487,95,12,20,280,0,12,20,280,0
488,0,12,13,287,7,12,6,294,7
488,1,12,13,287,7,12,6,294,7
488,2,12,13,287,8,12,5,295,8
488,3,12,13,287,8,12,5,295,8
488,4,12,14,286,-10,12,24,276,-10
488,5,12,14,286,-10,12,24,276,-10
488,6,12,12,288,7,12,5,295,7
488,7,12,12,288,7,12,5,295,7
488,8,12,17,283,9,12,8,292,9
488,9,12,17,283,9,12,8,292,9
488,10,12,15,285,-6,12,21,279,-6
488,11,12,15,285,-6,12,21,279,-6
488,12,5,11,114,0,5,11,114,0
488,13,5,11,114,0,5,11,114,0
488,14,5,11,114,0,5,11,114,0
488,15,5,11,114,0,5,11,114,0
488,16,5,11,114,0,5,11,114,0
488,17,5,11,114,0,5,11,114,0
488,18,5,11,114,0,5,11,114,0
488,19,5,11,114,0,5,11,114,0
488,20,5,11,114,0,5,11,114,0
488,21,5,11,114,0,5,11,114,0
488,22,5,11,114,0,5,11,114,0
488,23,5,11,114,0,5,11,114,0
488,24,5,11,114,0,5,11,114,0
488,25,5,11,114,0,5,11,114,0
488,26,5,11,114,0,5,11,114,0
488,27,5,11,114,0,5,11,114,0
488,28,5,11,114,0,5,11,114,0
488,29,5,11,114,0,5,11,114,0
488,30,5,11,114,0,5,11,114,0
488,31,5,11,114,0,5,11,114,0
488,32,5,11,114,0,5,11,114,0
488,33,5,11,114,0,5,11,114,0
488,34,5,11,114,0,5,11,114,0
488,35,5,11,114,0,5,11,114,0
488,36,12,16,284,6,12,10,290,6
488,37,12,16,284,6,12,10,290,6
488,38,12,15,285,-4,12,19,281,-4
488,39,12,15,285,-4,12,19,281,-4
488,40,12,16,284,-4,12,20,280,-4
488,41,12,16,284,-4,12,20,280,-4
488,42,12,16,284,-9,11,0,275,-9
488,43,12,16,284,-9,11,0,275,-9
488,44,12,19,281,-8,11,2,273,-8
488,45,12,18,282,-8,11,1,274,-8
488,46,12,19,281,0,12,19,281,0
488,47,12,19,281,0,12,19,281,0
488,48,12,18,282,6,12,12,288,6
488,49,12,18,282,6,12,12,288,6
488,50,12,14,286,0,12,14,286,0
488,51,12,14,286,0,12,14,286,0
488,52,12,15,285,-9,12,24,276,-9
488,53,12,15,285,-9,12,24,276,-9
488,54,12,14,286,-7,12,21,279,-7
488,55,12,14,286,-7,12,21,279,-7
488,56,12,17,283,-6,12,23,277,-6
488,57,12,17,283,-6,12,23,277,-6
488,58,12,18,282,1,12,17,283,1
488,59,12,18,282,1,12,17,283,1
488,60,12,16,284,2,12,14,286,2
488,61,12,16,284,2,12,14,286,2
488,62,12,15,285,3,12,12,288,3
488,63,12,15,285,3,12,12,288,3
488,64,12,16,284,10,12,6,294,10
488,65,12,16,284,10,12,6,294,10
488,66,12,16,284,-8,12,24,276,-8
488,67,12,16,284,-8,12,24,276,-8
488,68,12,19,281,0,12,19,281,0
488,69,12,19,281,0,12,19,281,0
488,70,12,21,279,-5,11,1,274,-5
488,71,12,21,279,-5,11,1,274,-5
488,72,12,18,282,10,12,8,292,10
488,73,12,18,282,10,12,8,292,10
488,74,12,19,281,-9,11,3,272,-9
488,75,12,19,281,-9,11,3,272,-9
488,76,12,15,285,-8,12,23,277,-8
488,77,12,15,285,-8,12,23,277,-8
488,78,12,17,283,-9,11,1,274,-9
488,79,12,17,283,-9,11,1,274,-9
488,80,12,16,284,4,12,12,288,4
488,81,12,16,284,4,12,12,288,4
488,82,12,19,281,-6,11,0,275,-6
488,83,12,19,281,-6,11,0,275,-6
488,84,12,15,285,8,12,7,293,8
488,85,12,15,285,8,12,7,293,8
488,86,12,16,284,5,12,11,289,5
488,87,12,16,284,5,12,11,289,5
488,88,12,18,282,-7,11,0,275,-7
488,89,12,18,282,-7,11,0,275,-7
488,90,12,18,282,8,12,10,290,8
488,91,12,18,282,8,12,10,290,8
488,92,12,16,284,-6,12,22,278,-6
488,93,12,16,284,-6,12,22,278,-6
488,94,12,20,280,-2,12,22,278,-2
488,95,12,20,280,-2,12,22,278,-2
489,0,11,13,262,7,11,6,269,7
489,1,11,13,262,7,11,6,269,7
489,2,11,11,264,-1,11,12,263,-1
489,3,11,11,264,-1,11,12,263,-1
489,4,11,13,262,-10,11,23,252,-10
489,5,11,13,262,-10,11,23,252,-10
489,6,11,11,264,2,11,9,266,2
489,7,11,11,264,2,11,9,266,2
489,8,11,14,261,1,11,13,262,1
489,9,11,14,261,1,11,13,262,1
489,10,11,15,260,8,11,7,268,8
489,11,11,15,260,8,11,7,268,8
489,12,11,12,263,-8,11,20,255,-8
489,13,11,12,263,-8,11,20,255,-8
489,14,11,12,263,-5,11,17,258,-5
489,15,11,12,263,-5,11,17,258,-5
489,16,11,13,262,0,11,13,262,0
489,17,11,13,262,0,11,13,262,0
489,18,11,13,262,9,11,4,271,9
489,19,11,14,261,9,11,5,270,9
489,20,11,16,259,10,11,6,269,10
489,21,11,16,259,10,11,6,269,10
489,22,11,16,259,2,11,14,261,2
489,23,11,16,259,2,11,14,261,2
489,24,11,16,259,-10,10,1,249,-10
489,25,11,16,259,-10,10,1,249,-10
489,26,11,15,260,0,11,15,260,0
489,27,11,15,260,0,11,15,260,0
489,28,11,14,261,-3,11,17,258,-3
489,29,11,14,261,-3,11,17,258,-3
489,30,11,15,260,7,11,8,267,7
489,31,11,15,260,7,11,8,267,7
489,32,11,15,260,-1,11,16,259,-1
489,33,11,15,260,-1,11,16,259,-1
489,34,11,17,258,-6,11,23,252,-6
489,35,11,17,258,-6,11,23,252,-6
489,36,11,16,259,1,11,15,260,1
489,37,11,16,259,1,11,15,260,1
489,38,11,14,261,1,11,13,262,1
489,39,11,14,261,1,11,13,262,1
489,40,11,14,261,-7,11,21,254,-7
489,41,11,14,261,-7,11,21,254,-7
489,42,11,14,261,-3,11,17,258,-3
489,43,11,14,261,-3,11,17,258,-3
489,44,11,14,261,7,11,7,268,7
489,45,11,14,261,7,11,7,268,7
489,46,11,17,258,-8,10,0,250,-8
489,47,11,17,258,-8,10,0,250,-8
489,48,11,13,262,1,11,12,263,1
489,49,11,13,262,1,11,12,263,1
489,50,11,14,261,-3,11,17,258,-3
489,51,11,14,261,-3,11,17,258,-3
489,52,11,16,259,5,11,11,264,5
489,53,11,16,259,5,11,11,264,5
489,54,11,14,261,0,11,14,261,0
489,55,11,14,261,0,11,14,261,0
489,56,11,17,258,-5,11,22,253,-5
489,57,11,17,258,-5,11,22,253,-5
489,58,11,17,258,-1,11,18,257,-1
489,59,11,17,258,-1,11,18,257,-1
489,60,11,16,259,-10,10,1,249,-10
489,61,11,16,259,-10,10,1,249,-10
489,62,11,16,259,-2,11,18,257,-2
489,63,11,16,259,-2,11,18,257,-2
489,64,11,16,259,-5,11,21,254,-5
489,65,11,16,259,-5,11,21,254,-5
489,66,11,17,258,5,11,12,263,5
489,67,11,17,258,5,11,12,263,5
489,68,11,16,259,10,11,6,269,10
489,69,11,16,259,10,11,6,269,10
489,70,11,17,258,-7,11,24,251,-7
489,71,11,16,259,-7,11,23,252,-7
489,72,11,15,260,-1,11,16,259,-1
489,73,11,15,260,-1,11,16,259,-1
489,74,11,14,261,10,11,4,271,10
489,75,11,14,261,10,11,4,271,10
489,76,11,16,259,9,11,7,268,9
489,77,11,16,259,9,11,7,268,9
489,78,11,14,261,-1,11,15,260,-1
489,79,11,14,261,-1,11,15,260,-1
489,80,11,15,260,10,11,5,270,10
489,81,11,15,260,10,11,5,270,10
489,82,11,17,258,2,11,15,260,2
489,83,11,17,258,2,11,15,260,2
489,84,11,14,261,-5,11,19,256,-5
489,85,11,14,261,-5,11,19,256,-5
489,86,11,17,258,-8,10,0,250,-8
489,87,11,17,258,-8,10,0,250,-8
489,88,11,15,260,-5,11,20,255,-5
489,89,11,14,261,-5,11,19,256,-5
489,90,11,17,258,-6,11,23,252,-6
489,91,11,17,258,-6,11,23,252,-6
489,92,11,14,261,-4,11,18,257,-4
489,93,11,14,261,-4,11,18,257,-4
489,94,11,20,255,2,11,18,257,2
489,95,11,20,255,2,11,18,257,2
